0	20	NA 	 NA 	0	0	0	0
0	51	61.0	0.839424852626	1	22	150	44
0	134	61.0	0.720719957164	1	19	187	11
0	63	61.0	0.448954290951	1	29	145	84
0	86	61.0	0.814656434879	1	24	122	21
0	200	61.0	0.856930732716	1	17	143	25
0	121	61.0	0.754774676205	1	28	173	52
0	32	61.0	0.467095578428	1	49	158	172
0	156	61.0	1.05086157575	1	5	104	2
0	164	61.0	0.998104256899	1	21	125	43
0	188	61.0	0.8933565226	1	13	136	41
0	58	61.0	0.91716773958	1	18	157	8
0	154	61.0	0.860868141462	1	17	152	41
0	135	61.0	0.447749860423	1	54	114	197
0	92	61.0	1.05690423646	1	9	137	1
0	2	61.0	0.774468957321	1	30	220	61
0	165	61.0	1.03145434242	1	12	105	5
0	196	61.0	0.940700689119	1	7	152	4
0	47	61.0	0.796045334739	1	23	150	69
0	69	61.0	0.41084057999	1	68	127	204
0	168	61.0	0.735688361243	1	21	181	52
0	186	61.0	0.857468430239	1	21	155	48
0	198	61.0	1.01463873878	1	7	124	9
0	45	61.0	0.95885049603	1	7	123	4
0	52	61.0	0.812205704012	1	22	175	33
0	46	61.0	0.445388884027	1	30	99	150
0	38	61.0	0.483775246877	1	81	79	298
0	176	61.0	0.945309055079	1	20	146	51
0	189	61.0	0.758188983033	1	17	168	26
0	110	61.0	0.812267322425	1	16	183	31
0	106	61.0	0.706338177514	1	20	176	36
0	119	61.0	0.725956265737	1	19	186	22
0	30	61.0	0.766484181248	1	29	135	64
0	101	61.0	1.00330920807	1	13	122	50
0	84	61.0	0.72364749792	1	31	221	47
0	107	61.0	0.469092880582	1	67	172	247
0	89	61.0	0.482277929674	1	74	117	242
0	25	61.0	0.398210424298	1	66	163	189
0	187	61.0	0.879555014689	1	29	124	26
0	178	61.0	0.368359830514	1	76	187	223
0	190	61.0	0.935207321778	1	15	121	48
0	163	61.0	0.427347071329	1	65	128	225
0	97	61.0	0.800425008268	1	23	153	42
0	34	61.0	0.882879441233	1	17	149	54
0	172	61.0	1.02432217251	1	10	133	2
0	7	61.0	0.688771388317	1	25	198	34
0	49	61.0	0.342119224554	1	74	186	218
0	48	61.0	1.00158985465	1	8	142	2
0	132	61.0	0.82571476506	1	20	115	19
0	181	61.0	0.440516249865	1	57	119	251
0	150	61.0	0.465779429833	1	29	105	163
0	170	61.0	0.795326179564	1	24	181	43
0	175	61.0	0.796572394945	1	22	142	23
0	9	61.0	0.764410676553	1	16	168	28
0	11	61.0	0.714380413508	1	11	198	28
0	124	61.0	0.928324908732	1	14	128	27
0	141	61.0	0.448737387952	1	65	163	206
0	81	61.0	0.395066575973	1	76	106	252
0	36	61.0	0.986834535813	1	24	125	40
0	108	61.0	1.08727729748	1	7	128	1
0	177	61.0	0.431341560843	1	70	150	209
0	114	61.0	0.969281186046	1	20	112	21
0	113	61.0	0.291754749704	1	37	113	195
0	16	61.0	0.82291723123	1	37	105	66
0	129	61.0	0.349537363466	1	70	179	236
0	78	61.0	0.396067830864	1	74	132	204
0	15	61.0	1.09273784339	1	16	115	18
0	193	61.0	1.00260292202	1	7	141	4
0	35	61.0	1.01909629014	1	13	133	14
0	56	61.0	0.860905981847	1	22	154	38
0	94	61.0	0.474508032494	1	79	104	301
0	18	61.0	0.932778235715	1	8	176	11
0	98	61.0	0.4948398967	1	65	145	217
0	80	61.0	0.435532859428	1	64	138	206
0	160	61.0	0.905290074929	1	13	158	10
0	147	61.0	0.362054270191	1	32	114	84
0	26	61.0	0.908779161358	1	11	159	17
0	167	61.0	0.718978083484	1	38	163	44
0	96	61.0	0.771535854687	1	18	165	23
0	4	61.0	0.497627077276	1	60	149	190
0	50	61.0	0.471737775131	1	73	171	246
0	130	61.0	0.814527174394	1	18	134	33
0	118	61.0	0.465260150675	1	31	120	98
0	137	61.0	0.9153830074	1	20	139	47
0	87	61.0	0.43873540444	1	76	124	327
0	192	61.0	0.704149883996	1	25	202	30
0	182	61.0	0.96766514261	1	8	117	5
0	21	61.0	0.771911689248	1	31	229	58
0	57	61.0	0.409807743206	1	32	104	176
0	91	61.0	0.886306812228	1	21	142	53
0	1	61.0	0.448796332344	1	73	115	270
0	133	61.0	0.675525945635	1	16	210	26
0	149	61.0	0.829921305102	1	15	166	27
0	109	61.0	0.726534239377	1	32	165	51
0	100	61.0	0.427347057109	1	59	133	199
0	82	61.0	0.996814994095	1	9	123	6
0	93	61.0	0.957779669345	1	8	128	4
0	44	61.0	0.849814332331	1	15	149	34
0	13	61.0	0.383439986042	1	65	118	187
0	139	61.0	0.816636138548	1	26	170	43
0	41	61.0	0.797085985164	1	15	162	7
0	29	61.0	0.657992587569	1	31	175	34
0	102	61.0	0.769339088931	1	21	173	39
0	99	61.0	1.02913941344	1	8	116	2
0	95	61.0	0.755964309563	1	27	145	48
0	125	61.0	0.936713699807	1	26	117	54
0	157	61.0	0.988190289142	1	3	139	0
0	67	61.0	0.936644849532	1	16	88	11
0	143	61.0	0.848856074905	1	12	166	41
0	40	61.0	0.75502969177	1	21	181	40
0	28	61.0	1.00814945378	1	4	128	4
0	197	61.0	0.747599825629	1	19	184	47
0	117	61.0	0.960394361833	1	13	134	11
0	145	61.0	0.438308391535	1	73	153	218
0	23	61.0	0.917664987624	1	10	164	8
0	127	61.0	0.934622257411	1	5	162	4
0	70	61.0	0.673587827999	1	26	225	57
0	120	61.0	0.925312742338	1	18	139	47
0	162	61.0	0.767870830948	1	19	137	26
0	131	61.0	0.68206613316	1	22	186	48
0	123	61.0	0.424510568463	1	62	99	242
0	66	61.0	0.725366554367	1	34	194	51
0	8	61.0	0.899847223276	1	26	161	51
0	31	61.0	0.853312612415	1	30	147	70
0	199	61.0	0.786853093179	1	28	158	53
0	180	61.0	0.956770384919	1	7	122	20
0	53	61.0	0.791521197152	1	30	140	27
0	24	61.0	0.961200817633	1	19	140	41
0	161	61.0	1.03772098028	1	6	99	1
0	159	61.0	1.08305692793	1	6	91	3
0	111	61.0	0.829877973669	1	16	229	31
0	54	61.0	0.449654680001	1	62	242	225
0	166	61.0	0.978059002942	1	15	127	20
0	185	61.0	0.448737415741	1	58	158	148
0	43	61.0	0.799038383328	1	27	258	76
0	27	61.0	0.378012078042	1	77	88	246
0	142	61.0	0.983412955802	1	7	238	7
0	88	61.0	0.743202632118	1	21	155	26
0	126	61.0	0.783799700026	1	56	282	56
0	64	61.0	0.390982106419	1	40	287	107
0	71	61.0	0.820431142938	1	22	200	40
0	146	61.0	0.808938469027	1	13	182	21
0	179	61.0	0.737496442187	1	14	183	49
0	90	61.0	0.757836742681	1	37	254	68
0	60	61.0	0.858572379599	1	16	138	51
0	138	61.0	0.784987451602	1	24	185	44
0	201	61.0	70.5243208692	0	9	38	0
0	61	61.0	1.00975363594	1	66	164	67
0	68	61.0	0.364983802576	1	37	143	82
0	171	61.0	0.723572738752	1	29	253	35
0	116	61.0	0.810488264487	1	18	175	49
0	0	61.0	0.875618864506	1	52	298	34
0	62	61.0	0.350138086397	1	33	102	98
0	42	61.0	0.880199544622	1	25	165	60
0	59	61.0	0.319205911679	1	69	235	184
0	39	61.0	0.835727810893	1	55	169	65
0	77	61.0	0.339145652466	1	83	223	234
0	105	61.0	0.941677202228	1	4	290	2
0	174	61.0	0.730693401508	1	31	161	56
0	184	61.0	0.64476160044	1	70	327	95
0	73	61.0	0.720865786964	1	28	309	55
0	122	61.0	0.448848888124	1	106	181	284
0	173	61.0	0.695838738049	1	20	239	49
0	22	61.0	0.899993069597	1	22	211	28
0	194	61.0	0.834984651639	1	28	139	86
0	33	61.0	0.917052805235	1	8	191	2
0	128	61.0	0.41633488687	1	62	281	182
0	151	61.0	0.374745216536	1	115	234	283
0	153	61.0	0.448641896224	1	67	127	210
0	76	61.0	0.455975080136	1	121	224	371
0	183	61.0	0.684996833364	1	23	283	46
0	3	61.0	0.820997663754	1	29	194	61
0	5	61.0	0.937676606548	1	18	216	16
0	6	61.0	0.688536424532	1	75	239	124
0	10	61.0	0.42574496879	1	64	234	154
0	12	61.0	0.975400728544	1	49	226	61
0	14	61.0	0.775438877902	1	30	223	61
0	17	61.0	0.708736521033	1	40	306	54
0	19	61.0	0.943737198134	1	37	228	67
0	158	61.0	0.471790292623	1	99	241	314
0	169	61.0	1.01397613453	1	65	266	67
0	37	61.0	0.810839503792	1	21	208	34
0	55	61.0	0.787894309178	1	61	256	72
0	65	61.0	0.890463444103	1	18	114	56
0	72	61.0	0.43564691574	1	66	215	216
0	74	61.0	0.74022231128	1	24	278	40
0	75	61.0	0.484847574747	1	31	226	189
0	79	61.0	0.843722964054	1	31	159	27
0	83	61.0	0.958942651065	1	19	185	36
0	85	61.0	0.803486706095	1	16	243	17
0	103	61.0	1.02227356795	1	46	190	51
0	104	61.0	0.368359900755	1	119	275	321
0	112	61.0	0.765645325261	1	17	274	26
0	115	61.0	0.653410378427	1	53	151	154
0	136	61.0	0.860481356679	1	27	170	33
0	191	61.0	0.92381648542	1	35	260	68
0	140	61.0	0.72019416109	1	36	189	40
0	144	61.0	0.963453979528	1	50	258	60
0	148	61.0	0.802186552797	1	22	322	35
0	195	61.0	0.43873542527	1	115	246	388
0	152	61.0	1.00628514305	1	52	204	66
0	155	61.0	1.06517486697	1	53	211	107
1	82	NA 	 NA 	0	0	0	0
1	72	NA 	 NA 	0	0	0	0
1	18	NA 	 NA 	0	0	0	0
1	45	NA 	 NA 	0	0	0	0
1	69	NA 	 NA 	0	0	0	0
1	63	NA 	 NA 	0	0	0	0
1	62	NA 	 NA 	0	0	0	0
1	104	NA 	 NA 	0	0	0	0
1	37	38.0	1.00371104316	1	12	248	12
1	171	38.0	0.668679228561	1	22	262	26
1	193	38.0	1.37569593811	1	12	241	31
1	68	38.0	0.854322937036	1	38	265	63
1	87	38.0	1.00608885707	1	13	180	8
1	2	38.0	0.708022620899	1	20	269	25
1	145	38.0	0.733225390342	1	28	340	44
1	117	38.0	1.05129327959	1	67	247	159
1	88	38.0	1.23984469742	1	30	256	37
1	134	38.0	0.589003312152	1	18	302	12
1	122	38.0	1.12419981525	1	29	267	54
1	177	38.0	1.14729113621	1	52	276	105
1	125	38.0	0.877001517701	1	33	315	38
1	121	38.0	1.04610865572	1	49	227	60
1	16	38.0	1.10583846398	1	38	237	92
1	78	38.0	1.04719297279	1	65	194	118
1	56	38.0	1.26854944127	1	41	305	65
1	4	38.0	0.618327921619	1	13	265	10
1	85	38.0	1.23584553739	1	72	164	171
1	202	38.0	0.658835580757	1	25	293	33
1	92	38.0	0.715188987315	1	26	259	43
1	50	38.0	0.630605672313	1	30	233	26
1	39	38.0	0.859824882959	1	41	213	71
1	5	38.0	0.95212402754	1	48	287	56
1	144	38.0	0.715636171339	1	57	199	175
1	98	38.0	0.737422642436	1	44	311	35
1	3	38.0	0.751217436479	1	48	261	56
1	97	38.0	1.07853210216	1	49	320	90
1	199	38.0	1.08367836632	1	49	249	115
1	110	38.0	1.01453338356	1	48	251	76
1	12	38.0	0.881215963349	1	38	333	41
1	102	38.0	1.14832003807	1	47	295	113
1	167	38.0	1.09000487037	1	61	275	104
1	174	38.0	0.915279040888	1	42	294	57
1	107	38.0	1.31460965784	1	56	163	148
1	58	38.0	0.692779101254	1	91	201	269
1	79	38.0	1.11489883786	1	46	218	106
1	11	38.0	1.25472856987	1	37	296	83
1	128	38.0	1.17851467575	1	64	220	130
1	48	38.0	0.356495993598	1	86	252	120
1	185	38.0	0.924851047644	1	47	236	123
1	46	37.0	0.797568956327	1	65	229	248
1	111	38.0	1.01725662101	1	33	389	37
1	19	38.0	1.06752806729	1	55	260	132
1	1	38.0	0.494376689929	1	95	182	236
1	201	37.0	0.772811260922	1	104	197	303
1	133	38.0	1.17866935043	1	49	333	92
1	9	38.0	0.70527970668	1	20	311	19
1	186	38.0	1.22892459529	1	55	277	119
1	169	38.0	1.27605290495	1	10	247	2
1	40	38.0	0.726861467929	1	54	282	150
1	89	38.0	0.604827579522	1	30	244	19
1	42	38.0	0.719836613231	1	67	184	239
1	57	38.0	1.12965580054	1	36	367	77
1	190	38.0	1.11488871905	1	54	326	86
1	75	38.0	0.765990594452	1	66	208	249
1	91	38.0	0.997005064237	1	67	190	132
1	204	38.0	0.733719933621	1	29	303	29
1	200	38.0	0.90036297372	1	65	200	245
1	53	38.0	1.17373914831	1	55	221	144
1	149	38.0	1.12123565318	1	45	288	73
1	74	38.0	1.37203487191	1	23	240	23
1	156	38.0	1.1287215166	1	55	226	91
1	15	38.0	0.788313654695	1	16	231	8
1	35	38.0	0.687220212886	1	22	280	27
1	127	38.0	1.07197590521	1	39	252	98
1	61	38.0	1.28929392224	1	47	193	144
1	21	38.0	0.727057508531	1	42	295	46
1	165	38.0	1.10819181283	1	31	320	21
1	203	38.0	1.10593200162	1	34	293	51
1	183	38.0	0.728597368677	1	97	178	285
1	132	38.0	1.35319732572	1	55	141	137
1	60	38.0	0.868572480808	1	54	266	64
1	17	38.0	1.11409582021	1	44	225	118
1	51	38.0	0.93994923967	1	60	188	208
1	52	38.0	1.36868562418	1	12	304	21
1	77	38.0	0.902150866338	1	124	184	406
1	168	38.0	1.36265800233	1	23	342	32
1	81	38.0	1.28400266109	1	27	249	20
1	159	38.0	0.880914178487	1	53	201	178
1	6	38.0	0.752129944478	1	33	323	42
1	44	38.0	0.626107615429	1	26	270	21
1	71	38.0	1.0401520345	1	32	273	26
1	178	38.0	1.28946384636	1	45	180	139
1	152	38.0	0.894059708182	1	90	179	158
1	194	38.0	1.21781369382	1	45	325	71
1	33	38.0	1.23515421252	1	48	301	101
1	106	37.0	0.816133763381	1	51	205	166
1	175	37.0	0.787624590242	1	43	237	226
1	20	38.0	1.20243893509	1	50	241	153
1	179	38.0	0.718294221086	1	64	206	238
1	196	38.0	1.16474547669	1	44	194	139
1	43	38.0	0.979695095402	1	25	287	17
1	83	38.0	1.21981249759	1	42	289	44
1	113	38.0	1.36612926798	1	15	278	22
1	187	38.0	1.24117653839	1	51	289	112
1	189	38.0	1.35529335674	1	17	259	29
1	22	38.0	1.37749976568	1	10	228	3
1	155	38.0	0.999281067815	1	46	250	55
1	147	38.0	0.739441171251	1	25	277	31
1	142	37.0	0.372275675158	1	61	225	90
1	198	38.0	0.986817754217	1	56	201	193
1	115	38.0	0.882861199435	1	48	258	60
1	140	38.0	0.831549800063	1	62	181	222
1	76	38.0	1.24671942833	1	51	193	148
1	114	38.0	0.720038565625	1	85	196	140
1	163	38.0	1.06446937971	1	13	190	8
1	192	38.0	1.12146941575	1	52	241	137
1	0	38.0	1.21683178178	1	32	244	80
1	100	38.0	0.856074208225	1	52	181	160
1	38	38.0	0.805069594084	1	45	325	63
1	54	38.0	1.07758284329	1	61	366	119
1	184	38.0	0.776670832109	1	42	263	61
1	23	38.0	0.41431486683	1	61	234	121
1	160	38.0	0.726606265893	1	32	370	41
1	136	38.0	1.23594668716	1	60	177	156
1	96	38.0	0.922726563527	1	45	288	66
1	150	38.0	0.871599025771	1	61	235	78
1	130	38.0	0.755352707094	1	29	245	44
1	101	38.0	1.3229588695	1	13	234	6
1	109	38.0	1.34382603872	1	37	328	58
1	41	38.0	0.557683481875	1	65	248	189
1	8	38.0	1.35318598425	1	13	336	19
1	164	38.0	0.725034087573	1	77	182	241
1	99	38.0	0.80546066387	1	55	216	163
1	94	38.0	0.809224281146	1	47	225	205
1	70	38.0	0.772895860532	1	53	183	228
1	162	37.0	0.296409955406	1	58	303	80
1	34	38.0	0.741717880183	1	34	226	50
1	138	37.0	0.818136909449	1	57	200	161
1	119	38.0	0.715675498743	1	17	270	9
1	135	38.0	1.35242437452	1	12	289	24
1	205	38.0	1.24039527524	1	28	334	64
1	137	38.0	1.07632315158	1	43	195	88
1	188	38.0	1.13981973129	1	37	325	53
1	143	37.0	0.758747234822	1	81	172	226
1	59	36.0	0.435209599429	1	60	254	146
1	93	38.0	1.28948872844	1	37	221	96
1	158	38.0	0.720344757349	1	44	297	24
1	118	38.0	1.40423898449	1	6	282	3
1	153	38.0	1.28177235184	1	47	172	121
1	49	38.0	1.26701626187	1	40	180	122
1	24	38.0	1.22608466594	1	42	286	98
1	7	38.0	1.16899656505	1	40	298	79
1	10	38.0	0.908378937829	1	59	180	206
1	13	38.0	1.17941120836	1	40	294	81
1	14	38.0	0.489026279378	1	101	215	154
1	154	38.0	1.1792530251	1	52	337	97
1	25	38.0	0.728709060271	1	49	215	221
1	26	38.0	0.573431988435	1	30	351	22
1	157	38.0	0.710950509956	1	36	264	56
1	27	38.0	0.848838867651	1	25	334	18
1	28	38.0	1.19274739707	1	41	338	100
1	29	38.0	0.912142184429	1	123	170	376
1	30	38.0	0.957424268223	1	19	255	8
1	31	38.0	1.38545378505	1	27	267	28
1	32	38.0	0.551246069578	1	59	179	182
1	36	38.0	1.19343612998	1	31	345	64
1	161	38.0	1.23676914429	1	43	266	78
1	47	38.0	0.555053140837	1	31	329	22
1	166	37.0	0.813136539353	1	48	253	199
1	195	38.0	1.15732203886	1	40	305	59
1	55	38.0	0.602169454259	1	26	266	37
1	170	38.0	1.33704232649	1	15	293	33
1	197	37.0	0.808666212225	1	49	245	212
1	172	38.0	0.379101799853	1	84	254	86
1	173	38.0	1.20676958019	1	41	307	88
1	64	38.0	1.1612048423	1	34	197	80
1	65	38.0	1.18955707688	1	34	351	73
1	66	38.0	1.16900964026	1	34	244	33
1	67	38.0	0.555053121967	1	24	346	28
1	176	38.0	0.570654959476	1	19	314	7
1	180	38.0	0.808190132021	1	51	186	200
1	181	38.0	0.685625427636	1	29	250	46
1	182	38.0	1.22740870856	1	31	354	70
1	73	38.0	0.702935010525	1	18	275	50
1	80	38.0	0.753943066902	1	44	316	62
1	84	38.0	1.28527748359	1	29	241	25
1	86	38.0	0.569429837541	1	21	340	11
1	90	38.0	1.01699568479	1	75	190	122
1	95	38.0	1.12501083335	1	47	244	112
1	103	38.0	1.20735051665	1	21	296	20
1	105	38.0	1.21975255785	1	47	215	105
1	108	38.0	1.33984627354	1	33	260	88
1	112	38.0	0.911803228072	1	75	160	301
1	116	37.0	0.828960280755	1	46	229	208
1	120	38.0	0.642276022302	1	50	211	126
1	123	38.0	1.36624917127	1	25	329	42
1	124	38.0	0.942434907513	1	53	272	30
1	126	38.0	0.609480337622	1	31	269	30
1	129	38.0	0.6792800072	1	125	178	343
1	131	38.0	1.04646333885	1	12	178	2
1	151	38.0	1.09633465771	1	46	290	88
1	139	38.0	0.561271135072	1	9	283	1
1	141	38.0	0.785160554689	1	52	201	216
1	191	38.0	1.27750622406	1	42	275	84
1	146	38.0	0.663146620821	1	24	283	37
1	148	38.0	1.20373766785	1	47	227	101
2	113	NA 	 NA 	0	0	0	0
2	134	NA 	 NA 	0	0	0	0
2	69	NA 	 NA 	0	0	0	0
2	98	NA 	 NA 	0	0	0	0
2	80	NA 	 NA 	0	0	0	0
2	53	51.0	0.722769604943	1	31	165	41
2	43	51.0	0.867042591913	1	7	134	8
2	87	51.0	0.81031869117	1	33	249	30
2	33	51.0	0.828592794288	1	24	193	23
2	157	51.0	0.437234996098	1	41	158	222
2	82	51.0	0.642720965649	1	19	232	11
2	23	51.0	0.731922976479	1	31	219	33
2	68	51.0	0.886773564182	1	22	237	50
2	149	51.0	0.785334978799	1	15	221	3
2	123	51.0	0.315951457936	1	96	190	239
2	78	51.0	0.908777391327	1	26	185	40
2	37	51.0	1.09204755167	1	15	164	16
2	44	51.0	1.08171865657	1	15	186	17
2	13	51.0	1.25993674775	1	19	146	54
2	1	51.0	0.388415413724	1	42	152	189
2	22	51.0	1.05381511056	1	33	199	48
2	140	51.0	0.388760999366	1	41	123	169
2	116	51.0	0.967956392525	1	26	163	49
2	72	51.0	0.98904964147	1	11	176	4
2	42	51.0	0.467490879466	1	87	134	329
2	166	51.0	0.73424385188	1	34	168	64
2	165	51.0	0.750400832877	1	9	173	8
2	25	51.0	0.924229144767	1	11	170	7
2	121	51.0	0.375195431278	1	82	161	212
2	179	51.0	1.20811346965	1	22	146	22
2	19	51.0	0.915736042915	1	23	193	65
2	159	51.0	0.345472208012	1	39	174	153
2	187	50.0	0.373894860461	1	47	159	252
2	133	51.0	0.386063799347	1	64	205	150
2	76	49.0	0.31069810082	1	43	201	212
2	127	51.0	0.99039483096	1	25	159	58
2	77	51.0	0.367022459837	1	40	202	136
2	162	51.0	0.718454896407	1	16	227	7
2	36	51.0	1.08873863882	1	15	166	20
2	38	51.0	1.08668902327	1	26	175	79
2	31	51.0	0.988351561062	1	29	178	74
2	151	51.0	0.777255830032	1	17	185	16
2	45	51.0	0.957543539502	1	42	140	63
2	108	51.0	0.523900565699	1	37	158	178
2	146	51.0	0.493344503156	1	38	154	204
2	51	51.0	0.495222891145	1	39	118	162
2	144	50.0	0.480637627392	1	42	166	250
2	129	51.0	0.838709638064	1	36	255	42
2	85	51.0	0.481088411618	1	88	169	182
2	139	51.0	0.88823210694	1	25	220	37
2	102	51.0	1.05938961312	1	7	201	3
2	30	51.0	1.00440624464	1	19	187	61
2	101	51.0	1.0778801429	1	27	180	49
2	49	51.0	0.703168708462	1	25	202	15
2	6	50.0	0.52430009092	1	41	161	169
2	114	51.0	0.918582424906	1	39	175	76
2	142	51.0	0.376369241698	1	63	193	152
2	130	51.0	0.768474582161	1	22	156	46
2	111	51.0	0.394139686193	1	66	130	221
2	74	51.0	0.776835208035	1	29	159	31
2	104	51.0	0.491013666675	1	91	185	188
2	154	51.0	0.348226610621	1	44	155	150
2	192	51.0	0.404500517119	1	65	156	133
2	0	51.0	0.973174964822	1	4	109	3
2	10	51.0	0.92170519346	1	34	218	53
2	7	51.0	0.524158516463	1	36	197	205
2	119	51.0	0.514468199822	1	40	156	185
2	158	51.0	0.743986058575	1	24	276	32
2	8	51.0	0.884350768849	1	39	204	76
2	57	51.0	1.12189098697	1	5	151	5
2	29	51.0	0.809920272614	1	22	194	11
2	178	51.0	0.365027334792	1	41	221	182
2	190	51.0	0.515173548313	1	100	176	355
2	184	51.0	1.0670428444	1	10	192	19
2	11	51.0	0.973697741315	1	29	159	41
2	126	51.0	0.933256433102	1	36	226	68
2	3	51.0	1.0682927775	1	19	151	9
2	170	51.0	0.776810640263	1	34	205	27
2	191	51.0	0.455121990305	1	44	154	166
2	153	49.0	0.332060475661	1	43	132	234
2	81	51.0	0.949998362395	1	26	177	45
2	194	51.0	0.894426423995	1	25	215	55
2	91	51.0	0.871220138726	1	26	230	64
2	163	50.0	0.488819434425	1	41	195	190
2	106	50.0	0.342264025091	1	40	159	246
2	97	51.0	0.904873483339	1	38	218	49
2	84	51.0	0.745958384939	1	28	194	37
2	70	51.0	0.960524313498	1	22	201	26
2	86	51.0	0.741355309698	1	25	168	50
2	4	51.0	0.875464786156	1	37	231	81
2	156	51.0	0.472226366496	1	67	186	148
2	73	51.0	0.838590436958	1	47	201	67
2	131	51.0	0.481122170389	1	76	183	219
2	96	51.0	0.748478850559	1	27	158	63
2	32	51.0	0.37379583544	1	50	223	129
2	18	51.0	0.77404627252	1	37	182	32
2	41	51.0	0.739220381526	1	17	149	22
2	132	51.0	0.396147433751	1	40	160	238
2	161	51.0	0.900203942443	1	34	189	31
2	155	51.0	0.813620690193	1	25	209	28
2	171	51.0	0.986351332868	1	34	172	76
2	122	51.0	0.870717360765	1	35	216	55
2	202	51.0	0.906333476886	1	14	190	13
2	125	51.0	1.02671596438	1	16	186	16
2	50	51.0	1.04038090315	1	16	182	16
2	141	51.0	0.851157454287	1	33	241	44
2	174	51.0	1.05392011833	1	21	170	7
2	109	51.0	0.461162726105	1	43	182	142
2	67	51.0	1.19360958362	1	20	161	46
2	175	51.0	0.848740371603	1	20	167	17
2	46	51.0	0.986881044956	1	10	167	2
2	173	51.0	0.709586033306	1	30	170	39
2	188	50.0	0.371732173551	1	44	160	238
2	117	51.0	0.844925766369	1	23	217	20
2	17	51.0	0.999495455883	1	32	161	89
2	112	51.0	0.496259678239	1	42	196	205
2	89	51.0	1.09247992091	1	36	151	107
2	12	51.0	0.34913541383	1	42	171	164
2	152	51.0	0.968872100661	1	18	187	16
2	2	51.0	0.680618668916	1	31	202	24
2	195	51.0	0.363389658346	1	40	191	149
2	24	51.0	0.406880645102	1	45	137	189
2	48	51.0	0.359407470314	1	62	207	136
2	150	51.0	0.38189403209	1	80	155	209
2	136	50.0	0.319811477976	1	43	165	262
2	193	51.0	0.506240695477	1	109	165	389
2	128	51.0	0.928413891994	1	38	203	85
2	120	51.0	0.333522431993	1	39	128	188
2	181	51.0	0.48453616003	1	82	175	260
2	79	51.0	0.982265540477	1	42	190	58
2	90	51.0	0.743516191209	1	24	129	23
2	14	51.0	0.390220629954	1	93	140	351
2	21	51.0	0.847381155647	1	30	195	28
2	15	51.0	1.07432709428	1	30	182	47
2	27	51.0	0.53189921004	1	44	203	199
2	75	51.0	0.49027325503	1	39	167	214
2	88	51.0	0.852999547435	1	22	253	51
2	93	51.0	1.07036657814	1	28	169	103
2	168	51.0	0.795057976089	1	28	203	44
2	143	51.0	0.661017227328	1	14	234	11
2	59	51.0	0.876792595091	1	33	224	105
2	64	51.0	0.997405235628	1	23	166	22
2	176	51.0	0.865495930658	1	33	221	95
2	167	51.0	0.979925489269	1	22	206	27
2	115	51.0	0.47877434698	1	41	228	138
2	92	51.0	0.514460332363	1	46	169	170
2	16	51.0	0.736848967148	1	27	290	33
2	60	51.0	0.957139380578	1	11	185	6
2	39	51.0	1.1150759483	1	11	161	10
2	138	51.0	0.388066828453	1	67	196	138
2	65	51.0	0.900895399214	1	30	215	61
2	52	51.0	1.04657930365	1	11	85	1
2	124	51.0	0.916690871643	1	22	233	61
2	182	51.0	1.08566524282	1	34	169	87
2	63	51.0	0.751733963782	1	20	292	25
2	94	51.0	0.844198979436	1	25	168	37
2	20	51.0	0.905311484698	1	47	227	62
2	34	51.0	1.06347169727	1	25	199	45
2	105	51.0	0.492398720685	1	36	170	142
2	5	51.0	0.978903528841	1	22	217	30
2	198	51.0	0.950145937235	1	8	110	5
2	160	51.0	1.02322361321	1	15	209	36
2	9	51.0	0.719492949829	1	25	134	19
2	26	51.0	0.801982944098	1	29	189	39
2	28	51.0	0.769412663233	1	18	154	17
2	164	51.0	0.917518132174	1	32	192	66
2	35	51.0	0.882977233265	1	35	215	77
2	40	51.0	0.721037190369	1	16	192	10
2	47	50.0	0.512879845901	1	103	120	359
2	169	51.0	0.96314013411	1	24	217	41
2	54	51.0	0.365168561388	1	42	217	137
2	172	51.0	0.713888471209	1	16	184	17
2	55	51.0	0.90778900645	1	15	182	12
2	56	51.0	1.0116235897	1	18	123	10
2	58	51.0	1.02470571563	1	15	208	32
2	61	51.0	0.723906029743	1	30	164	35
2	62	51.0	1.06649138468	1	12	189	9
2	66	51.0	1.06817135631	1	5	185	7
2	71	51.0	0.387837939128	1	66	212	136
2	177	51.0	0.933871208096	1	32	219	66
2	196	51.0	0.794072494208	1	17	167	29
2	180	51.0	0.94244845546	1	20	192	60
2	199	51.0	0.351448185562	1	40	182	155
2	83	51.0	0.378197835065	1	42	183	187
2	183	51.0	0.726978618807	1	12	157	13
2	95	51.0	0.737383753554	1	75	153	178
2	99	51.0	1.03361078837	1	16	187	14
2	100	51.0	0.843311706217	1	11	122	10
2	103	51.0	0.928874357291	1	26	198	38
2	107	51.0	1.06676422981	1	17	165	29
2	110	51.0	0.933669730537	1	27	176	63
2	185	51.0	0.649439352182	1	24	198	12
2	200	51.0	0.723496509567	1	26	176	40
2	118	51.0	0.712488746387	1	28	181	39
2	186	51.0	1.05607247998	1	32	164	85
2	201	51.0	0.941574061496	1	24	210	52
2	135	51.0	1.13305395826	1	24	177	70
2	197	51.0	0.744077568681	1	19	162	15
2	137	51.0	0.758343107995	1	20	177	51
2	189	51.0	1.06147156796	1	21	160	41
2	145	51.0	0.920295427665	1	36	186	69
2	147	51.0	1.00045577975	1	27	205	65
2	148	51.0	1.15658534983	1	25	151	25
3	112	NA 	 NA 	0	0	0	0
3	102	61.0	0.915732857178	1	49	203	124
3	185	61.0	0.917293729192	1	54	192	187
3	100	61.0	1.09558008812	1	32	134	70
3	88	61.0	0.783404202502	1	21	158	48
3	108	61.0	0.961351727053	1	25	181	31
3	96	61.0	0.917282093753	1	40	224	125
3	80	61.0	0.74871763183	1	33	234	47
3	121	61.0	0.678820100483	1	33	215	28
3	13	61.0	0.309314058244	1	66	163	188
3	32	61.0	0.771819884053	1	33	226	59
3	81	61.0	0.730389893475	1	21	147	29
3	28	61.0	1.33126259697	1	43	106	148
3	184	61.0	0.960445145749	1	63	174	170
3	2	61.0	0.920702660762	1	43	165	173
3	155	61.0	0.474136231591	1	107	171	376
3	118	61.0	1.03765900285	1	29	220	11
3	6	61.0	0.755726585499	1	21	161	36
3	46	61.0	0.706541188458	1	23	190	11
3	89	61.0	1.18729140733	1	20	188	29
3	128	61.0	1.00490520629	1	14	214	13
3	135	61.0	0.94928189845	1	45	207	88
3	30	61.0	0.42297033203	1	38	124	190
3	167	61.0	0.956474638709	1	26	200	32
3	82	61.0	0.816505737991	1	15	123	6
3	183	61.0	1.0219553267	1	41	206	115
3	78	61.0	1.27446186502	1	54	122	131
3	21	61.0	1.21055566837	1	43	137	130
3	40	61.0	1.58860609665	1	45	85	149
3	109	61.0	1.13009176491	1	23	195	23
3	176	61.0	1.1311118105	1	25	230	28
3	79	61.0	1.01025506057	1	63	188	164
3	101	61.0	0.861995081502	1	24	200	33
3	99	61.0	0.895217929754	1	26	143	48
3	124	61.0	1.17458318682	1	26	168	103
3	3	61.0	0.543911443246	1	31	118	106
3	154	61.0	1.21682482372	1	37	167	135
3	7	61.0	0.838440028501	1	32	264	90
3	161	61.0	0.360382438668	1	87	165	336
3	49	61.0	0.735594305766	1	84	131	277
3	122	61.0	0.635370332506	1	12	228	22
3	24	61.0	0.363590530244	1	68	162	267
3	137	61.0	0.854137196134	1	27	256	48
3	72	61.0	0.739788620997	1	25	176	41
3	0	61.0	1.10821363715	1	39	229	115
3	1	61.0	0.996972344235	1	32	157	78
3	54	61.0	0.427132149989	1	83	175	266
3	29	61.0	1.2276122217	1	33	123	113
3	162	61.0	1.02874450834	1	46	190	145
3	92	61.0	0.724469655798	1	57	157	153
3	138	61.0	0.927629488046	1	32	196	42
3	60	61.0	0.708780756384	1	24	151	24
3	37	61.0	0.811290263457	1	42	220	90
3	198	61.0	0.858443850883	1	43	248	120
3	117	61.0	1.15194620774	1	38	146	120
3	173	61.0	1.19768079176	1	17	163	57
3	43	61.0	0.361670168055	1	76	169	323
3	191	61.0	1.14244181973	1	26	186	46
3	196	61.0	0.757253051403	1	26	168	16
3	145	61.0	0.461502374527	1	111	116	499
3	115	61.0	0.406206383261	1	40	100	137
3	169	61.0	0.862609077736	1	31	254	32
3	57	61.0	0.522429529452	1	59	165	131
3	105	61.0	0.36001276609	1	78	148	287
3	16	61.0	0.910619518085	1	38	203	84
3	73	61.0	0.391089406067	1	90	131	329
3	69	61.0	1.08173258822	1	30	135	39
3	18	61.0	1.07938733521	1	53	129	154
3	26	61.0	0.948034432357	1	24	170	23
3	42	61.0	0.832635258625	1	38	173	70
3	4	61.0	0.898196445711	1	39	187	96
3	136	61.0	0.51157560524	1	81	109	348
3	144	61.0	1.05267686419	1	22	163	28
3	66	61.0	0.80872184936	1	32	228	40
3	132	61.0	0.525132691368	1	125	122	572
3	5	61.0	0.410640043908	1	101	117	489
3	189	59.0	0.248713583577	1	42	174	205
3	141	61.0	1.19157562351	1	17	213	30
3	45	61.0	0.804730174374	1	19	152	49
3	56	61.0	0.488579139849	1	120	136	339
3	179	61.0	0.93126755262	1	44	220	85
3	157	61.0	0.343824550304	1	77	184	304
3	113	61.0	0.882193379963	1	16	226	17
3	93	61.0	0.381746902263	1	89	164	377
3	44	61.0	0.414937472249	1	102	149	393
3	11	61.0	1.15246703459	1	31	151	130
3	156	61.0	1.61610381329	1	34	96	144
3	36	61.0	0.437780836798	1	33	146	209
3	38	61.0	0.689233919034	1	36	201	35
3	160	61.0	0.480076131708	1	92	148	332
3	67	61.0	0.397236441141	1	45	129	178
3	148	61.0	1.19872949861	1	42	143	113
3	199	61.0	0.996189395965	1	69	166	144
3	14	61.0	0.828911564431	1	13	130	12
3	152	61.0	1.01238580539	1	21	190	59
3	172	61.0	0.317073440259	1	38	163	101
3	197	61.0	0.688625689393	1	41	215	44
3	178	61.0	0.958309330751	1	31	224	91
3	149	61.0	1.10502211956	1	52	158	173
3	134	61.0	0.539150965407	1	126	141	528
3	127	61.0	0.480076139642	1	35	167	117
3	120	59.0	0.397248198879	1	35	136	245
3	75	61.0	1.07118239094	1	32	259	51
3	103	61.0	0.376199500564	1	37	129	147
3	74	61.0	0.790639274162	1	38	244	106
3	20	61.0	0.847278525634	1	52	193	57
3	22	61.0	0.624707527264	1	22	210	34
3	90	61.0	0.789415835909	1	17	121	18
3	84	61.0	0.685850964718	1	47	244	113
3	119	61.0	0.525264586391	1	124	120	467
3	77	61.0	1.19104934516	1	32	131	89
3	106	61.0	0.528809478683	1	121	138	483
3	48	61.0	0.935140422802	1	33	143	58
3	76	61.0	1.08267613269	1	5	167	1
3	51	61.0	0.49931203825	1	71	173	253
3	139	61.0	1.18137641269	1	18	236	36
3	195	61.0	0.481737660738	1	109	112	404
3	126	61.0	0.670346284307	1	17	195	37
3	107	61.0	1.03845077042	1	35	201	126
3	15	61.0	1.16926477422	1	35	145	78
3	34	61.0	0.819613945312	1	31	210	86
3	8	61.0	0.812050443425	1	44	203	97
3	180	61.0	1.00473390899	1	28	195	76
3	63	61.0	1.3371641782	1	28	108	73
3	165	61.0	0.782326906011	1	43	196	71
3	174	61.0	1.16029005109	1	47	246	114
3	59	61.0	1.1082258013	1	48	268	117
3	71	61.0	0.536636497446	1	119	143	540
3	164	61.0	0.551430001854	1	25	169	138
3	53	61.0	1.13182622145	1	46	195	122
3	9	61.0	1.16428056995	1	50	213	110
3	70	61.0	1.00348049375	1	16	240	6
3	140	61.0	1.0051562144	1	56	228	133
3	86	61.0	0.55201161401	1	127	97	414
3	142	61.0	0.48007613292	1	36	133	122
3	150	61.0	0.550733506659	1	119	137	530
3	47	61.0	0.254343853559	1	78	214	217
3	50	61.0	0.253246676953	1	80	226	215
3	94	61.0	0.404626238294	1	104	154	436
3	19	61.0	1.03062379874	1	47	207	138
3	104	61.0	0.389575379181	1	100	192	380
3	147	61.0	0.945417000821	1	24	135	45
3	114	61.0	1.14841177128	1	37	222	85
3	151	61.0	0.938933814116	1	27	186	84
3	23	61.0	0.389575368132	1	92	193	361
3	25	61.0	0.352121959238	1	29	193	162
3	186	61.0	0.710977610815	1	47	220	73
3	17	61.0	0.345232052008	1	76	193	308
3	35	61.0	0.50278905217	1	126	115	427
3	58	61.0	1.18019510929	1	12	235	15
3	129	61.0	1.12212651669	1	37	234	72
3	159	61.0	0.701759780835	1	20	159	21
3	170	61.0	0.344681652434	1	37	176	188
3	175	61.0	1.19137367889	1	31	231	64
3	55	61.0	0.829619031226	1	49	223	126
3	27	61.0	0.471803079588	1	118	144	469
3	188	61.0	1.10822580184	1	48	284	140
3	31	61.0	0.961157505461	1	31	216	65
3	61	61.0	1.07839331629	1	47	165	154
3	52	61.0	1.03009088748	1	20	161	16
3	166	61.0	0.389575401315	1	93	176	349
3	116	61.0	0.393218272455	1	86	160	319
3	158	61.0	1.00329858762	1	29	189	58
3	41	61.0	0.966967142725	1	19	147	38
3	110	61.0	1.20744573453	1	64	105	202
3	130	61.0	0.264823075899	1	90	177	245
3	146	61.0	0.396769081215	1	48	132	241
3	64	61.0	0.607900628704	1	22	254	58
3	193	61.0	0.920650991006	1	12	103	4
3	133	61.0	1.02626946943	1	34	240	29
3	111	61.0	1.13677416792	1	42	199	54
3	177	61.0	1.11056380384	1	23	221	48
3	153	61.0	0.868550664663	1	45	230	83
3	10	61.0	1.22665961863	1	32	161	101
3	12	61.0	1.12433307655	1	42	233	128
3	192	61.0	0.286671687306	1	89	203	277
3	163	61.0	0.945177828013	1	43	206	108
3	33	61.0	0.966112145732	1	55	218	158
3	194	61.0	1.08763904104	1	50	269	117
3	39	61.0	0.920731410748	1	32	153	46
3	168	61.0	0.836414173871	1	38	201	56
3	171	61.0	0.677897444382	1	49	214	26
3	62	61.0	1.26074418795	1	30	173	27
3	65	61.0	0.864148364594	1	41	238	91
3	68	61.0	0.997060344979	1	47	170	135
3	83	61.0	1.07773232403	1	35	161	101
3	85	53.0	0.0922582773187	1	47	187	286
3	87	61.0	1.15285557285	1	49	195	122
3	91	61.0	0.662625467512	1	31	169	39
3	95	61.0	1.12850340603	1	35	230	42
3	97	61.0	1.04314016953	1	23	183	65
3	98	61.0	0.327336323235	1	81	198	235
3	181	61.0	1.21066713327	1	36	167	123
3	182	61.0	0.876741663386	1	45	196	163
3	123	61.0	1.16929139554	1	15	245	16
3	125	61.0	0.916902592566	1	48	182	121
3	131	61.0	1.01540733832	1	33	168	125
3	187	61.0	0.986300015524	1	14	142	23
3	143	61.0	1.20233814171	1	33	178	39
3	190	61.0	0.392013489661	1	87	149	257
4	134	NA 	 NA 	0	0	0	0
4	83	NA 	 NA 	0	0	0	0
4	38	NA 	 NA 	0	0	0	0
4	148	NA 	 NA 	0	0	0	0
4	84	NA 	 NA 	0	0	0	0
4	14	76.0	0.465128419148	1	3	39	6
4	169	70.0	0.561666269972	1	11	146	12
4	36	69.0	0.796879368284	1	12	109	18
4	33	69.0	0.605856595586	1	19	123	19
4	190	69.0	0.188416379813	1	86	80	426
4	85	69.0	0.202348409722	1	28	107	96
4	73	69.0	0.696444819801	1	18	120	53
4	19	69.0	0.887774805908	1	9	80	13
4	111	69.0	0.759969103956	1	11	158	13
4	127	69.0	0.486791422078	1	14	148	23
4	88	69.0	0.628739347816	1	17	109	28
4	48	69.0	0.117431163843	1	79	66	366
4	11	69.0	0.691625279782	1	35	142	53
4	121	69.0	0.899750176143	1	13	108	12
4	100	69.0	0.615107332582	1	16	105	49
4	118	69.0	0.195357538308	1	30	97	118
4	59	69.0	0.196993917951	1	74	92	318
4	189	69.0	0.999023414566	1	16	103	59
4	87	69.0	0.22262507183	1	27	112	112
4	95	69.0	0.129509284582	1	30	75	200
4	29	69.0	0.216527789699	1	76	77	278
4	31	69.0	0.126014778705	1	65	132	179
4	110	69.0	0.261833790927	1	61	116	275
4	188	69.0	0.766933992505	1	11	121	37
4	171	69.0	0.0720017809409	1	72	109	274
4	20	69.0	0.603196136251	1	12	147	14
4	159	69.0	0.798663016766	1	24	102	78
4	165	69.0	0.117431307729	1	28	89	173
4	57	69.0	0.622700813336	1	13	162	19
4	74	69.0	0.178832001459	1	91	75	397
4	80	69.0	0.650042559168	1	11	122	13
4	124	69.0	0.179034309479	1	67	115	272
4	91	69.0	1.00078022247	1	23	104	77
4	22	69.0	0.923319274013	1	10	90	6
4	96	69.0	0.577301160714	1	19	157	14
4	164	69.0	0.844889261402	1	11	105	19
4	179	69.0	0.552104460664	1	24	126	64
4	70	69.0	0.811941761536	1	16	121	18
4	18	69.0	0.204295492282	1	28	90	133
4	4	69.0	0.158378239946	1	28	100	195
4	193	69.0	0.724580164528	1	19	148	34
4	126	69.0	0.117294804279	1	63	131	165
4	61	69.0	0.91218733362	1	6	102	7
4	24	69.0	0.506918236808	1	13	156	10
4	65	69.0	0.812724016014	1	15	124	29
4	128	69.0	0.837546713565	1	17	85	44
4	15	69.0	0.16462887482	1	96	72	420
4	54	69.0	0.879804179993	1	14	63	35
4	192	69.0	0.549998697282	1	25	127	34
4	79	69.0	0.165081150096	1	28	126	75
4	132	69.0	0.48354596686	1	22	159	36
4	50	69.0	0.824176679014	1	15	112	11
4	77	69.0	0.615799790274	1	17	161	19
4	94	69.0	0.158345181584	1	79	67	354
4	27	69.0	0.204295560313	1	87	76	322
4	180	69.0	0.917112525329	1	18	97	33
4	46	69.0	0.527875652685	1	13	153	5
4	182	69.0	0.158378221751	1	72	77	331
4	156	69.0	0.126014757178	1	70	107	178
4	155	69.0	0.866460365748	1	14	148	24
4	6	69.0	0.164629043075	1	78	78	255
4	13	69.0	0.490627445165	1	26	151	48
4	78	69.0	0.738425490199	1	25	104	78
4	197	69.0	0.158312196401	1	30	81	166
4	45	69.0	0.109721305049	1	29	109	96
4	55	69.0	0.843753493059	1	12	118	28
4	17	69.0	0.63763269027	1	15	127	10
4	168	69.0	0.656032488774	1	22	96	39
4	105	69.0	0.145726263291	1	69	117	240
4	92	69.0	0.781072385115	1	36	101	59
4	82	69.0	0.534828646249	1	44	141	77
4	181	69.0	0.137730707188	1	29	91	129
4	42	69.0	0.490655770387	1	20	161	26
4	139	69.0	0.932911321859	1	12	99	3
4	56	69.0	0.941375193851	1	12	126	5
4	66	69.0	0.868914232045	1	19	101	27
4	12	69.0	0.196993842449	1	84	91	394
4	125	69.0	0.561585759664	1	25	133	49
4	174	69.0	0.934474859722	1	11	113	3
4	107	69.0	0.57938917878	1	15	115	19
4	99	69.0	0.145066023717	1	78	78	288
4	123	69.0	0.0981797947981	1	30	75	169
4	68	69.0	0.852347607601	1	16	142	19
4	58	69.0	0.737825039424	1	27	110	81
4	35	69.0	0.922161163068	1	20	111	60
4	166	69.0	0.166269044466	1	79	80	311
4	172	69.0	0.147469522282	1	77	131	320
4	199	69.0	0.697880728359	1	22	76	41
4	198	69.0	0.716448266798	1	17	136	24
4	185	69.0	0.534795624589	1	28	163	54
4	183	69.0	0.155903232563	1	28	98	127
4	2	69.0	0.0900000876877	1	29	156	100
4	160	69.0	0.879456138439	1	24	106	73
4	108	69.0	0.815281749208	1	29	102	85
4	86	69.0	0.165081209892	1	75	123	229
4	98	69.0	0.119066686659	1	69	131	254
4	53	69.0	0.477467034112	1	20	135	34
4	3	69.0	0.793469965433	1	7	122	5
4	113	69.0	0.15604723594	1	71	123	223
4	10	69.0	0.145237594364	1	76	88	216
4	8	69.0	0.667645868244	1	22	145	33
4	9	69.0	0.808043575126	1	17	133	21
4	161	69.0	0.0720018449945	1	65	136	255
4	191	69.0	0.65983346922	1	14	123	14
4	138	69.0	0.108020007862	1	81	73	279
4	136	69.0	0.510960951606	1	16	192	31
4	76	69.0	0.736929722904	1	28	124	49
4	26	69.0	1.03077650916	1	20	92	9
4	93	69.0	0.672097372893	1	18	104	33
4	41	69.0	0.851228107508	1	17	79	62
4	25	69.0	0.145726241773	1	42	124	132
4	102	69.0	0.84280664232	1	8	133	21
4	75	69.0	0.830589992867	1	19	81	46
4	133	69.0	0.89984632547	1	17	120	19
4	175	69.0	0.524888868114	1	15	189	31
4	112	69.0	0.678429415129	1	20	115	38
4	5	69.0	1.02368919578	1	16	88	23
4	101	69.0	0.766186060629	1	6	134	7
4	157	69.0	0.53219811478	1	17	182	26
4	130	69.0	0.62673613177	1	22	96	39
4	63	69.0	0.146626877592	1	83	110	338
4	106	69.0	0.982617368727	1	25	93	68
4	28	69.0	0.566350178116	1	12	126	11
4	201	69.0	0.866659895464	1	18	136	33
4	72	69.0	0.129509366728	1	29	69	196
4	152	69.0	0.804709942964	1	11	131	17
4	150	69.0	0.81702321412	1	20	124	31
4	200	69.0	0.752926172171	1	17	140	26
4	147	69.0	0.18593985877	1	56	125	132
4	0	69.0	0.797617107585	1	9	129	11
4	184	69.0	0.959406713995	1	17	141	17
4	194	69.0	0.203180909411	1	28	77	140
4	39	69.0	0.521466909181	1	28	176	45
4	51	69.0	0.903683576596	1	16	129	26
4	146	69.0	0.145204519248	1	66	93	212
4	32	69.0	0.669649688221	1	40	119	106
4	114	69.0	0.203181077166	1	73	113	290
4	176	69.0	0.533639040685	1	14	196	29
4	143	69.0	0.618434266699	1	28	135	73
4	69	69.0	0.525378886656	1	14	111	18
4	137	69.0	0.63333478846	1	13	171	16
4	34	69.0	0.795053465293	1	13	96	10
4	119	69.0	0.654310744887	1	19	142	51
4	30	69.0	0.850113676681	1	22	91	29
4	81	69.0	0.71232279518	1	13	121	27
4	90	69.0	0.147469569032	1	29	114	119
4	202	69.0	0.907582261178	1	11	98	48
4	1	69.0	0.653089062166	1	20	150	37
4	103	69.0	0.677264568631	1	21	122	54
4	122	69.0	0.64216924028	1	35	110	112
4	129	69.0	0.921944959404	1	3	97	3
4	154	69.0	0.988762714439	1	1	85	0
4	115	69.0	0.987578002651	1	13	111	45
4	167	69.0	0.902648621139	1	4	109	1
4	67	69.0	0.119066652644	1	58	152	241
4	177	69.0	0.606575904762	1	43	145	110
4	120	69.0	0.742600944774	1	17	105	55
4	62	69.0	0.980341233026	1	17	60	42
4	140	69.0	0.645121835511	1	29	135	97
4	7	69.0	0.779217460528	1	26	118	77
4	16	69.0	0.809169569007	1	13	139	36
4	145	69.0	0.485687955585	1	32	159	50
4	21	69.0	0.611499425258	1	17	119	41
4	23	69.0	0.611035568604	1	11	156	19
4	149	69.0	0.641573065321	1	33	129	86
4	151	69.0	0.735167678514	1	22	108	42
4	37	69.0	0.830601434449	1	12	135	12
4	153	69.0	0.598075487193	1	33	142	70
4	144	69.0	0.836013908258	1	13	118	18
4	40	69.0	0.806881945774	1	13	148	13
4	43	69.0	0.712408856004	1	14	155	57
4	44	69.0	0.203181056762	1	76	98	314
4	158	69.0	0.843246794247	1	17	107	18
4	47	69.0	0.884694134351	1	9	117	10
4	49	69.0	0.48165141172	1	22	153	45
4	162	69.0	0.619103291447	1	14	139	16
4	163	69.0	0.805010606011	1	4	106	1
4	52	69.0	0.144280773833	1	74	91	312
4	60	69.0	0.624945356476	1	23	186	27
4	170	69.0	0.119066635407	1	68	125	261
4	64	69.0	0.969623749664	1	13	82	34
4	195	69.0	0.645628167023	1	22	133	54
4	173	69.0	0.355506541058	1	67	78	225
4	196	69.0	0.0999125333997	1	70	117	235
4	71	69.0	0.573387294864	1	36	111	50
4	89	69.0	0.127015889596	1	70	64	281
4	97	69.0	0.755164735468	1	25	108	14
4	178	69.0	0.102046017344	1	71	123	260
4	104	69.0	0.711601217802	1	30	114	62
4	109	69.0	0.775797365025	1	27	98	76
4	116	69.0	0.165471883212	1	29	93	163
4	117	69.0	0.818509064782	1	13	155	24
4	186	69.0	0.806791571608	1	0	112	0
4	187	69.0	0.203181031117	1	78	119	325
4	131	69.0	0.825825554005	1	3	117	15
4	135	69.0	0.748185233159	1	17	96	11
4	141	69.0	0.585095656253	1	11	158	16
4	142	69.0	1.10074344744	1	23	81	84
5	135	NA 	 NA 	0	0	0	0
5	136	NA 	 NA 	0	0	0	0
5	142	NA 	 NA 	0	0	0	0
5	132	NA 	 NA 	0	0	0	0
5	37	NA 	 NA 	0	0	0	0
5	114	55.0	1.04094314254	1	45	196	89
5	122	55.0	1.19013125811	1	33	248	34
5	188	55.0	1.42762632472	1	46	288	70
5	196	55.0	0.662602811844	1	98	145	604
5	141	55.0	0.736893025122	1	162	139	840
5	97	55.0	0.858956548546	1	36	255	47
5	131	55.0	1.27110919357	1	62	242	89
5	201	55.0	1.12050994775	1	41	329	60
5	153	55.0	0.675554045489	1	146	156	611
5	29	55.0	1.12806575773	1	26	172	44
5	184	55.0	1.29652014075	1	37	308	55
5	13	55.0	1.60249733983	1	31	164	101
5	87	55.0	0.809232761233	1	158	174	768
5	203	55.0	0.64805747677	1	87	202	370
5	48	55.0	0.826065876596	1	130	182	642
5	100	51.0	0.166811206124	1	134	159	670
5	186	55.0	1.6183293689	1	46	173	168
5	67	55.0	1.54349870589	1	38	205	112
5	155	55.0	1.47304270656	1	13	343	19
5	93	55.0	0.736269860055	1	59	154	175
5	126	55.0	0.803017065575	1	36	124	241
5	36	55.0	1.24781949987	1	52	269	99
5	42	55.0	1.15002440054	1	66	274	100
5	82	55.0	1.37308169608	1	41	169	136
5	140	55.0	0.991537197653	1	69	231	134
5	171	55.0	0.718654872534	1	130	126	584
5	101	55.0	1.37359142995	1	59	214	143
5	157	55.0	1.23731160656	1	18	214	15
5	65	55.0	1.33115806635	1	28	248	73
5	18	55.0	1.24874395238	1	35	206	30
5	85	55.0	1.37012261994	1	54	204	146
5	158	55.0	0.781916958188	1	40	153	242
5	167	55.0	1.52917764039	1	31	160	114
5	11	55.0	0.566134146721	1	76	251	233
5	4	55.0	0.673196847884	1	149	143	554
5	185	55.0	1.31949218523	1	22	330	36
5	12	55.0	1.36015118881	1	7	316	2
5	163	55.0	0.823652148919	1	139	156	635
5	45	55.0	0.349966269701	1	149	147	823
5	68	55.0	0.720304681999	1	109	139	494
5	200	55.0	0.567247496635	1	82	253	274
5	110	55.0	0.852462807552	1	30	312	37
5	2	55.0	0.991327939143	1	37	205	81
5	38	55.0	1.37415612192	1	45	220	36
5	43	55.0	1.0897072897	1	14	229	6
5	96	55.0	1.2317933756	1	65	196	130
5	138	55.0	1.33327109476	1	65	215	197
5	94	55.0	0.81585715675	1	140	145	666
5	75	55.0	1.2041173793	1	45	233	117
5	152	55.0	1.04852352762	1	58	289	96
5	181	55.0	1.04406948988	1	62	330	109
5	113	55.0	0.753842720341	1	126	164	719
5	53	55.0	0.543539194484	1	150	147	502
5	102	55.0	1.54182240621	1	79	161	250
5	159	55.0	1.01094711362	1	35	200	50
5	121	55.0	0.787163285928	1	152	128	584
5	106	55.0	0.645692998603	1	86	182	375
5	78	55.0	0.785241221252	1	161	117	837
5	81	55.0	0.981992502867	1	33	236	87
5	134	55.0	0.840119519208	1	160	177	687
5	161	55.0	0.8351631901	1	42	123	275
5	168	55.0	1.15535921917	1	61	184	142
5	80	55.0	1.24563511274	1	46	184	133
5	7	55.0	1.58861676617	1	36	186	105
5	20	55.0	1.27972122533	1	41	254	67
5	174	55.0	0.563919341162	1	73	157	248
5	119	55.0	1.4947248486	1	13	257	3
5	123	55.0	0.740578446464	1	36	131	262
5	193	55.0	0.960615050063	1	34	211	59
5	172	55.0	0.858908834639	1	36	248	50
5	111	55.0	1.36999433338	1	19	301	20
5	148	55.0	1.10444516302	1	28	279	39
5	79	55.0	0.805363956059	1	128	193	603
5	120	55.0	1.79157186218	1	62	139	261
5	41	55.0	1.34732644731	1	50	226	118
5	91	55.0	0.846546895163	1	20	324	21
5	66	55.0	1.31155363424	1	79	209	207
5	125	55.0	0.833045330515	1	41	308	42
5	178	55.0	1.26962929949	1	69	261	133
5	52	55.0	0.826140385711	1	20	296	32
5	44	55.0	0.800222983417	1	22	318	39
5	57	55.0	1.29250051556	1	47	225	128
5	118	55.0	1.28631024348	1	56	226	148
5	124	55.0	1.08603646557	1	39	230	95
5	180	55.0	1.40148192136	1	50	219	62
5	26	55.0	1.55129503162	1	41	192	124
5	143	55.0	0.823652182003	1	131	159	678
5	116	55.0	1.37648542533	1	46	171	84
5	59	55.0	1.36250628469	1	35	226	132
5	24	55.0	1.54876941794	1	34	169	117
5	170	55.0	0.567339742479	1	72	269	214
5	71	55.0	1.07124410447	1	51	200	118
5	56	55.0	1.06077009344	1	61	185	89
5	3	55.0	1.42366818788	1	47	176	57
5	103	55.0	0.752088326828	1	44	117	319
5	129	55.0	0.705329320321	1	30	163	171
5	84	55.0	0.728725613348	1	104	125	540
5	88	55.0	0.931726681335	1	21	247	9
5	149	55.0	0.645906472261	1	86	198	307
5	112	55.0	1.68324785533	1	53	153	245
5	109	55.0	1.65258060613	1	34	142	88
5	127	55.0	1.39579750515	1	46	235	91
5	95	55.0	1.22598416677	1	106	149	480
5	39	55.0	1.46639836617	1	66	208	214
5	130	55.0	1.16817009724	1	52	219	75
5	50	55.0	1.41284418245	1	36	138	117
5	187	55.0	0.629435250178	1	33	211	184
5	198	55.0	0.95812039711	1	39	282	79
5	145	55.0	0.955054428367	1	43	295	85
5	90	55.0	0.67302129232	1	140	142	502
5	8	55.0	0.816760463198	1	162	139	778
5	166	55.0	0.866267057518	1	45	246	47
5	35	55.0	1.39460762766	1	57	138	156
5	47	34.0	0.0801092910591	1	65	143	509
5	173	55.0	0.769499213141	1	130	137	519
5	98	55.0	0.68142405703	1	151	167	573
5	176	55.0	0.846067873065	1	18	305	21
5	191	55.0	1.47284008353	1	11	335	14
5	19	55.0	1.50057934845	1	37	281	66
5	190	55.0	1.572338077	1	48	134	199
5	49	55.0	1.24480837203	1	53	174	144
5	28	55.0	1.5916188538	1	43	178	169
5	202	55.0	1.80718616911	1	46	104	186
5	195	55.0	1.47053953878	1	9	362	12
5	54	55.0	1.33286272405	1	29	253	87
5	128	55.0	0.802970803445	1	50	183	177
5	137	55.0	0.699659227798	1	105	159	413
5	76	55.0	1.55356043826	1	29	176	98
5	86	55.0	0.584569527002	1	39	202	103
5	5	55.0	0.840702483728	1	34	278	60
5	17	55.0	1.49865091279	1	56	182	151
5	69	55.0	1.10158869544	1	59	203	91
5	73	55.0	1.10897202553	1	41	180	59
5	139	55.0	1.31224650627	1	27	255	27
5	146	55.0	0.944684597697	1	44	200	25
5	144	55.0	1.64400044122	1	31	150	114
5	192	55.0	0.825807609203	1	160	121	794
5	156	55.0	0.736467796661	1	34	248	23
5	169	55.0	0.735938372904	1	101	125	407
5	10	55.0	1.21668744929	1	18	229	19
5	179	55.0	0.764830740479	1	135	166	682
5	162	55.0	1.09978090289	1	58	306	92
5	105	55.0	0.738674103119	1	119	166	659
5	147	55.0	0.763347467351	1	143	155	638
5	151	55.0	1.32110666752	1	42	290	46
5	34	55.0	1.48919759703	1	12	315	15
5	74	55.0	1.07686355325	1	46	295	51
5	22	55.0	1.28945720127	1	50	238	77
5	177	55.0	0.801530027443	1	115	162	677
5	164	55.0	1.45184513242	1	18	318	15
5	175	55.0	1.5473714536	1	42	223	73
5	21	55.0	1.05985470558	1	67	309	76
5	6	55.0	1.41985976603	1	35	256	38
5	64	55.0	1.14675040558	1	27	210	18
5	15	55.0	0.738674130916	1	128	143	670
5	55	55.0	1.17538336726	1	24	139	24
5	23	55.0	0.738894263529	1	98	144	458
5	46	55.0	1.16536502738	1	47	336	63
5	61	55.0	0.803287481802	1	129	203	601
5	89	55.0	1.43431136479	1	27	133	46
5	14	55.0	1.63595162596	1	38	205	132
5	0	55.0	1.37012259107	1	43	271	55
5	1	55.0	0.554255495104	1	109	167	300
5	9	55.0	1.159742053	1	51	296	85
5	16	55.0	1.13506270003	1	51	303	80
5	160	55.0	0.823983203031	1	20	248	46
5	25	55.0	1.20292794576	1	57	220	145
5	27	55.0	1.40430804188	1	34	314	42
5	30	55.0	0.588695695975	1	74	222	212
5	165	55.0	0.738674107258	1	34	171	223
5	31	55.0	0.568100614061	1	155	160	456
5	32	55.0	1.47644051163	1	50	212	76
5	33	55.0	1.3735092154	1	35	217	125
5	40	55.0	0.754929784412	1	40	246	40
5	51	55.0	1.43792068995	1	38	266	64
5	58	55.0	1.37035476949	1	42	170	105
5	60	55.0	1.55992142636	1	44	172	152
5	62	55.0	0.994747477315	1	18	223	16
5	63	55.0	0.929551251056	1	33	168	21
5	197	55.0	1.5209528974	1	29	213	42
5	70	55.0	1.46935598105	1	20	306	27
5	72	55.0	1.19411417573	1	37	196	87
5	77	55.0	1.32514687426	1	55	206	151
5	199	55.0	1.28957588389	1	58	261	171
5	182	55.0	0.893156492744	1	40	229	26
5	183	55.0	1.16694040114	1	71	251	140
5	83	55.0	1.40234626886	1	41	312	72
5	92	55.0	1.4975585795	1	56	124	153
5	99	55.0	0.69649561818	1	65	161	341
5	104	55.0	1.12463309465	1	29	266	54
5	107	55.0	0.729118745083	1	114	151	515
5	108	55.0	0.646723759044	1	85	194	342
5	115	55.0	1.2938157385	1	60	207	119
5	117	55.0	1.57351481855	1	26	169	107
5	189	55.0	1.24975840284	1	39	257	82
5	133	55.0	1.29298181358	1	12	278	5
5	150	55.0	1.40924692571	1	45	257	81
5	194	55.0	1.39075514092	1	50	224	114
5	154	55.0	1.38604516427	1	44	261	64
6	145	NA 	 NA 	0	0	0	0
6	122	NA 	 NA 	0	0	0	0
6	63	NA 	 NA 	0	0	0	0
6	131	NA 	 NA 	0	0	0	0
6	104	55.0	0.735427045257	1	25	216	21
6	59	55.0	0.811068092191	1	27	212	38
6	128	55.0	0.875785924557	1	21	291	24
6	186	55.0	0.83864068008	1	99	287	315
6	57	55.0	1.18810232937	1	50	194	131
6	77	55.0	0.948879323528	1	25	250	38
6	127	55.0	0.374837121216	1	62	262	156
6	107	55.0	0.961554940047	1	10	292	9
6	45	55.0	1.14993375945	1	1	131	1
6	47	55.0	1.02292652313	1	8	128	3
6	16	55.0	0.852402695774	1	30	246	15
6	185	55.0	0.705440482365	1	19	181	14
6	191	55.0	0.791126403839	1	15	196	16
6	187	55.0	0.980260887842	1	89	274	320
6	82	55.0	0.748069301626	1	24	191	28
6	200	55.0	0.872739449973	1	16	158	7
6	41	55.0	0.986727454219	1	6	284	1
6	113	55.0	0.382099633161	1	37	270	120
6	30	55.0	1.03533399199	1	68	268	259
6	1	55.0	0.727280980514	1	14	215	12
6	117	55.0	1.14053333785	1	29	326	58
6	35	55.0	0.854299098657	1	22	264	29
6	158	55.0	0.759167925182	1	117	346	418
6	182	55.0	0.710802489204	1	30	286	35
6	28	55.0	0.996521539412	1	6	162	1
6	174	55.0	0.417579562356	1	67	124	177
6	177	55.0	0.476357356835	1	83	246	251
6	137	55.0	0.460300021343	1	96	233	223
6	52	55.0	0.838693550569	1	89	333	339
6	166	55.0	0.98050781911	1	21	256	16
6	0	55.0	0.354717135542	1	40	244	217
6	81	55.0	0.754041410613	1	34	225	35
6	84	55.0	0.995440821687	1	13	253	11
6	94	55.0	0.73659634913	1	14	202	11
6	24	55.0	0.438378696173	1	35	232	173
6	11	55.0	0.389112880298	1	65	160	194
6	8	55.0	0.466487106098	1	52	248	263
6	142	55.0	0.374383492202	1	38	247	185
6	139	55.0	0.953576682443	1	17	238	37
6	7	55.0	0.730265339544	1	80	348	304
6	197	55.0	0.799976741315	1	12	211	10
6	115	55.0	0.780510715588	1	21	192	9
6	26	55.0	0.752757663603	1	15	251	15
6	66	55.0	1.02848954278	1	24	268	44
6	130	55.0	0.98057298892	1	58	239	203
6	203	55.0	8.82391307309	0	16	26	0
6	56	54.0	0.417774502708	1	39	316	209
6	96	55.0	0.483274432295	1	35	233	181
6	134	55.0	0.927930858324	1	24	261	42
6	143	55.0	0.985883228063	1	12	195	9
6	165	55.0	0.870558092311	1	29	179	18
6	87	55.0	0.923627288321	1	75	255	163
6	154	55.0	0.453469724692	1	50	277	149
6	27	55.0	1.06114900474	1	23	321	15
6	67	55.0	0.756189558838	1	21	256	30
6	103	55.0	0.873531484046	1	30	280	33
6	118	54.0	0.401233353634	1	43	271	234
6	17	55.0	0.488439964076	1	181	240	448
6	111	55.0	0.669336024272	1	65	190	148
6	144	55.0	0.785529593563	1	18	318	23
6	161	55.0	1.13901575172	1	77	208	239
6	91	55.0	0.40625466556	1	33	280	111
6	92	55.0	0.463976650249	1	87	213	200
6	55	55.0	0.832451236316	1	58	223	108
6	15	55.0	0.955239969839	1	88	291	343
6	5	55.0	0.876335477609	1	104	356	153
6	76	55.0	0.765525428519	1	115	378	398
6	32	55.0	0.482844809231	1	37	330	134
6	201	55.0	0.45976031749	1	38	191	134
6	120	55.0	0.85149609955	1	94	215	321
6	43	55.0	0.481473972951	1	51	285	210
6	192	55.0	0.406096479945	1	43	193	125
6	72	55.0	0.71117594068	1	15	191	7
6	98	55.0	1.04314250593	1	12	329	11
6	10	55.0	0.416986381446	1	89	230	316
6	89	55.0	0.440730291977	1	46	273	230
6	86	55.0	0.416772151909	1	73	255	183
6	88	55.0	0.722879318267	1	9	199	15
6	68	55.0	0.420488132458	1	128	220	360
6	25	55.0	0.736152921247	1	24	173	20
6	37	55.0	0.778089371655	1	20	251	20
6	110	55.0	0.426171618697	1	39	280	223
6	202	55.0	0.874781664727	1	22	320	24
6	19	55.0	0.858694768918	1	26	270	36
6	106	55.0	0.417583521859	1	77	272	191
6	184	55.0	0.720798813858	1	86	344	317
6	9	55.0	0.885829926033	1	34	338	40
6	149	55.0	0.872414345036	1	46	228	144
6	121	55.0	0.739870604056	1	17	154	9
6	133	55.0	0.99932162576	1	79	249	277
6	102	55.0	0.501164720152	1	181	221	503
6	29	55.0	0.926411927492	1	28	370	39
6	157	55.0	0.445813936737	1	54	275	263
6	80	55.0	0.786027133236	1	29	320	33
6	44	55.0	0.739521052544	1	13	168	6
6	70	55.0	0.48873370341	1	34	285	161
6	125	55.0	0.415008103915	1	38	194	123
6	148	55.0	0.983318174982	1	25	275	59
6	18	55.0	0.817833017481	1	86	278	303
6	54	55.0	0.729294126902	1	19	171	16
6	40	55.0	0.840130593847	1	16	199	19
6	151	55.0	0.984182615061	1	117	248	364
6	75	55.0	0.722417336991	1	24	193	12
6	71	55.0	1.04901858798	1	20	329	38
6	61	55.0	0.888611431631	1	9	156	3
6	167	55.0	0.852235129649	1	26	208	25
6	129	55.0	0.798480879202	1	89	340	318
6	64	55.0	0.67067119275	1	15	185	8
6	141	55.0	1.09931837725	1	21	250	21
6	79	55.0	0.485577298944	1	49	252	203
6	22	55.0	0.4316925045	1	39	254	226
6	198	55.0	0.492745045861	1	43	261	144
6	183	55.0	1.03738900347	1	83	293	152
6	99	55.0	0.415008121728	1	68	179	180
6	42	55.0	0.928257824047	1	20	164	22
6	3	55.0	0.722348781526	1	18	203	7
6	175	55.0	0.340708126416	1	84	259	278
6	38	55.0	1.0335050752	1	21	342	38
6	138	55.0	1.14028050495	1	26	294	43
6	153	55.0	0.897643381696	1	15	186	18
6	34	55.0	1.00616887981	1	21	290	33
6	39	55.0	0.865267942661	1	109	332	216
6	124	55.0	0.843278862445	1	20	163	21
6	50	55.0	0.691233112736	1	20	287	15
6	156	55.0	0.718590363226	1	107	283	318
6	23	55.0	1.05792987428	1	14	302	14
6	62	55.0	0.434576385041	1	63	195	173
6	93	55.0	0.884070596986	1	14	202	28
6	164	55.0	0.455307046721	1	39	335	118
6	160	55.0	0.731585345834	1	14	170	9
6	190	55.0	0.898640654403	1	6	139	2
6	58	55.0	0.776818351929	1	20	207	28
6	90	55.0	1.08551049031	1	55	233	137
6	147	55.0	0.492651385006	1	162	222	460
6	168	55.0	0.909102457004	1	12	239	15
6	60	55.0	0.849646409371	1	63	251	203
6	169	55.0	0.687212662174	1	23	213	11
6	163	55.0	1.03304143105	1	10	185	6
6	126	55.0	0.704855854052	1	23	229	22
6	189	55.0	0.739725086418	1	22	248	25
6	178	55.0	0.392457243793	1	35	258	186
6	4	55.0	0.805469766112	1	22	307	35
6	51	55.0	0.3889970053	1	61	142	140
6	69	55.0	0.399788230531	1	49	309	241
6	65	55.0	0.693763707703	1	124	322	351
6	180	55.0	0.84971638682	1	37	362	26
6	53	55.0	0.809372684294	1	17	157	13
6	140	55.0	0.470600641214	1	69	241	255
6	31	55.0	1.04373975013	1	109	217	305
6	199	55.0	0.408904746212	1	54	294	218
6	100	55.0	1.07484763289	1	17	257	16
6	159	55.0	1.08939983861	1	70	260	168
6	119	55.0	0.843662881899	1	27	257	33
6	196	55.0	0.976931056003	1	83	245	253
6	188	55.0	0.393525653903	1	82	251	352
6	132	54.0	0.331443532887	1	36	321	224
6	20	55.0	0.756416867542	1	31	275	31
6	150	55.0	0.784296678393	1	96	298	371
6	49	55.0	0.473222064303	1	35	295	127
6	136	55.0	0.695036421273	1	19	263	35
6	155	55.0	0.823501278284	1	19	253	24
6	172	55.0	0.745827998773	1	16	202	12
6	36	55.0	0.898014124968	1	5	142	1
6	114	55.0	0.848563872792	1	37	337	66
6	2	55.0	1.05536177365	1	23	326	35
6	6	55.0	1.04643520831	1	81	217	333
6	12	55.0	0.749670980793	1	11	252	13
6	13	55.0	0.944154002404	1	37	226	131
6	14	55.0	0.960368285111	1	93	264	287
6	170	55.0	0.774171132569	1	104	346	362
6	171	55.0	0.843697487115	1	75	240	221
6	21	55.0	0.889530546566	1	72	257	270
6	173	55.0	1.02789607994	1	22	359	31
6	33	55.0	1.01834129358	1	102	233	373
6	46	55.0	0.785388597266	1	37	299	143
6	48	55.0	0.873873833812	1	29	363	34
6	176	55.0	0.830565953666	1	20	147	27
6	179	55.0	1.10122253604	1	46	253	110
6	181	55.0	1.10387052225	1	21	271	23
6	73	55.0	0.914270092848	1	64	271	229
6	74	55.0	0.449344458538	1	33	241	106
6	78	55.0	0.850633793366	1	17	171	22
6	83	55.0	1.02636951279	1	106	243	383
6	85	55.0	1.03940961372	1	33	265	50
6	95	55.0	1.10006913863	1	20	292	24
6	97	55.0	0.910549577677	1	75	235	192
6	101	55.0	0.971628522842	1	18	198	13
6	105	55.0	0.424778732657	1	34	325	173
6	108	55.0	0.727080094328	1	20	146	13
6	109	55.0	0.38450855989	1	35	239	230
6	112	55.0	0.879824384721	1	18	189	13
6	116	55.0	0.717770526972	1	14	184	11
6	123	55.0	0.370843130658	1	66	196	227
6	135	55.0	0.470711929691	1	62	291	199
6	193	55.0	0.838939171461	1	76	251	274
6	146	54.0	0.346861297567	1	38	331	127
6	152	55.0	0.881967066374	1	26	309	44
6	194	54.0	0.431794893348	1	187	246	500
6	195	55.0	1.10223655784	1	19	303	27
6	162	55.0	1.08226937745	1	71	221	226
7	26	NA 	 NA 	0	0	0	0
7	24	NA 	 NA 	0	0	0	0
7	187	NA 	 NA 	0	0	0	0
7	108	44.0	2.04445186545	1	35	172	141
7	125	44.0	1.50419157159	1	59	323	139
7	22	44.0	1.53623926023	1	58	322	142
7	118	44.0	1.89395759905	1	45	174	130
7	53	44.0	1.64526015615	1	20	286	16
7	25	44.0	0.736834058922	1	96	264	220
7	41	44.0	0.976681534653	1	27	295	31
7	102	44.0	1.05925850616	1	76	147	278
7	74	44.0	0.860204748395	1	114	230	305
7	185	44.0	1.67620012213	1	41	302	45
7	106	44.0	1.92854708778	1	43	166	109
7	103	44.0	0.796930650068	1	33	381	56
7	130	44.0	1.40044229864	1	54	267	118
7	33	44.0	1.50843749634	1	52	201	122
7	88	44.0	1.18536278127	1	6	150	0
7	177	44.0	1.09260700335	1	36	267	20
7	69	44.0	1.13276876401	1	12	269	9
7	150	44.0	0.897318010627	1	45	271	64
7	126	44.0	1.22551625031	1	138	195	627
7	19	44.0	0.454646766812	1	88	344	204
7	172	44.0	1.83316127985	1	44	188	166
7	99	44.0	1.29946971737	1	48	192	180
7	180	44.0	1.5561063339	1	28	263	36
7	54	44.0	1.27245658038	1	54	292	113
7	10	23.0	0.173537797212	1	91	181	390
7	113	44.0	1.408408993	1	61	302	133
7	6	44.0	0.943391073911	1	35	292	62
7	105	44.0	1.3245089403	1	43	204	87
7	124	44.0	0.937357554213	1	49	176	115
7	175	44.0	0.860981019013	1	55	219	194
7	101	44.0	1.20097324974	1	119	152	549
7	129	44.0	0.888798508266	1	48	275	80
7	197	44.0	0.952911036716	1	52	338	97
7	89	44.0	0.519649818445	1	98	249	229
7	158	44.0	1.00903763154	1	112	281	399
7	119	44.0	1.08127041154	1	132	176	386
7	61	44.0	1.13989065337	1	53	241	255
7	52	44.0	1.29969814644	1	55	374	87
7	115	44.0	0.96073666198	1	31	228	82
7	1	44.0	0.939753871616	1	31	317	22
7	161	44.0	1.19310916133	1	49	181	210
7	45	44.0	1.57954126237	1	58	218	148
7	35	44.0	0.9696667199	1	62	137	252
7	75	44.0	1.4592747468	1	55	303	101
7	176	44.0	1.93553386229	1	37	195	106
7	120	44.0	0.902610507074	1	26	292	52
7	114	44.0	1.86933148155	1	33	165	89
7	195	44.0	1.94091044589	1	41	171	152
7	163	44.0	1.30526659521	1	52	265	79
7	4	44.0	1.1948174503	1	48	303	57
7	29	44.0	1.59879882001	1	53	276	167
7	79	44.0	1.06260507162	1	48	239	174
7	64	44.0	1.14861421559	1	45	259	210
7	84	44.0	0.740212613361	1	106	173	287
7	76	44.0	1.86594622462	1	47	177	156
7	171	44.0	1.79213523289	1	47	183	150
7	12	44.0	0.801332892916	1	51	186	121
7	191	44.0	1.77297537751	1	56	171	158
7	57	44.0	1.16658220012	1	147	188	653
7	173	44.0	1.14577440733	1	6	150	1
7	144	44.0	1.18075792757	1	155	165	666
7	111	44.0	1.12800454436	1	14	199	4
7	123	44.0	1.21662900458	1	27	262	18
7	100	44.0	0.512597000029	1	76	284	189
7	17	44.0	1.51745683531	1	60	319	151
7	156	44.0	0.828777940994	1	36	362	45
7	9	44.0	0.900588317603	1	25	283	24
7	3	44.0	0.511992903576	1	88	326	151
7	36	44.0	0.874470587052	1	22	333	32
7	112	44.0	1.0237715705	1	110	174	423
7	149	44.0	1.04844205652	1	115	223	470
7	196	44.0	1.88734913629	1	35	180	113
7	59	44.0	1.81399062164	1	52	189	131
7	40	44.0	1.70498148287	1	47	292	68
7	58	44.0	1.13485965254	1	161	192	660
7	56	44.0	1.64658305198	1	62	211	163
7	190	44.0	1.03107772012	1	107	196	354
7	85	44.0	1.15786982974	1	13	269	5
7	193	44.0	1.01171367487	1	22	314	35
7	86	44.0	0.862313681093	1	22	270	41
7	143	44.0	1.38590274194	1	56	207	116
7	186	44.0	1.68869646933	1	35	187	81
7	151	44.0	1.54532185647	1	41	234	99
7	16	44.0	1.02979237958	1	49	255	86
7	146	44.0	1.29124079402	1	37	273	85
7	13	44.0	0.911143445034	1	53	278	97
7	167	44.0	1.981199791	1	30	176	117
7	8	44.0	1.82707854591	1	45	195	130
7	192	44.0	0.951794628089	1	43	311	97
7	170	44.0	0.506974578893	1	87	329	209
7	70	44.0	1.19050596164	1	160	155	564
7	164	44.0	0.513739846282	1	84	351	149
7	60	44.0	1.00710788365	1	57	162	211
7	117	44.0	1.93262347264	1	51	175	149
7	68	44.0	0.605787774635	1	74	242	198
7	121	44.0	1.64884608259	1	45	207	139
7	46	44.0	1.06044904155	1	57	209	146
7	110	44.0	1.56335676967	1	41	275	63
7	82	44.0	1.59559063481	1	24	283	25
7	44	44.0	1.19748567032	1	40	195	191
7	11	44.0	0.946781887589	1	20	314	9
7	49	44.0	0.628449811415	1	67	247	116
7	169	44.0	0.775404957587	1	32	353	50
7	168	44.0	1.68022379295	1	68	224	181
7	107	44.0	1.10381024221	1	44	387	72
7	81	44.0	1.12059900034	1	14	158	8
7	34	44.0	0.492678373492	1	56	259	149
7	96	44.0	1.04683587655	1	117	206	343
7	153	44.0	1.04443964768	1	48	173	281
7	7	44.0	1.27499503318	1	42	307	52
7	97	44.0	1.52890568338	1	41	227	103
7	178	44.0	1.6104038156	1	29	273	44
7	133	44.0	1.0235148393	1	99	306	392
7	109	44.0	0.981354317383	1	62	146	336
7	127	44.0	0.790968848165	1	30	346	37
7	135	44.0	1.51921504327	1	58	300	86
7	128	44.0	1.17539027668	1	42	209	173
7	72	44.0	1.37232907801	1	52	296	116
7	199	44.0	1.63124674339	1	31	274	49
7	194	44.0	1.11299247946	1	45	189	235
7	2	44.0	1.49389929856	1	31	220	56
7	15	44.0	1.07578121746	1	74	196	119
7	71	44.0	0.978523271874	1	49	217	91
7	201	44.0	1.065566658	1	51	272	233
7	77	44.0	1.05799278785	1	47	263	218
7	27	44.0	1.96338251796	1	37	151	112
7	166	44.0	1.93647035172	1	33	178	115
7	139	44.0	1.4990002528	1	37	229	86
7	65	44.0	1.57765255487	1	53	272	104
7	80	44.0	1.57476930517	1	62	217	167
7	189	44.0	1.50963298958	1	21	297	13
7	31	44.0	0.924854509005	1	22	262	17
7	55	44.0	1.45910087421	1	64	339	136
7	90	44.0	1.50517629795	1	54	238	119
7	142	44.0	1.40352913755	1	37	242	30
7	98	44.0	1.08468173527	1	39	304	67
7	43	44.0	0.481772934647	1	104	312	190
7	165	44.0	1.45124598128	1	41	287	95
7	5	44.0	1.18198034528	1	137	192	641
7	122	44.0	0.776719249399	1	18	342	21
7	0	44.0	1.04127467068	1	163	212	587
7	116	44.0	1.11347871331	1	159	193	664
7	145	44.0	1.86978382333	1	48	185	121
7	23	44.0	1.2543799416	1	60	310	97
7	93	44.0	1.63813020406	1	34	255	29
7	104	44.0	1.17192097517	1	147	188	687
7	162	44.0	1.09571771971	1	34	300	46
7	131	44.0	1.0332379497	1	56	265	240
7	32	44.0	1.70719186271	1	51	290	58
7	179	44.0	1.06744011457	1	154	208	595
7	48	44.0	1.47007521031	1	45	250	99
7	51	44.0	1.04227250446	1	47	237	93
7	140	44.0	1.39409950635	1	48	321	108
7	200	44.0	1.28972139247	1	45	383	72
7	38	44.0	0.816945909142	1	25	295	45
7	14	44.0	1.52125433413	1	40	269	72
7	198	44.0	1.08273069898	1	24	323	28
7	181	44.0	1.55781405147	1	56	288	129
7	28	44.0	0.810285145387	1	72	207	172
7	141	44.0	0.888815370206	1	26	369	26
7	47	44.0	0.910086768676	1	19	315	25
7	132	44.0	1.12106084938	1	41	211	145
7	174	44.0	0.469095284918	1	145	184	674
7	67	44.0	1.62815800356	1	70	235	135
7	160	44.0	1.8051652383	1	53	211	131
7	148	44.0	1.0254358033	1	110	288	430
7	18	44.0	1.18096232074	1	6	256	5
7	20	44.0	1.53185549819	1	45	266	53
7	21	44.0	1.36946238198	1	43	261	93
7	152	44.0	1.45662230954	1	62	280	136
7	154	44.0	1.13869801828	1	49	175	241
7	155	44.0	1.40708848071	1	71	267	157
7	30	44.0	0.862026505628	1	107	189	266
7	37	44.0	0.947141413085	1	46	329	95
7	39	44.0	1.3554010133	1	53	322	64
7	157	44.0	1.45794147651	1	39	254	89
7	42	44.0	1.28058559826	1	56	379	77
7	159	44.0	0.954209084029	1	35	362	82
7	50	44.0	1.41792264171	1	23	290	28
7	62	44.0	1.67322555334	1	23	216	63
7	63	44.0	1.11561969989	1	43	220	233
7	66	44.0	0.800113189056	1	33	324	28
7	73	44.0	1.37786462148	1	43	326	106
7	78	44.0	0.758517397137	1	32	333	36
7	83	44.0	1.41953092736	1	55	296	106
7	87	44.0	1.57677672752	1	38	241	47
7	91	44.0	1.08898781357	1	34	347	17
7	92	44.0	1.52625223376	1	14	290	8
7	94	44.0	1.0084042122	1	15	291	12
7	95	44.0	0.985970993292	1	38	246	86
7	182	44.0	1.19121837912	1	139	174	642
7	183	44.0	1.0225615705	1	112	143	519
7	184	44.0	1.19516410622	1	60	271	91
7	134	44.0	0.449537620456	1	95	350	239
7	136	44.0	1.14459868683	1	138	179	555
7	137	44.0	0.950624047991	1	30	230	21
7	138	44.0	1.12196807374	1	160	158	668
7	188	44.0	0.928772177895	1	36	274	78
7	147	44.0	1.17884279142	1	18	294	10
8	93	NA 	 NA 	0	0	0	0
8	20	NA 	 NA 	0	0	0	0
8	144	NA 	 NA 	0	0	0	0
8	122	NA 	 NA 	0	0	0	0
8	131	NA 	 NA 	0	0	0	0
8	104	53.0	0.812803194335	1	43	194	45
8	186	53.0	0.918899006612	1	23	216	28
8	128	53.0	0.833249269475	1	26	220	17
8	1	53.0	0.711728094425	1	32	240	54
8	127	53.0	0.34600176477	1	43	211	131
8	57	53.0	1.15953997271	1	9	149	0
8	107	53.0	1.09577531802	1	16	156	17
8	185	53.0	0.684115893366	1	17	203	21
8	45	53.0	1.20291624544	1	5	101	2
8	47	53.0	1.00339396272	1	10	153	8
8	16	53.0	0.944868011601	1	23	187	21
8	82	53.0	0.774226760046	1	31	212	27
8	191	53.0	0.618585397371	1	32	233	72
8	187	53.0	1.07156746923	1	30	182	25
8	41	53.0	1.03797280468	1	19	153	18
8	77	53.0	0.831913944015	1	31	172	86
8	30	53.0	1.08229565915	1	10	178	15
8	52	53.0	0.915161374424	1	21	217	31
8	154	53.0	0.488548471268	1	39	174	143
8	113	53.0	0.41639396916	1	82	145	177
8	63	53.0	0.76279091585	1	29	224	26
8	5	53.0	0.786198905047	1	26	276	22
8	43	53.0	0.517111085058	1	40	153	174
8	117	53.0	0.925089703158	1	21	140	54
8	28	53.0	1.02210915535	1	11	165	16
8	158	53.0	0.860167766787	1	25	234	43
8	182	53.0	0.795232175156	1	38	192	43
8	174	53.0	0.365153076041	1	69	138	214
8	35	53.0	1.00341990171	1	24	121	48
8	137	53.0	0.530488758865	1	77	129	250
8	166	53.0	1.08605825942	1	16	168	15
8	81	53.0	0.837461423873	1	30	149	50
8	0	53.0	0.471265608966	1	36	145	205
8	24	53.0	0.455832048909	1	70	151	215
8	84	53.0	1.10742868261	1	12	151	10
8	139	53.0	0.92567127934	1	21	170	50
8	11	53.0	0.339706795252	1	82	191	167
8	89	53.0	0.498843758939	1	37	122	147
8	94	53.0	0.576603982257	1	24	264	22
8	8	53.0	0.532889952245	1	39	155	168
8	66	53.0	0.889488319176	1	38	197	71
8	142	53.0	0.429728558275	1	36	170	168
8	197	53.0	0.656532361059	1	23	189	16
8	7	53.0	0.840857211322	1	25	224	34
8	17	53.0	0.570183377774	1	67	156	155
8	19	53.0	0.779239663145	1	24	212	48
8	26	53.0	0.697560126684	1	14	260	17
8	56	53.0	0.44932128546	1	48	163	175
8	59	53.0	0.928256843078	1	25	201	18
8	111	53.0	0.707116547632	1	51	138	127
8	96	53.0	0.476117367844	1	41	164	187
8	130	53.0	0.992177449174	1	27	142	76
8	115	53.0	0.676947660709	1	29	209	17
8	165	53.0	1.02181358367	1	28	140	20
8	134	53.0	0.995119615821	1	23	124	38
8	143	53.0	0.976372524802	1	12	178	11
8	27	53.0	1.08168925223	1	16	182	15
8	15	53.0	1.04118278366	1	11	215	6
8	87	53.0	0.755978347751	1	47	164	124
8	67	53.0	0.800914968761	1	18	155	53
8	177	53.0	0.540715424964	1	77	127	248
8	125	53.0	0.332671732633	1	71	170	155
8	118	53.0	0.449729084522	1	40	176	208
8	202	53.0	0.496576249965	1	37	172	120
8	103	53.0	0.832389923927	1	33	219	39
8	55	53.0	0.884898680319	1	32	174	77
8	161	53.0	1.00813261673	1	27	163	49
8	91	53.0	0.418304080901	1	36	159	120
8	98	53.0	1.08807794536	1	8	160	13
8	86	53.0	0.356522583602	1	79	168	225
8	133	53.0	0.996705020378	1	25	163	49
8	76	53.0	0.871857338909	1	21	256	54
8	120	53.0	0.858863416129	1	32	166	44
8	88	53.0	0.678706663929	1	19	215	23
8	40	53.0	0.842957616863	1	17	185	35
8	203	53.0	0.384561496581	1	81	160	220
8	72	53.0	0.573507596746	1	24	228	25
8	32	53.0	0.528337828612	1	42	125	143
8	106	53.0	0.502678216763	1	40	166	95
8	184	53.0	0.863474493998	1	17	221	28
8	110	53.0	0.438528542255	1	73	149	225
8	102	53.0	0.509150687918	1	79	125	199
8	9	53.0	0.842856304482	1	28	235	35
8	37	53.0	0.786345067234	1	12	214	14
8	25	53.0	0.756041007797	1	35	183	45
8	68	53.0	0.498185390671	1	75	133	258
8	201	53.0	0.772890528724	1	32	225	57
8	192	53.0	0.623984745808	1	24	234	48
8	151	53.0	1.08137130731	1	14	174	25
8	92	53.0	0.378192747425	1	68	188	187
8	29	53.0	0.819396921525	1	33	195	74
8	80	53.0	0.868289704343	1	28	150	50
8	44	53.0	0.667525759116	1	14	219	34
8	129	53.0	0.87286886621	1	22	236	43
8	148	53.0	0.840815098441	1	21	174	69
8	124	53.0	0.774792464152	1	28	173	57
8	71	53.0	1.05761733382	1	6	240	7
8	121	53.0	0.705758623594	1	6	152	2
8	61	53.0	1.03217044575	1	4	157	4
8	75	53.0	0.851075966558	1	26	153	30
8	70	53.0	0.406590963201	1	44	140	160
8	167	53.0	0.810674114457	1	29	197	67
8	54	53.0	0.700038735726	1	10	155	11
8	18	53.0	0.88874346672	1	26	195	31
8	79	53.0	0.508977339246	1	75	188	194
8	141	53.0	1.05755345275	1	11	201	10
8	64	53.0	0.639282730818	1	40	208	35
8	183	53.0	0.882954421961	1	16	200	38
8	4	53.0	0.901592663409	1	24	144	42
8	157	53.0	0.51178813967	1	42	134	228
8	42	53.0	0.886563678639	1	28	173	58
8	175	53.0	0.471946948109	1	72	150	267
8	22	53.0	0.532230962039	1	72	139	290
8	69	53.0	0.532230934177	1	37	164	195
8	23	53.0	1.04110315115	1	6	216	7
8	58	53.0	0.625613196356	1	22	239	45
8	3	53.0	0.769480316854	1	33	201	26
8	99	53.0	0.316858044574	1	76	201	150
8	147	53.0	0.510756795565	1	89	156	228
8	198	53.0	0.500426213591	1	59	206	165
8	153	53.0	0.833155378152	1	23	190	44
8	149	53.0	0.89900451317	1	19	148	44
8	39	53.0	0.909536700075	1	24	204	40
8	38	53.0	0.885017241444	1	30	208	89
8	34	53.0	0.890907331114	1	29	199	67
8	100	53.0	1.11344460564	1	14	167	5
8	50	53.0	0.783274871678	1	35	164	46
8	90	53.0	1.12677565633	1	7	165	4
8	138	53.0	0.983348649279	1	22	170	65
8	190	53.0	1.0097955915	1	6	138	3
8	156	53.0	0.813517328851	1	39	179	61
8	60	53.0	0.918146738308	1	32	189	70
8	10	53.0	0.447079858342	1	85	113	273
8	62	53.0	0.398416618769	1	55	150	154
8	160	53.0	0.69745411429	1	12	156	12
8	189	53.0	0.842691540076	1	27	180	33
8	33	53.0	1.07687725843	1	12	185	13
8	164	53.0	0.408980373198	1	42	147	131
8	168	53.0	0.84127867423	1	22	191	28
8	2	53.0	1.05488704878	1	6	231	8
8	132	53.0	0.464672089657	1	37	157	205
8	163	53.0	1.0591252479	1	2	170	0
8	140	53.0	0.497313163439	1	38	172	125
8	172	53.0	0.718709624556	1	26	194	43
8	200	53.0	0.834295635592	1	37	178	37
8	65	53.0	0.802566857996	1	36	194	42
8	196	53.0	0.972446885751	1	34	154	78
8	126	53.0	0.783770947417	1	29	194	30
8	155	53.0	0.945177734651	1	25	138	41
8	159	53.0	1.14990095114	1	10	170	6
8	49	53.0	0.386094464181	1	40	198	145
8	180	53.0	0.75552096186	1	38	245	50
8	173	53.0	1.0558679864	1	12	225	9
8	53	53.0	0.584181171469	1	19	231	11
8	119	53.0	0.806197299718	1	30	211	37
8	169	53.0	0.711149909558	1	47	217	49
8	150	53.0	0.878726164806	1	28	218	45
8	21	53.0	0.940527035306	1	41	175	43
8	114	53.0	0.898133425907	1	26	210	32
8	31	53.0	1.1138759255	1	7	157	4
8	199	53.0	0.532230958543	1	37	171	220
8	36	53.0	1.04216024443	1	4	134	8
8	74	53.0	0.44673282749	1	38	137	114
8	85	53.0	0.835446217603	1	44	180	100
8	6	53.0	1.08640468717	1	21	173	13
8	12	53.0	0.696701702949	1	24	255	34
8	13	53.0	0.946171358988	1	35	141	62
8	14	53.0	1.00742724761	1	23	152	40
8	170	53.0	0.871298471857	1	23	245	39
8	171	53.0	0.878795148979	1	26	200	55
8	46	53.0	0.845980604418	1	24	219	46
8	48	53.0	0.945042838164	1	22	201	36
8	176	53.0	0.619828524868	1	21	208	24
8	51	53.0	0.248388232617	1	68	208	139
8	178	53.0	0.442768098615	1	33	168	120
8	179	53.0	1.13720085174	1	8	167	5
8	181	53.0	1.10751798866	1	13	148	12
8	73	53.0	0.95557630798	1	31	226	44
8	78	53.0	0.618113041657	1	25	183	47
8	188	53.0	0.417006170904	1	78	155	239
8	83	53.0	1.07013936603	1	14	177	13
8	95	53.0	1.07633349667	1	20	189	39
8	97	53.0	0.929837725052	1	32	172	31
8	101	53.0	0.9781187146	1	20	157	17
8	105	53.0	0.399718067146	1	40	176	164
8	108	53.0	0.618416125245	1	10	213	0
8	109	53.0	0.402882788999	1	37	165	170
8	112	53.0	0.786865593628	1	18	197	20
8	116	53.0	0.595580054065	1	10	238	2
8	123	53.0	0.315432386728	1	74	186	198
8	135	53.0	0.378192757994	1	56	225	198
8	136	53.0	0.738857398085	1	27	194	47
8	193	53.0	0.924195825925	1	32	174	56
8	145	53.0	0.895532820472	1	32	194	75
8	146	53.0	0.858258816272	1	29	153	67
8	152	53.0	0.894117556387	1	24	163	35
8	194	53.0	0.508317127	1	81	159	265
8	195	53.0	1.05355405061	1	18	184	14
8	162	53.0	0.947456771912	1	29	158	55
9	37	NA 	 NA 	0	0	0	0
9	87	NA 	 NA 	0	0	0	0
9	110	NA 	 NA 	0	0	0	0
9	169	NA 	 NA 	0	0	0	0
9	17	NA 	 NA 	0	0	0	0
9	198	NA 	 NA 	0	0	0	0
9	137	53.0	0.534174529788	1	133	238	433
9	152	53.0	0.986282660209	1	37	129	171
9	130	53.0	1.58763884014	1	21	252	6
9	54	53.0	0.522917566007	1	122	218	458
9	95	53.0	2.01120422049	1	42	150	136
9	97	53.0	0.475664939001	1	95	256	291
9	69	53.0	0.930517155102	1	52	240	72
9	5	53.0	1.19681904724	1	48	170	89
9	132	53.0	1.18812166937	1	36	175	84
9	9	53.0	1.52126565344	1	35	294	31
9	197	53.0	1.05315754989	1	20	217	27
9	76	53.0	0.883324721785	1	136	141	607
9	24	53.0	0.990963871417	1	36	235	27
9	28	53.0	0.956017063998	1	24	260	32
9	162	53.0	1.2058477622	1	47	302	67
9	173	53.0	1.5666875399	1	55	196	253
9	153	53.0	0.514007843782	1	125	212	410
9	64	53.0	1.31989793765	1	42	158	123
9	119	53.0	1.02512654194	1	43	238	46
9	71	53.0	0.815214527599	1	124	162	346
9	52	53.0	0.772987851669	1	106	200	325
9	85	53.0	1.58603375163	1	36	184	32
9	81	53.0	1.13857857103	1	37	219	75
9	107	53.0	1.50908096363	1	82	156	393
9	74	53.0	1.15325177023	1	17	217	26
9	114	53.0	1.33448906905	1	4	102	3
9	4	53.0	1.33528179984	1	10	216	6
9	99	53.0	0.969835118962	1	36	241	62
9	60	53.0	0.994360717771	1	138	157	628
9	184	53.0	1.12765386309	1	23	202	60
9	174	53.0	1.50720014579	1	88	161	338
9	32	53.0	1.43134877184	1	34	288	59
9	123	53.0	1.28795441385	1	42	200	99
9	178	53.0	0.963660033474	1	16	279	25
9	67	53.0	1.09716366643	1	25	221	52
9	116	53.0	0.930901302771	1	161	152	797
9	33	53.0	1.07897278237	1	33	253	60
9	126	53.0	1.53713822181	1	52	247	104
9	117	53.0	1.14418718166	1	56	186	158
9	154	53.0	1.29036191097	1	35	282	39
9	151	53.0	1.33284784054	1	33	196	35
9	40	53.0	1.13084685248	1	36	227	68
9	180	53.0	1.33297922978	1	36	327	50
9	138	53.0	1.63711802765	1	65	119	258
9	142	53.0	1.44252549039	1	54	187	154
9	131	53.0	0.760440163665	1	103	183	339
9	44	53.0	1.59420452872	1	50	158	212
9	161	53.0	1.24534524431	1	41	226	95
9	39	53.0	1.52252884785	1	44	264	90
9	48	53.0	1.05527725947	1	53	291	67
9	145	53.0	1.03169419365	1	22	241	32
9	93	53.0	1.06382015218	1	38	190	90
9	148	53.0	1.38171097318	1	40	302	32
9	43	53.0	1.76956023389	1	43	215	53
9	146	53.0	1.62395594503	1	67	241	145
9	38	53.0	0.530168050202	1	116	217	442
9	165	53.0	1.4100310619	1	35	269	38
9	127	53.0	0.804515741439	1	41	193	98
9	134	53.0	1.29903414708	1	26	264	58
9	20	53.0	1.36353576596	1	96	120	234
9	82	53.0	0.992110852501	1	41	326	56
9	109	53.0	1.52141007927	1	83	147	426
9	155	53.0	1.3398077927	1	79	191	309
9	16	53.0	0.926118181806	1	161	161	794
9	121	53.0	1.23515267113	1	29	175	102
9	65	53.0	1.42136872587	1	83	179	338
9	34	53.0	0.545308274133	1	162	150	597
9	45	53.0	0.908221720223	1	164	156	760
9	15	53.0	0.900783154189	1	36	177	78
9	31	53.0	1.04455753723	1	41	171	173
9	125	53.0	1.06355326264	1	43	197	71
9	58	53.0	1.51865580422	1	78	186	342
9	88	53.0	0.917289431629	1	129	252	608
9	108	53.0	1.23524934843	1	32	186	111
9	172	53.0	1.61525320238	1	67	221	182
9	91	53.0	0.66461287558	1	95	185	355
9	29	53.0	1.1272388367	1	43	168	136
9	23	53.0	0.968088672383	1	128	154	577
9	185	53.0	0.922812170285	1	149	150	601
9	94	53.0	1.1080423238	1	76	245	85
9	159	53.0	0.990375262177	1	27	360	43
9	183	53.0	0.905372577451	1	145	218	672
9	73	53.0	1.16929573945	1	64	232	58
9	175	53.0	0.963160746517	1	119	115	564
9	118	53.0	0.631025593599	1	180	131	563
9	135	53.0	1.20881299673	1	63	223	78
9	102	53.0	1.12741116069	1	20	168	4
9	101	53.0	1.29577374884	1	40	290	36
9	199	53.0	0.766784056593	1	103	211	306
9	201	53.0	1.66633083083	1	76	110	333
9	98	53.0	1.75482247827	1	56	103	106
9	90	53.0	0.830834841902	1	144	137	583
9	111	53.0	0.96016321764	1	20	287	31
9	195	53.0	1.10550701762	1	102	207	284
9	115	53.0	1.30949681886	1	18	266	9
9	25	53.0	0.0915354714023	1	167	134	773
9	149	53.0	0.953781719636	1	16	285	21
9	186	53.0	0.836618930039	1	127	205	579
9	120	53.0	1.43986481065	1	45	240	92
9	3	53.0	1.59009750009	1	33	181	193
9	63	53.0	0.870477483223	1	39	211	27
9	7	53.0	1.55721323883	1	68	127	272
9	26	53.0	1.66213047322	1	43	103	202
9	182	53.0	1.26102914094	1	82	248	309
9	141	53.0	0.575397377686	1	86	286	245
9	80	53.0	1.00537785866	1	40	222	64
9	144	53.0	1.550778734	1	46	183	237
9	21	53.0	0.968304242248	1	40	190	109
9	136	53.0	1.63383127467	1	66	139	325
9	168	53.0	0.772605898945	1	110	189	368
9	188	53.0	1.72992999786	1	42	175	143
9	189	53.0	1.43580542639	1	54	193	190
9	181	53.0	1.56704508706	1	42	165	214
9	147	53.0	0.700030165032	1	87	202	372
9	55	53.0	1.47446536649	1	69	179	199
9	46	53.0	1.362729119	1	42	311	55
9	193	53.0	0.966492509226	1	12	299	22
9	187	53.0	1.35230869921	1	81	208	274
9	133	53.0	0.872730931053	1	31	265	30
9	104	53.0	1.07347696401	1	19	276	8
9	6	53.0	0.893967541481	1	143	147	577
9	86	53.0	1.06232794392	1	116	147	546
9	156	53.0	1.21487887689	1	60	244	125
9	105	53.0	0.754214247124	1	144	145	524
9	112	53.0	1.01730604888	1	52	218	128
9	163	53.0	1.57432264869	1	31	285	32
9	192	53.0	1.22374385678	1	42	174	104
9	89	53.0	1.01956100118	1	127	147	587
9	83	53.0	0.926430725538	1	132	248	598
9	51	53.0	1.02091654577	1	43	233	60
9	77	53.0	1.82136132832	1	45	188	81
9	167	53.0	1.54828807088	1	85	174	429
9	124	53.0	0.595836462759	1	88	217	244
9	177	53.0	0.47908148729	1	91	238	320
9	166	53.0	1.69197027314	1	57	247	124
9	41	53.0	0.998367509812	1	37	208	49
9	35	53.0	0.91804668665	1	34	247	34
9	92	53.0	2.04834371524	1	41	136	101
9	19	53.0	0.987031219728	1	147	138	672
9	196	53.0	0.962271800211	1	30	261	47
9	157	53.0	0.911510690175	1	123	262	611
9	140	53.0	0.481633641847	1	97	232	269
9	200	53.0	1.06854092468	1	50	207	118
9	203	53.0	1.19629380708	1	18	193	44
9	53	53.0	0.908374607298	1	20	310	61
9	100	53.0	1.02846929499	1	48	285	41
9	158	53.0	0.942322564524	1	47	234	40
9	50	53.0	1.61791789868	1	66	235	171
9	194	53.0	1.53870174146	1	96	159	442
9	129	53.0	0.842757389946	1	122	189	581
9	143	53.0	0.984307689548	1	25	234	22
9	59	53.0	1.40739896025	1	43	223	52
9	18	53.0	0.590065443272	1	138	197	504
9	2	53.0	1.7914091781	1	45	131	151
9	79	53.0	0.683652884012	1	76	193	241
9	27	53.0	1.23267277207	1	38	319	51
9	61	53.0	0.879170718866	1	30	246	28
9	47	53.0	0.825717051234	1	48	150	241
9	75	53.0	1.0016852489	1	140	181	623
9	106	53.0	1.38112953134	1	77	180	281
9	13	53.0	1.56110864659	1	69	174	356
9	170	53.0	0.542385203022	1	138	204	515
9	8	53.0	1.18177122459	1	46	189	107
9	62	53.0	0.992049145878	1	23	350	41
9	66	53.0	0.930303493179	1	153	127	745
9	36	53.0	1.1281868054	1	71	273	150
9	10	53.0	1.05035680272	1	30	272	70
9	96	53.0	1.64007798115	1	45	138	247
9	42	53.0	1.19081061528	1	42	364	42
9	150	53.0	0.960359802257	1	149	138	781
9	122	53.0	1.64988939485	1	67	211	202
9	68	53.0	0.487448979586	1	103	231	321
9	0	53.0	1.57563878311	1	50	213	113
9	1	53.0	1.16123883135	1	46	201	88
9	11	53.0	0.893617320976	1	123	182	555
9	12	53.0	0.905133896839	1	142	159	484
9	190	53.0	0.842849317183	1	124	214	630
9	14	53.0	1.38912702549	1	75	190	264
9	160	53.0	0.568856057106	1	87	280	270
9	22	53.0	1.26697695903	1	91	218	292
9	30	53.0	1.63209754491	1	65	201	199
9	191	53.0	0.905372589516	1	126	249	632
9	164	53.0	1.28362674712	1	38	253	55
9	49	53.0	1.59648023663	1	67	158	349
9	56	53.0	1.23601005042	1	31	185	109
9	57	53.0	1.06234418589	1	88	238	216
9	171	53.0	1.61850207759	1	30	225	43
9	176	53.0	1.5224672107	1	54	151	189
9	70	53.0	1.39773520639	1	12	174	5
9	72	53.0	1.1050585572	1	46	241	85
9	202	53.0	1.38901885583	1	72	191	246
9	78	53.0	1.1135475636	1	48	198	134
9	84	53.0	1.55261474316	1	43	152	208
9	179	53.0	0.881967472795	1	21	303	40
9	103	53.0	1.3718690053	1	37	289	41
9	113	53.0	0.727320204538	1	86	165	313
9	128	53.0	1.59310302669	1	66	264	178
9	139	53.0	1.61118724059	1	30	262	34
