0	189	NA 	 NA 	0	0	0	0
0	202	NA 	 NA 	0	0	0	0
0	76	NA 	 NA 	0	0	0	0
0	46	NA 	 NA 	0	0	0	0
0	196	NA 	 NA 	0	0	0	0
0	240	NA 	 NA 	0	0	0	0
0	257	NA 	 NA 	0	0	0	0
0	168	NA 	 NA 	0	0	0	0
0	195	NA 	 NA 	0	0	0	0
0	283	0.0	0.040731846083	1	0	10	0
0	239	0.0	0.641304185199	1	0	4	0
0	114	0.0	0.04073229045	1	0	20	0
0	176	0.0	0.667589930094	1	0	1	0
0	133	0.0	0.341158274559	1	0	3	0
0	262	0.0	0.642381420067	1	0	2	0
0	303	0.0	0.641408259338	1	0	5	0
0	151	0.0	0.340692902933	1	0	3	0
0	243	0.0	0.340938646981	1	0	20	0
0	256	0.0	0.040732274343	1	0	27	0
0	185	0.0	0.343691430063	1	0	9	0
0	92	0.0	0.340693431139	1	0	1	0
0	42	0.0	0.642679078146	1	0	2	0
0	207	0.0	0.04073224877	1	0	8	0
0	154	0.0	0.040731901585	1	2	22	1
0	91	0.0	0.340938659147	1	0	10	0
0	59	0.0	0.040732415295	1	1	33	1
0	96	0.0	0.040732330299	1	0	9	0
0	252	0.0	0.343407041883	1	0	10	0
0	124	0.0	0.040732058532	1	2	24	1
0	299	0.0	0.040731932357	1	0	21	0
0	244	0.0	0.340718983712	1	0	21	0
0	209	0.0	0.641408092655	1	0	13	0
0	67	0.0	0.340938487829	1	0	24	10
0	130	0.0	0.641408010653	1	1	10	0
0	147	0.0	0.34071899027	1	0	18	0
0	85	0.0	0.340938569471	1	0	17	5
0	242	0.0	0.641408002694	1	1	10	0
0	65	0.0	0.340719250499	1	0	23	0
0	304	0.0	0.641303988534	1	0	9	0
0	36	0.0	0.341003658649	1	0	21	0
0	84	0.0	0.340938570319	1	0	18	0
0	89	0.0	0.641408029651	1	0	6	0
0	132	0.0	0.340718916935	1	0	33	0
0	100	0.0	0.040732217009	1	1	22	1
0	79	0.0	0.340938549704	1	0	17	0
0	87	0.0	0.040732443673	1	1	31	2
0	138	0.0	0.340938525841	1	0	16	0
0	214	0.0	0.040732303225	1	0	2	0
0	211	0.0	0.667589916937	1	0	1	0
0	261	0.0	0.34092552381	1	0	6	0
0	37	0.0	0.040732259072	1	0	3	0
0	13	0.0	0.341003495751	1	0	27	0
0	267	0.0	0.343758006971	1	1	8	0
0	18	0.0	0.341404172711	1	0	3	0
0	11	0.0	0.340925487359	1	0	2	0
0	192	0.0	0.340718989565	1	1	31	0
0	236	0.0	0.34071926025	1	0	26	0
0	246	0.0	0.340719095221	1	1	11	0
0	45	0.0	0.040731930562	1	0	13	0
0	293	0.0	0.340719102753	1	0	6	0
0	222	0.0	0.040732322419	1	2	25	0
0	155	0.0	0.340719229482	1	0	22	0
0	148	0.0	0.040732254387	1	1	22	0
0	275	0.0	0.344738980995	1	0	17	0
0	295	0.0	0.040732126706	1	0	15	8
0	164	0.0	0.340692936759	1	0	3	0
0	203	0.0	0.040731968137	1	0	10	0
0	194	0.0	0.340938642929	1	0	8	0
0	160	0.0	0.040731932988	1	0	13	0
0	150	0.0	0.340938552102	1	0	11	0
0	43	0.0	0.340693229119	1	0	1	0
0	174	0.0	0.340718992023	1	0	25	0
0	112	0.0	0.34093860897	1	0	11	0
0	206	0.0	0.34100391152	1	1	9	2
0	260	0.0	0.040732316867	1	0	4	0
0	38	0.0	0.6429114216	1	0	1	0
0	245	0.0	0.340719260989	1	0	23	0
0	75	0.0	0.340938863995	1	0	11	0
0	156	0.0	0.340719121267	1	0	21	0
0	78	0.0	0.040732058634	1	0	16	0
0	229	0.0	0.34093865787	1	0	9	0
0	248	0.0	0.340925696493	1	0	1	0
0	127	0.0	0.040731905574	1	2	22	0
0	188	0.0	0.340719023297	1	0	26	0
0	2	0.0	0.040732338025	1	1	3	0
0	298	0.0	0.34092518574	1	0	3	0
0	7	0.0	0.341003272738	1	0	26	0
0	20	0.0	0.343691438918	1	0	9	0
0	118	0.0	0.341003754088	1	0	9	0
0	97	0.0	0.04073242383	1	2	31	0
0	121	0.0	0.341158138675	1	0	3	0
0	41	0.0	0.340719256334	1	0	23	0
0	226	0.0	0.040732050879	1	0	14	0
0	93	0.0	0.667590366733	1	0	1	0
0	157	0.0	0.040732096926	1	0	7	0
0	140	0.0	0.34100333942	1	0	16	0
0	297	0.0	0.641407893652	1	0	11	0
0	291	0.0	0.340719050332	1	0	20	7
0	12	0.0	0.641303989801	1	0	10	0
0	68	0.0	0.04073208208	1	0	6	0
0	165	0.0	0.64130402425	1	0	11	30
0	110	0.0	0.34071914881	1	0	26	0
0	29	0.0	0.040732371875	1	0	4	0
0	3	0.0	0.34140436039	1	0	3	0
0	81	0.0	0.040732190944	1	0	6	0
0	278	0.0	0.641408350887	1	0	8	0
0	129	0.0	0.040731941465	1	0	24	0
0	90	0.0	0.340719235905	1	1	24	0
0	190	0.0	0.341003633628	1	0	22	0
0	235	0.0	0.642679140425	1	0	2	11
0	48	0.0	0.040732296239	1	0	26	0
0	173	0.0	0.641408287748	1	0	3	0
0	115	0.0	0.040732088355	1	0	12	0
0	274	0.0	0.040732054002	1	0	10	0
0	172	0.0	0.343691400507	1	0	8	0
0	287	0.0	0.340938545968	1	0	16	0
0	228	0.0	0.040731987626	1	0	25	0
0	145	0.0	0.340693322578	1	0	1	3
0	223	0.0	0.340719241232	1	0	20	0
0	52	0.0	0.340925364674	1	0	1	0
0	170	0.0	0.040732192853	1	1	18	0
0	8	0.0	0.04073232624	1	1	33	1
0	183	0.0	0.040731967859	1	0	12	0
0	94	0.0	0.340938627562	1	0	10	0
0	131	0.0	0.340719402551	1	0	7	0
0	71	0.0	0.340938665186	1	0	9	0
0	26	0.0	0.341003410416	1	0	22	0
0	307	0.0	46.7638068797	0	0	1	0
0	149	0.0	0.040732254953	1	1	28	0
0	233	0.0	0.343691460472	1	0	10	13
0	103	0.0	0.340719207073	1	1	15	1
0	181	0.0	0.340719288944	1	0	16	0
0	101	0.0	0.040732280832	1	0	17	0
0	49	0.0	0.04073234216	1	0	9	0
0	61	0.0	0.040731653704	1	0	17	0
0	4	0.0	0.040732256061	1	1	24	0
0	143	0.0	0.040732455289	1	1	20	0
0	105	0.0	0.040732426865	1	0	17	0
0	53	0.0	0.04073211342	1	0	12	0
0	44	0.0	0.340925376865	1	0	2	0
0	56	0.0	0.340719136444	1	1	15	0
0	66	0.0	0.340718944697	1	1	30	0
0	218	0.0	0.040732317444	1	0	25	0
0	178	0.0	0.340938711623	1	0	9	0
0	216	0.0	0.040732038045	1	0	27	0
0	144	0.0	0.040731970014	1	0	12	0
0	271	0.0	0.340693338226	1	0	1	0
0	221	0.0	0.340925295286	1	0	2	0
0	182	0.0	0.340718906331	1	0	31	0
0	167	0.0	0.040731883473	1	1	23	1
0	285	0.0	0.040732395284	1	0	5	15
0	186	0.0	0.040732363009	1	0	5	0
0	24	0.0	0.040732442738	1	1	20	0
0	250	0.0	0.341404156569	1	0	5	0
0	279	0.0	0.040732267395	1	1	31	0
0	166	0.0	0.040732335715	1	0	23	0
0	184	0.0	0.340719446363	1	0	23	0
0	273	0.0	0.34069324207	1	0	3	0
0	57	0.0	0.340719265625	1	0	25	2
0	212	0.0	0.040731978781	1	2	26	9
0	277	0.0	0.340938597034	1	0	20	0
0	213	0.0	0.341404300042	1	0	11	0
0	117	0.0	0.040731786995	1	0	14	0
0	302	0.0	0.040732057602	1	1	23	15
0	83	0.0	0.642679192409	1	0	3	0
0	225	0.0	0.04073224801	1	0	6	0
0	35	0.0	0.040732289452	1	1	22	0
0	123	0.0	0.04073204437	1	0	13	0
0	197	0.0	0.04073234247	1	0	29	2
0	180	0.0	0.040732301681	1	1	28	45
0	193	0.0	0.667590443878	1	0	1	0
0	54	0.0	0.340719275519	1	0	23	0
0	191	0.0	0.040731913472	1	0	14	0
0	111	0.0	0.040732424293	1	0	6	0
0	217	0.0	0.341003728109	1	0	11	0
0	120	0.0	0.641408047952	1	0	10	0
0	199	0.0	0.340925362165	1	0	2	0
0	136	0.0	0.040732084539	1	0	6	0
0	39	0.0	0.34071923998	1	0	25	8
0	28	0.0	0.04073243415	1	1	28	2
0	17	0.0	0.340938549028	1	0	22	0
0	177	0.0	0.0407319325	1	1	24	0
0	280	0.0	0.040732386806	1	0	4	0
0	306	0.0	7.44077092833	0	0	11	0
0	247	0.0	0.040732364081	1	1	32	0
0	104	0.0	0.040732349786	1	0	3	0
0	19	0.0	0.641408046357	1	0	12	0
0	227	0.0	0.340693016503	1	0	4	0
0	5	0.0	0.040732418182	1	0	4	0
0	69	0.0	0.341404189261	1	0	5	13
0	231	0.0	0.34069323545	1	0	2	0
0	205	0.0	0.642679058071	1	0	3	0
0	141	0.0	0.641408262619	1	0	11	0
0	74	0.0	0.34071938135	1	1	11	0
0	21	0.0	0.341003950079	1	0	10	0
0	224	0.0	0.040731606605	1	0	21	0
0	10	0.0	0.667589946408	1	1	0	0
0	159	0.0	0.040731924465	1	0	24	0
0	108	0.0	0.340938611105	1	1	23	0
0	64	0.0	0.341404302434	1	1	1	0
0	259	0.0	0.04073238116	1	2	29	0
0	106	0.0	0.340719068105	1	0	6	0
0	288	0.0	0.641303941834	1	0	8	0
0	107	0.0	0.340693167093	1	0	2	0
0	22	0.0	0.340719365049	1	1	25	0
0	230	0.0	0.641408120596	1	0	10	0
0	282	0.0	0.641407993125	1	0	15	0
0	179	0.0	0.341404033314	1	0	4	0
0	201	0.0	0.040732209235	1	0	28	0
0	135	0.0	0.040732127983	1	0	7	0
0	296	0.0	0.040732405026	1	0	26	0
0	139	0.0	0.340719164521	1	1	15	1
0	0	0.0	0.341003758747	1	0	19	0
0	1	0.0	0.040732191043	1	0	3	0
0	6	0.0	0.642381253707	1	1	10	2
0	9	0.0	0.341003679062	1	1	20	0
0	14	0.0	0.340719241996	1	1	22	0
0	15	0.0	0.040731976503	1	0	19	8
0	16	0.0	0.341003628523	1	0	22	0
0	215	0.0	0.040732425437	1	0	4	6
0	23	0.0	0.040731935426	1	0	16	0
0	25	0.0	0.343406988433	1	0	11	0
0	219	0.0	0.641408083423	1	0	10	0
0	27	0.0	0.343691312301	1	0	19	19
0	30	0.0	0.040732246246	1	0	10	0
0	220	0.0	0.040731933811	1	0	23	19
0	31	0.0	0.340718929237	1	0	22	0
0	32	0.0	0.644059325867	1	0	9	0
0	33	0.0	0.340718962272	1	0	26	0
0	34	0.0	0.641408268572	1	0	4	0
0	40	0.0	0.34115804371	1	1	0	0
0	300	0.0	0.340719394684	1	0	21	0
0	47	0.0	0.040731609943	1	0	21	0
0	50	0.0	0.040732353103	1	1	14	1
0	51	0.0	0.642381208119	1	0	11	0
0	55	0.0	0.040732420935	1	0	9	0
0	58	0.0	0.341003306016	1	0	23	0
0	60	0.0	0.341003576126	1	1	27	0
0	62	0.0	0.340693351136	1	0	2	0
0	63	0.0	0.340692857882	1	0	3	0
0	284	0.0	0.641408097911	1	1	10	1
0	70	0.0	0.34071938812	1	0	20	0
0	72	0.0	0.040732172684	1	0	9	0
0	232	0.0	0.04073194496	1	0	27	10
0	234	0.0	0.040732255107	1	1	25	0
0	73	0.0	0.340938724878	1	0	9	8
0	301	0.0	0.341003601385	1	1	21	8
0	77	0.0	0.340719405092	1	0	16	0
0	286	0.0	0.34071930054	1	1	20	0
0	237	0.0	0.341158256174	1	0	3	0
0	238	0.0	0.340719324097	1	0	23	0
0	80	0.0	0.340938700553	1	0	9	0
0	241	0.0	0.34140419321	1	0	5	0
0	82	0.0	0.040732341783	1	1	30	0
0	86	0.0	0.340719069346	1	0	30	0
0	249	0.0	0.34071929527	1	2	23	9
0	88	0.0	0.340719330923	1	0	16	0
0	251	0.0	0.340719330009	1	0	22	0
0	253	0.0	0.040732155824	1	2	27	0
0	254	0.0	0.340693109399	1	0	4	0
0	255	0.0	0.040732328031	1	1	15	0
0	95	0.0	0.641407933461	1	0	14	0
0	98	0.0	0.040732259701	1	0	3	0
0	305	0.0	0.040732337356	1	1	4	0
0	258	0.0	0.341003447752	1	0	29	0
0	99	0.0	0.34140427942	1	0	2	1
0	102	0.0	0.040731634784	1	0	19	0
0	109	0.0	0.340692904272	1	0	4	0
0	289	0.0	0.340693238973	1	1	1	0
0	113	0.0	0.341003706805	1	1	10	0
0	263	0.0	0.341003513585	1	0	26	0
0	290	0.0	0.341003476295	1	0	29	27
0	116	0.0	0.040731993314	1	0	14	0
0	264	0.0	0.040731968177	1	0	14	14
0	119	0.0	0.040732135136	1	0	7	0
0	265	0.0	0.340938716403	1	0	8	0
0	266	0.0	0.341003437878	1	0	29	0
0	122	0.0	0.340938528124	1	0	17	0
0	125	0.0	0.340718924909	1	1	12	1
0	292	0.0	0.040731946879	1	0	19	0
0	126	0.0	0.341404300671	1	0	2	0
0	128	0.0	0.040731961544	1	0	21	0
0	268	0.0	0.340719338073	1	0	18	0
0	294	0.0	0.340719274348	1	2	24	0
0	134	0.0	0.040732273481	1	0	11	7
0	269	0.0	0.341003243081	1	0	24	40
0	137	0.0	0.040732257444	1	1	4	0
0	270	0.0	0.040732405773	1	1	13	1
0	272	0.0	0.341003663273	1	1	14	0
0	142	0.0	0.340925724926	1	0	5	0
0	146	0.0	0.340938552757	1	0	17	0
0	152	0.0	0.04073200336	1	1	17	1
0	153	0.0	0.040731936981	1	0	14	0
0	158	0.0	0.340719114515	1	1	12	0
0	161	0.0	0.040731674582	1	0	18	0
0	162	0.0	0.040732109492	1	0	8	0
0	163	0.0	0.340718783496	1	0	29	0
0	169	0.0	0.340719271738	1	1	21	18
0	171	0.0	0.340718900786	1	1	27	0
0	276	0.0	0.340719108658	1	0	28	0
0	175	0.0	0.040732300714	1	0	16	0
0	187	0.0	0.341003804323	1	0	15	0
0	198	0.0	0.341003459068	1	0	30	41
0	200	0.0	0.341158195803	1	0	3	0
0	204	0.0	0.641408247327	1	0	11	0
0	281	0.0	0.340719231453	1	0	23	0
0	208	0.0	0.642679064659	1	0	3	0
0	210	0.0	0.341158125577	1	0	1	0
1	144	NA 	 NA 	0	0	0	0
1	153	NA 	 NA 	0	0	0	0
1	155	NA 	 NA 	0	0	0	0
1	23	NA 	 NA 	0	0	0	0
1	75	NA 	 NA 	0	0	0	0
1	122	NA 	 NA 	0	0	0	0
1	98	NA 	 NA 	0	0	0	0
1	187	NA 	 NA 	0	0	0	0
1	42	NA 	 NA 	0	0	0	2
1	208	NA 	 NA 	0	0	0	0
1	236	NA 	 NA 	0	0	0	0
1	38	0.0	0.050156277686	1	0	22	0
1	62	0.0	0.650091302739	1	0	9	0
1	89	0.0	0.050155925524	1	1	9	0
1	292	0.0	0.650091279435	1	0	15	0
1	216	0.0	0.350104194229	1	0	12	0
1	65	0.0	0.350336773174	1	1	14	0
1	52	0.0	0.650323745981	1	0	5	0
1	106	0.0	0.350078399961	1	0	3	0
1	215	0.0	0.050156417583	1	1	24	0
1	150	0.0	0.350104279922	1	0	4	0
1	142	0.0	0.354543978675	1	1	5	0
1	243	0.0	0.65032356568	1	0	15	0
1	161	0.0	0.05015623692	1	1	20	0
1	298	0.0	0.050156470996	1	0	21	0
1	176	0.0	0.350310591382	1	0	2	0
1	140	0.0	0.689156449783	1	0	12	0
1	13	0.0	0.350814282431	1	0	1	0
1	9	0.0	0.350801187811	1	0	6	0
1	101	0.0	0.650091292556	1	1	12	0
1	245	0.0	0.350104354889	1	0	7	0
1	28	0.0	0.050156436616	1	1	19	0
1	214	0.0	0.350310664464	1	0	2	0
1	30	0.0	0.350078058354	1	0	6	0
1	51	0.0	0.350813937535	1	0	3	0
1	135	0.0	0.050156264623	1	0	6	0
1	151	0.0	0.650362707433	1	0	5	0
1	145	0.0	0.351033116562	1	0	13	0
1	133	0.0	0.69021884846	1	0	6	0
1	204	0.0	0.050156386047	1	1	24	4
1	129	0.0	0.850116794739	1	0	3	0
1	222	0.0	0.650090960423	1	0	16	0
1	181	0.0	0.350078278439	1	0	2	0
1	43	0.0	0.050156375116	1	0	23	0
1	99	0.0	0.350568769306	1	0	17	0
1	71	0.0	0.350104305072	1	0	8	0
1	205	0.0	0.05015608203	1	1	20	0
1	158	0.0	0.050155887593	1	0	10	0
1	198	0.0	0.692953333469	1	0	2	0
1	282	0.0	0.050156446618	1	0	17	0
1	263	0.0	0.351033229698	1	1	18	0
1	206	0.0	0.350078050686	1	0	7	9
1	113	0.0	0.050156000001	1	0	8	0
1	139	0.0	0.650091279109	1	1	13	1
1	210	0.0	0.350543146121	1	0	21	0
1	225	0.0	0.050156268623	1	1	25	4
1	134	0.0	0.350104440135	1	0	13	0
1	177	0.0	0.050155930412	1	0	11	0
1	143	0.0	0.350078352531	1	0	20	0
1	2	0.0	0.750104190267	1	0	1	0
1	223	0.0	0.350104004733	1	0	9	0
1	26	0.0	0.350078309147	1	0	19	0
1	41	0.0	0.650091357838	1	0	15	0
1	157	0.0	0.050156266153	1	0	10	0
1	274	0.0	0.351033064028	1	0	17	0
1	227	0.0	0.350104390872	1	0	11	0
1	184	0.0	0.350568357285	1	0	13	18
1	92	0.0	0.35007827623	1	0	13	0
1	218	0.0	0.450130345587	1	0	0	0
1	120	0.0	0.350104323087	1	0	7	0
1	232	0.0	0.650091382946	1	0	9	0
1	166	0.0	0.050156396846	1	0	19	0
1	185	0.0	0.050155774864	1	0	13	0
1	191	0.0	0.050156440458	1	1	23	0
1	31	0.0	0.350104197018	1	0	8	0
1	5	0.0	0.350104051172	1	0	8	0
1	230	0.0	0.351033051616	1	1	15	0
1	148	0.0	0.050156328972	1	1	23	2
1	302	0.0	0.65009103229	1	0	16	0
1	237	0.0	0.350104270692	1	1	5	0
1	56	0.0	0.050156056939	1	0	6	0
1	90	0.0	0.350543089721	1	0	21	0
1	212	0.0	0.050156381381	1	0	23	0
1	229	0.0	0.050156394871	1	1	24	0
1	53	0.0	0.050156002	1	0	19	0
1	96	0.0	0.351033071812	1	1	7	0
1	146	0.0	0.650323724818	1	0	15	5
1	0	0.0	0.35056859681	1	0	18	0
1	114	0.0	0.351033191858	1	0	18	0
1	190	0.0	0.050156360188	1	0	24	0
1	40	0.0	0.050156263961	1	0	6	0
1	268	0.0	0.050155928715	1	1	18	0
1	149	0.0	0.350568686687	1	0	15	0
1	21	0.0	0.050156359374	1	0	14	0
1	118	0.0	0.350336749367	1	0	15	0
1	12	0.0	0.050156458386	1	0	23	0
1	167	0.0	0.050156260207	1	1	8	1
1	95	0.0	0.350543286594	1	0	19	0
1	246	0.0	0.050156401701	1	0	5	0
1	46	0.0	0.0501560244	1	0	17	0
1	103	0.0	0.050155952476	1	0	20	0
1	130	0.0	0.050155940039	1	0	21	0
1	11	0.0	0.050156055439	1	0	8	0
1	54	0.0	0.050156399399	1	1	23	2
1	175	0.0	0.050156337241	1	1	8	0
1	183	0.0	0.35054311367	1	0	17	0
1	36	0.0	0.350104269169	1	0	4	0
1	249	0.0	0.351033056885	1	1	15	1
1	6	0.0	0.05015621674	1	1	8	0
1	261	0.0	0.350103960969	1	0	7	0
1	73	0.0	0.050155651034	1	1	17	28
1	25	0.0	0.350543109079	1	0	20	0
1	259	0.0	0.850117165025	1	0	4	0
1	80	0.0	0.650090934759	1	1	13	0
1	85	0.0	0.350104362028	1	0	10	0
1	277	0.0	0.351033137996	1	0	13	0
1	289	0.0	0.650363073702	1	0	3	0
1	234	0.0	0.050156316501	1	0	15	0
1	256	0.0	0.05015632334	1	1	13	0
1	123	0.0	0.350104404291	1	0	7	0
1	16	0.0	0.350568596844	1	0	7	0
1	233	0.0	0.350104085994	1	0	8	0
1	213	0.0	0.350568607515	1	0	19	0
1	29	0.0	0.351032966722	1	1	10	0
1	69	0.0	0.850116837352	1	0	3	0
1	131	0.0	0.650323756922	1	0	15	0
1	178	0.0	0.650323568443	1	0	9	0
1	219	0.0	0.050155948254	1	0	21	0
1	78	0.0	0.65009131372	1	0	8	0
1	160	0.0	0.050156166375	1	1	27	2
1	119	0.0	0.050156277253	1	1	9	0
1	226	0.0	0.050155874618	1	1	18	1
1	255	0.0	0.350104353937	1	0	7	0
1	94	0.0	0.351033089378	1	0	7	0
1	265	0.0	0.050155941088	1	1	19	0
1	107	0.0	0.650363007481	1	0	8	0
1	231	0.0	0.350077937967	1	0	14	0
1	37	0.0	0.050156183187	1	1	22	0
1	262	0.0	0.050156354944	1	0	14	0
1	203	0.0	0.650091022631	1	1	14	1
1	67	0.0	0.350104438552	1	0	13	0
1	110	0.0	0.050156292327	1	0	23	0
1	301	0.0	0.350077942498	1	0	7	0
1	251	0.0	0.351033155171	1	0	6	0
1	15	0.0	0.050156363472	1	0	22	0
1	108	0.0	0.650090999328	1	0	12	0
1	260	0.0	0.350104071741	1	0	8	0
1	186	0.0	0.650091449043	1	0	13	0
1	173	0.0	0.050156422055	1	1	16	1
1	93	0.0	0.692953699795	1	0	2	0
1	179	0.0	0.050155917645	1	0	19	0
1	128	0.0	0.050156196276	1	1	18	1
1	20	0.0	0.35007795589	1	0	7	0
1	63	0.0	0.650090986129	1	0	12	0
1	267	0.0	0.350568571484	1	0	19	0
1	239	0.0	0.650323659147	1	0	15	0
1	162	0.0	0.650090934758	1	1	13	0
1	300	0.0	0.05015636025	1	1	14	1
1	278	0.0	0.050156061072	1	0	12	0
1	271	0.0	0.350568691499	1	0	18	0
1	279	0.0	0.050156241907	1	1	8	1
1	68	0.0	0.350104149192	1	0	8	0
1	299	0.0	0.050156357563	1	0	25	0
1	1	0.0	0.050156298585	1	1	9	1
1	288	0.0	0.351033171414	1	1	15	16
1	47	0.0	0.050156008148	1	0	17	0
1	257	0.0	0.050156406019	1	1	23	3
1	269	0.0	0.35007809215	1	0	7	0
1	165	0.0	0.050156393508	1	0	16	0
1	64	0.0	0.350104390367	1	0	12	0
1	182	0.0	0.050156324096	1	1	8	0
1	201	0.0	0.050156339884	1	1	13	0
1	82	0.0	0.750103954883	1	0	1	0
1	44	0.0	0.689156416565	1	0	12	0
1	156	0.0	0.350077771344	1	0	10	0
1	84	0.0	0.350813967247	1	0	2	0
1	163	0.0	0.351033091809	1	0	17	0
1	81	0.0	0.351033205292	1	1	16	0
1	171	0.0	0.350814286254	1	0	1	7
1	87	0.0	0.350543105001	1	0	21	0
1	8	0.0	0.650091322058	1	0	15	0
1	303	0.0	0.650091267551	1	0	18	0
1	304	0.0	0.650090922627	1	1	13	17
1	211	0.0	0.350078031307	1	0	14	0
1	24	0.0	0.050156290405	1	0	12	0
1	224	0.0	0.692953671299	1	0	2	5
1	275	0.0	0.350814003075	1	0	2	0
1	247	0.0	0.350103950829	1	0	9	0
1	159	0.0	0.050156079335	1	1	19	0
1	76	0.0	0.050156283625	1	0	24	0
1	258	0.0	0.692953701218	1	0	2	0
1	18	0.0	0.350104139168	1	0	9	0
1	58	0.0	0.050155903718	1	1	17	0
1	294	0.0	0.650091202724	1	0	17	0
1	296	0.0	0.350336777126	1	0	13	0
1	27	0.0	0.351032957692	1	0	19	0
1	253	0.0	0.351033061834	1	1	11	0
1	264	0.0	0.350568676112	1	0	9	0
1	74	0.0	0.0501559585	1	0	22	0
1	83	0.0	0.050155663132	1	0	15	0
1	121	0.0	0.050156392158	1	1	22	0
1	238	0.0	1.65839845014	1	0	8	0
1	147	0.0	0.692953654298	1	0	2	0
1	196	0.0	0.350543252339	1	0	16	0
1	3	0.0	0.650362741507	1	1	4	0
1	4	0.0	0.350078056332	1	0	15	0
1	197	0.0	0.050156328084	1	0	5	0
1	7	0.0	0.750103957149	1	0	1	0
1	10	0.0	0.050156310673	1	1	23	0
1	199	0.0	0.050155781921	1	0	10	0
1	14	0.0	0.05015595637	1	0	10	49
1	17	0.0	0.350078111447	1	0	7	0
1	19	0.0	0.05015627455	1	0	24	0
1	22	0.0	0.650362910026	1	0	5	0
1	32	0.0	0.350078081386	1	0	15	0
1	33	0.0	0.050156372306	1	1	24	2
1	34	0.0	0.650323505875	1	0	13	0
1	35	0.0	0.350568558887	1	0	14	0
1	39	0.0	0.050156075213	1	0	22	9
1	200	0.0	0.350078141301	1	0	7	0
1	202	0.0	0.05015607322	1	0	20	36
1	45	0.0	0.690218805085	1	0	8	0
1	48	0.0	0.350078299856	1	0	3	0
1	49	0.0	0.650323615119	1	0	15	0
1	50	0.0	0.350104413681	1	0	11	0
1	55	0.0	0.050156242658	1	1	22	0
1	57	0.0	0.350104126217	1	0	7	0
1	59	0.0	0.350103970635	1	0	9	9
1	207	0.0	0.05015640751	1	1	16	0
1	60	0.0	0.050156285909	1	0	22	0
1	209	0.0	0.050156033949	1	0	5	0
1	61	0.0	0.050155808301	1	0	12	0
1	66	0.0	0.350104244857	1	1	5	0
1	70	0.0	0.650323625466	1	0	8	0
1	72	0.0	0.750103994448	1	0	1	0
1	194	0.0	0.65009115467	1	0	12	0
1	272	0.0	0.050155833316	1	0	11	0
1	270	0.0	0.650091353116	1	0	10	22
1	77	0.0	0.850116812358	1	0	3	0
1	79	0.0	0.350077948137	1	0	7	9
1	217	0.0	0.690218820185	1	0	7	0
1	86	0.0	0.650091373571	1	0	17	0
1	220	0.0	0.050156262091	1	1	21	0
1	88	0.0	0.050156137219	1	1	19	4
1	221	0.0	0.351033110535	1	1	16	0
1	91	0.0	0.350103964064	1	0	9	0
1	97	0.0	0.350801161634	1	1	10	1
1	228	0.0	0.050156449232	1	1	22	0
1	295	0.0	0.650091320292	1	0	18	0
1	100	0.0	0.350104117189	1	0	8	0
1	102	0.0	0.350336539558	1	0	7	0
1	273	0.0	0.050156341779	1	1	22	0
1	104	0.0	0.35010440617	1	0	6	0
1	105	0.0	0.0501561572	1	1	22	1
1	276	0.0	0.351033100809	1	1	16	0
1	109	0.0	0.050156354184	1	1	22	0
1	235	0.0	0.350814238745	1	0	3	0
1	195	0.0	0.05015628431	1	0	22	0
1	111	0.0	0.350103995575	1	0	9	0
1	112	0.0	0.350078107461	1	0	13	0
1	240	0.0	0.650362847643	1	0	7	0
1	280	0.0	0.050155950088	1	0	21	0
1	115	0.0	0.050156437158	1	1	16	1
1	116	0.0	0.050156035037	1	1	19	0
1	117	0.0	0.050156266922	1	0	7	0
1	241	0.0	0.350078135344	1	0	13	0
1	281	0.0	0.050156455175	1	0	22	0
1	242	0.0	0.3505686641	1	0	13	0
1	244	0.0	0.650091140973	1	1	14	0
1	248	0.0	0.350568623698	1	0	7	0
1	283	0.0	0.351485220208	1	0	11	0
1	250	0.0	0.350077929468	1	0	7	0
1	284	0.0	0.35103303675	1	1	16	0
1	124	0.0	0.35010393962	1	0	8	0
1	285	0.0	0.350104051239	1	0	8	0
1	286	0.0	0.350336809503	1	1	1	0
1	287	0.0	0.750104125204	1	0	1	0
1	252	0.0	0.850117014087	1	0	1	0
1	254	0.0	0.350104316995	1	0	13	0
1	125	0.0	0.350104279148	1	1	3	6
1	126	0.0	0.350774681558	1	0	20	0
1	127	0.0	0.35010428204	1	0	7	0
1	290	0.0	0.650323691214	1	0	15	0
1	132	0.0	0.050156463506	1	1	23	0
1	136	0.0	0.350077985823	1	0	7	0
1	137	0.0	0.050155858333	1	0	10	0
1	138	0.0	0.850117101263	1	0	2	0
1	141	0.0	0.050155802032	1	0	18	0
1	152	0.0	0.650362749549	1	0	6	0
1	297	0.0	0.050156294765	1	1	23	0
1	154	0.0	0.350568347236	1	0	13	0
1	291	0.0	0.050156367197	1	0	14	0
1	164	0.0	0.050156441992	1	1	9	0
1	293	0.0	0.351033229747	1	1	10	0
1	168	0.0	0.0501562731	1	0	24	0
1	169	0.0	0.350078006287	1	0	14	0
1	170	0.0	0.050156368504	1	1	22	0
1	266	0.0	0.350336769151	1	1	1	0
1	172	0.0	0.350077977103	1	0	14	0
1	174	0.0	0.050156363172	1	1	10	1
1	180	0.0	0.35056865947	1	0	16	0
1	188	0.0	0.65009129239	1	0	15	0
1	189	0.0	0.050156366831	1	0	5	0
1	192	0.0	0.050156380062	1	0	15	0
1	193	0.0	0.85011690769	1	0	4	0
2	37	NA 	 NA 	0	0	0	0
2	67	NA 	 NA 	0	0	0	0
2	137	NA 	 NA 	0	0	0	0
2	256	NA 	 NA 	0	0	0	0
2	273	NA 	 NA 	0	0	0	0
2	197	NA 	 NA 	0	0	0	0
2	45	NA 	 NA 	0	0	0	0
2	188	NA 	 NA 	0	0	0	0
2	127	NA 	 NA 	0	0	0	0
2	77	NA 	 NA 	0	0	0	0
2	7	NA 	 NA 	0	0	0	0
2	95	NA 	 NA 	0	0	0	0
2	260	0.0	0.350143191309	1	0	18	0
2	169	0.0	0.35014337591	1	1	10	5
2	182	0.0	0.654762539054	1	0	3	0
2	71	0.0	0.350078081134	1	0	6	0
2	83	0.0	0.653120218306	1	0	7	0
2	153	0.0	0.050143197345	1	1	13	0
2	126	0.0	0.350310805548	1	1	3	0
2	48	0.0	0.351908415772	1	0	3	0
2	79	0.0	0.950103591392	1	0	2	0
2	173	0.0	0.653120212017	1	0	8	0
2	108	0.0	0.351908438312	1	0	3	0
2	115	0.0	0.350310676436	1	0	7	0
2	281	0.0	0.350310523555	1	0	10	0
2	276	0.0	0.350104258214	1	1	5	0
2	133	0.0	0.05014301803	1	0	9	0
2	275	0.0	0.654762713076	1	0	3	0
2	78	0.0	0.350608802366	1	0	2	0
2	242	0.0	0.350337016303	1	0	15	0
2	81	0.0	0.050143367751	1	0	6	4
2	283	0.0	0.050143104657	1	0	15	0
2	211	0.0	0.350077999975	1	0	8	0
2	172	0.0	0.350078389488	1	0	9	0
2	52	0.0	0.654762631513	1	0	5	0
2	263	0.0	0.350078287436	1	0	7	0
2	193	0.0	0.050143225286	1	0	20	0
2	288	0.0	0.35010425343	1	1	5	0
2	59	0.0	0.653120226252	1	0	9	0
2	41	0.0	0.350103884314	1	0	7	0
2	98	0.0	0.350104005375	1	0	5	8
2	208	0.0	0.050143378956	1	1	8	0
2	266	0.0	0.050142890337	1	1	10	0
2	297	0.0	0.050142898369	1	0	7	0
2	58	0.0	0.350143424855	1	0	15	0
2	299	0.0	0.654762330445	1	0	3	0
2	159	0.0	0.35007800291	1	0	12	0
2	271	0.0	0.350078227998	1	0	9	0
2	29	0.0	0.950103707344	1	0	3	2
2	31	0.0	0.050143279379	1	0	15	0
2	85	0.0	0.350337128893	1	0	15	0
2	279	0.0	0.35014334625	1	0	12	0
2	179	0.0	0.350078198635	1	0	6	0
2	66	0.0	0.654762381133	1	0	5	0
2	222	0.0	0.350104347149	1	0	4	0
2	80	0.0	0.050143337838	1	0	9	0
2	304	0.0	0.050142974406	1	1	14	0
2	248	0.0	0.050143068741	1	1	14	0
2	166	0.0	0.350143124014	1	1	16	0
2	148	0.0	0.350104232964	1	0	9	0
2	104	0.0	0.050142729873	1	0	6	0
2	233	0.0	0.350143013932	1	1	16	0
2	213	0.0	0.35010398686	1	0	7	0
2	217	0.0	0.050143223397	1	0	14	0
2	186	0.0	0.350310744259	1	0	10	0
2	74	0.0	0.653315414946	1	0	4	0
2	144	0.0	0.350078309981	1	0	7	0
2	36	0.0	0.050142831307	1	0	7	0
2	286	0.0	0.350078395332	1	1	6	0
2	171	0.0	0.350078043038	1	0	7	0
2	138	0.0	0.690846259415	1	0	1	0
2	224	0.0	0.05014320047	1	0	13	0
2	111	0.0	0.050143236208	1	0	6	0
2	51	0.0	0.05014269873	1	0	6	0
2	146	0.0	0.050142866939	1	1	9	0
2	90	0.0	0.05014306962	1	0	20	0
2	151	0.0	0.350078221272	1	0	7	4
2	13	0.0	0.350078283903	1	0	10	0
2	1	0.0	0.350310811622	1	0	5	0
2	269	0.0	0.050143012629	1	0	7	0
2	101	0.0	0.050142903604	1	0	13	0
2	129	0.0	0.050142915792	1	0	7	0
2	245	0.0	0.350336930949	1	0	15	0
2	177	0.0	0.050143120608	1	1	13	0
2	114	0.0	0.050143053742	1	0	20	0
2	202	0.0	0.654762474664	1	0	5	0
2	136	0.0	0.350078034977	1	0	7	0
2	152	0.0	0.350103905566	1	0	4	0
2	201	0.0	0.350336579591	1	0	19	0
2	91	0.0	0.653315385409	1	0	3	0
2	131	0.0	0.050142689227	1	0	8	0
2	20	0.0	0.050143258017	1	0	5	0
2	5	0.0	0.35010416893	1	0	3	0
2	65	0.0	0.350078304364	1	0	14	0
2	280	0.0	0.050142841514	1	1	9	0
2	212	0.0	0.950104056339	1	0	3	0
2	162	0.0	0.653315257692	1	1	2	0
2	227	0.0	0.050143101274	1	0	11	0
2	284	0.0	0.350104206622	1	0	9	0
2	11	0.0	0.050143241514	1	1	18	0
2	150	0.0	0.050143418771	1	1	17	0
2	63	0.0	0.653120293136	1	0	8	0
2	206	0.0	0.35007831715	1	0	8	0
2	47	0.0	0.653315233189	1	0	4	0
2	30	0.0	0.050143166533	1	1	14	0
2	221	0.0	0.05014260618	1	0	7	0
2	196	0.0	0.654762766082	1	0	5	0
2	139	0.0	0.350078033942	1	0	11	0
2	204	0.0	0.350078332778	1	0	7	0
2	88	0.0	0.350078354884	1	0	7	0
2	60	0.0	0.050143326195	1	1	8	0
2	145	0.0	0.653120108664	1	0	10	0
2	265	0.0	0.050143074897	1	0	13	9
2	250	0.0	0.350336519849	1	0	18	0
2	130	0.0	0.350078279298	1	1	13	0
2	84	0.0	0.050142976017	1	0	16	0
2	190	0.0	0.351349602547	1	0	13	0
2	155	0.0	0.950104144311	1	0	2	0
2	267	0.0	0.050143006784	1	0	7	0
2	239	0.0	0.050143318996	1	1	7	0
2	214	0.0	0.050142862519	1	0	11	0
2	4	0.0	0.350336564878	1	0	19	0
2	223	0.0	0.350078327648	1	0	9	0
2	174	0.0	0.351908339209	1	0	3	0
2	291	0.0	0.35014319559	1	0	19	0
2	109	0.0	0.350077744465	1	0	11	0
2	140	0.0	0.350143355875	1	0	12	0
2	27	0.0	0.653315365528	1	0	4	0
2	142	0.0	0.653315303566	1	0	4	0
2	132	0.0	0.350310644847	1	0	8	0
2	125	0.0	0.050142950224	1	0	6	0
2	272	0.0	0.050143275437	1	0	15	0
2	19	0.0	0.050143009449	1	0	7	0
2	194	0.0	0.654762765166	1	0	5	0
2	54	0.0	0.350336773466	1	0	15	0
2	209	0.0	0.653858862507	1	1	2	0
2	24	0.0	0.050143244778	1	0	5	0
2	92	0.0	0.350143269748	1	0	13	0
2	120	0.0	0.350078162661	1	0	11	0
2	270	0.0	0.653120179908	1	0	9	0
2	55	0.0	0.050143373634	1	0	19	0
2	251	0.0	0.050142960974	1	0	16	0
2	285	0.0	0.050143050092	1	0	13	0
2	178	0.0	0.350608670707	1	0	5	8
2	295	0.0	0.653315259728	1	0	3	0
2	3	0.0	0.05014281275	1	0	10	0
2	15	0.0	0.653120350463	1	0	7	0
2	64	0.0	0.351908379248	1	0	4	0
2	203	0.0	0.350143380251	1	1	8	0
2	156	0.0	0.050143180961	1	0	12	0
2	44	0.0	0.350142875196	1	0	23	0
2	268	0.0	0.050142586103	1	0	7	0
2	230	0.0	0.653120281199	1	0	9	0
2	187	0.0	0.050142576225	1	0	7	0
2	110	0.0	0.3503369072	1	0	15	0
2	241	0.0	0.654762471579	1	0	5	0
2	35	0.0	0.350310642483	1	0	12	0
2	99	0.0	0.350142968508	1	0	22	0
2	195	0.0	0.050143203396	1	1	21	0
2	161	0.0	0.050143319334	1	0	19	0
2	122	0.0	0.050143080462	1	0	13	0
2	93	0.0	0.350078250979	1	0	7	0
2	287	0.0	0.350077894166	1	0	8	0
2	225	0.0	0.654762338406	1	0	3	0
2	226	0.0	0.05014333351	1	0	21	0
2	234	0.0	0.050143243244	1	1	15	1
2	232	0.0	0.950104052848	1	0	3	0
2	175	0.0	0.653120062384	1	0	10	0
2	89	0.0	0.050143016443	1	1	14	0
2	261	0.0	0.350143323398	1	0	10	0
2	254	0.0	0.350078270522	1	1	14	0
2	255	0.0	0.350143368968	1	0	14	0
2	243	0.0	0.050143400064	1	0	6	0
2	68	0.0	0.350310708476	1	0	16	0
2	154	0.0	0.050143173536	1	0	22	19
2	26	0.0	0.050143417766	1	0	22	0
2	141	0.0	0.350336820094	1	0	15	0
2	107	0.0	0.350143428477	1	0	15	0
2	50	0.0	0.350143011819	1	1	15	0
2	157	0.0	0.653120241289	1	0	9	0
2	57	0.0	0.050142928472	1	0	13	0
2	237	0.0	0.350143249665	1	0	15	0
2	247	0.0	0.653315212766	1	0	4	0
2	123	0.0	0.050143294445	1	0	15	0
2	75	0.0	0.050143240061	1	1	20	0
2	191	0.0	0.350143220644	1	0	15	0
2	176	0.0	0.653315233829	1	0	3	0
2	210	0.0	0.350143345162	1	0	12	5
2	294	0.0	0.350143348771	1	0	12	0
2	18	0.0	0.653315315169	1	0	4	0
2	113	0.0	0.350336861959	1	0	15	11
2	22	0.0	0.050142877887	1	1	10	0
2	82	0.0	0.050143351164	1	1	17	0
2	300	0.0	0.654114172459	1	0	3	0
2	100	0.0	0.65476248435	1	0	5	0
2	143	0.0	0.654762700909	1	0	3	0
2	228	0.0	0.050143162606	1	0	13	0
2	73	0.0	0.050142757695	1	0	9	0
2	97	0.0	0.350143022429	1	1	16	0
2	76	0.0	0.65476285374	1	0	5	0
2	262	0.0	0.350337283188	1	0	8	0
2	112	0.0	0.050143047172	1	0	7	0
2	0	0.0	0.050142944554	1	1	13	1
2	2	0.0	0.350143290013	1	0	14	0
2	6	0.0	0.654762693097	1	0	5	0
2	8	0.0	0.050142910959	1	0	7	0
2	303	0.0	0.050143287457	1	0	14	2
2	198	0.0	0.351908019582	1	0	5	0
2	9	0.0	0.350104315388	1	0	4	0
2	10	0.0	0.950103716385	1	0	2	0
2	199	0.0	0.350104239315	1	0	8	11
2	12	0.0	0.350078017255	1	0	7	0
2	200	0.0	0.351908364285	1	0	3	0
2	14	0.0	0.653120373221	1	0	6	0
2	16	0.0	0.050143279991	1	0	15	0
2	17	0.0	0.050143243126	1	0	15	0
2	21	0.0	0.350078330265	1	0	9	0
2	23	0.0	0.350143249542	1	0	14	0
2	274	0.0	0.050142610937	1	0	7	0
2	25	0.0	0.653120249311	1	0	9	0
2	28	0.0	0.050143284164	1	0	19	0
2	205	0.0	0.351908422739	1	0	3	0
2	32	0.0	0.653120406578	1	0	5	0
2	33	0.0	0.050143353473	1	0	21	0
2	34	0.0	0.350336567691	1	0	19	0
2	207	0.0	0.950103946396	1	1	0	0
2	293	0.0	0.654762316977	1	1	2	0
2	38	0.0	0.350143215708	1	0	14	0
2	39	0.0	0.05014337684	1	0	7	0
2	40	0.0	0.350142896685	1	0	22	0
2	42	0.0	0.654762493049	1	0	5	0
2	43	0.0	0.350310719842	1	0	16	0
2	46	0.0	0.050143345612	1	0	21	0
2	49	0.0	0.050142915438	1	0	12	15
2	277	0.0	0.350078263914	1	0	8	0
2	215	0.0	0.050143222185	1	1	13	0
2	216	0.0	0.35014281868	1	0	20	0
2	278	0.0	0.653120363204	1	0	8	0
2	53	0.0	0.050143221237	1	0	14	0
2	218	0.0	0.350104236197	1	0	11	0
2	56	0.0	0.3501432159	1	0	17	0
2	296	0.0	0.350336986612	1	0	15	0
2	219	0.0	0.350142988453	1	0	16	0
2	220	0.0	0.350143156787	1	0	18	0
2	61	0.0	0.050143053202	1	0	12	0
2	62	0.0	0.050143233902	1	0	14	0
2	69	0.0	0.350310587662	1	0	8	0
2	70	0.0	0.050143322038	1	0	22	19
2	72	0.0	0.350103909987	1	0	7	0
2	229	0.0	0.653315271005	1	0	4	0
2	231	0.0	0.050143330879	1	0	8	0
2	86	0.0	0.350336683514	1	0	18	0
2	87	0.0	0.653881769175	1	0	5	0
2	235	0.0	0.35014307864	1	0	18	0
2	236	0.0	0.050143403258	1	1	10	0
2	238	0.0	0.654762793372	1	0	5	0
2	94	0.0	0.050143341272	1	1	8	0
2	282	0.0	0.653315231865	1	0	4	0
2	240	0.0	0.350336575318	1	0	19	0
2	96	0.0	0.050143000001	1	1	15	2
2	244	0.0	0.050142906815	1	0	13	0
2	102	0.0	0.350310630949	1	0	12	0
2	103	0.0	0.35033704361	1	0	15	0
2	105	0.0	0.050142899694	1	1	10	0
2	106	0.0	0.350104312966	1	0	4	0
2	246	0.0	0.350143031564	1	1	17	0
2	249	0.0	0.050142898612	1	0	15	0
2	252	0.0	0.350143408197	1	1	12	23
2	253	0.0	0.654411515268	1	0	4	0
2	116	0.0	0.350336593105	1	0	19	23
2	117	0.0	0.050143328714	1	0	6	8
2	257	0.0	0.950103955725	1	0	2	0
2	118	0.0	0.654762400184	1	0	5	0
2	119	0.0	0.654762363469	1	1	2	0
2	258	0.0	0.653120327849	1	0	8	0
2	259	0.0	0.653315288101	1	0	3	0
2	121	0.0	0.05014268393	1	0	7	0
2	289	0.0	0.351908097342	1	0	6	0
2	124	0.0	0.050142954246	1	0	7	0
2	301	0.0	0.350143426985	1	0	12	0
2	290	0.0	0.050143289977	1	0	15	0
2	264	0.0	0.050143140693	1	0	7	0
2	128	0.0	0.350337245781	1	1	8	0
2	134	0.0	0.653315126034	1	0	3	0
2	135	0.0	0.350337188984	1	0	9	0
2	298	0.0	0.050143308102	1	0	20	0
2	147	0.0	0.350143401304	1	1	8	0
2	149	0.0	0.350104291459	1	0	4	0
2	158	0.0	0.050142635932	1	0	7	0
2	160	0.0	0.653315226672	1	0	4	0
2	163	0.0	0.050143313525	1	1	8	0
2	164	0.0	0.050143353475	1	0	7	0
2	165	0.0	0.35007824621	1	0	13	0
2	167	0.0	0.350103898523	1	0	7	0
2	168	0.0	0.350078413751	1	0	5	0
2	170	0.0	0.350143384348	1	1	12	0
2	180	0.0	0.653120231871	1	0	8	0
2	181	0.0	0.050142901543	1	0	15	0
2	183	0.0	0.654762585805	1	0	5	0
2	302	0.0	0.350336579083	1	0	17	0
2	184	0.0	0.950103967479	1	0	2	0
2	185	0.0	0.653120305388	1	0	9	0
2	292	0.0	0.350143379907	1	0	12	0
2	189	0.0	0.350336981386	1	0	15	0
2	192	0.0	0.050143223777	1	1	14	2
3	59	NA 	 NA 	0	0	0	0
3	134	NA 	 NA 	0	0	0	0
3	4	NA 	 NA 	0	0	0	0
3	50	NA 	 NA 	0	0	0	0
3	15	NA 	 NA 	0	0	0	0
3	219	NA 	 NA 	0	0	0	0
3	274	NA 	 NA 	0	0	0	0
3	86	NA 	 NA 	0	0	0	0
3	147	NA 	 NA 	0	0	0	0
3	90	NA 	 NA 	0	0	0	0
3	198	NA 	 NA 	0	0	0	0
3	110	NA 	 NA 	0	0	0	0
3	129	NA 	 NA 	0	0	0	0
3	126	0.0	0.343875470639	1	0	14	0
3	300	0.0	0.34387576272	1	0	3	0
3	85	0.0	0.043630032169	1	1	13	0
3	215	0.0	0.343902833903	1	0	10	0
3	67	0.0	0.67767668799	1	0	5	5
3	40	0.0	0.043630100716	1	0	15	0
3	237	0.0	0.043629664046	1	0	19	0
3	76	0.0	0.343903169684	1	0	6	0
3	117	0.0	0.677676627844	1	0	5	0
3	1	0.0	0.643617116564	1	0	6	0
3	163	0.0	0.043629504436	1	0	14	0
3	10	0.0	0.343875723042	1	0	7	0
3	81	0.0	1.24370810348	1	0	1	0
3	179	0.0	0.344108511768	1	1	7	0
3	35	0.0	0.043629692984	1	0	17	0
3	100	0.0	0.645094327002	1	0	7	0
3	97	0.0	0.345640249947	1	1	6	0
3	294	0.0	0.343603975722	1	0	16	0
3	125	0.0	0.043630049102	1	1	14	1
3	176	0.0	0.04363016961	1	1	9	0
3	252	0.0	0.344108310611	1	1	8	0
3	290	0.0	0.344340826486	1	0	5	0
3	263	0.0	0.343875622836	1	0	7	0
3	56	0.0	0.043629848061	1	1	10	0
3	188	0.0	0.344419302775	1	0	13	0
3	41	0.0	0.043629840828	1	0	20	0
3	71	0.0	0.343604122623	1	0	14	0
3	9	0.0	0.344340836324	1	0	4	0
3	128	0.0	0.34434065508	1	0	8	0
3	258	0.0	0.343875575436	1	0	11	0
3	37	0.0	0.343903083436	1	0	9	0
3	272	0.0	0.345640288018	1	0	6	0
3	226	0.0	0.64412076163	1	0	3	0
3	109	0.0	0.043629376693	1	0	16	0
3	79	0.0	0.343603878888	1	0	13	0
3	171	0.0	0.343604199391	1	0	12	0
3	279	0.0	0.645094247355	1	0	7	0
3	249	0.0	0.343875602583	1	0	7	0
3	44	0.0	0.344340733755	1	0	6	0
3	244	0.0	0.64376011574	1	0	3	0
3	182	0.0	0.343875367227	1	1	8	0
3	213	0.0	0.345640304643	1	0	9	0
3	173	0.0	0.34387561615	1	0	7	0
3	6	0.0	0.344831825584	1	0	2	0
3	167	0.0	0.345640232864	1	0	9	0
3	265	0.0	0.043629747137	1	1	15	4
3	18	0.0	0.643616758496	1	0	6	0
3	165	0.0	0.043629743748	1	0	12	0
3	180	0.0	0.643616870619	1	0	6	0
3	102	0.0	0.043629807179	1	1	17	11
3	83	0.0	0.344781711415	1	0	13	0
3	220	0.0	0.344781398405	1	0	12	0
3	287	0.0	0.34434094914	1	0	3	0
3	98	0.0	0.343604100521	1	0	9	0
3	196	0.0	0.344340904826	1	0	3	0
3	194	0.0	0.043630156033	1	1	9	0
3	281	0.0	0.043630016079	1	1	16	0
3	26	0.0	0.34387557751	1	0	5	0
3	162	0.0	0.043630013671	1	0	14	0
3	25	0.0	0.344781783704	1	0	13	0
3	260	0.0	0.343875550823	1	0	7	0
3	259	0.0	0.343604159087	1	1	13	0
3	137	0.0	0.043629902727	1	1	13	0
3	124	0.0	0.043630032432	1	0	15	0
3	122	0.0	0.043629358485	1	0	16	0
3	211	0.0	0.643760075116	1	0	11	0
3	282	0.0	0.677676754093	1	0	5	5
3	271	0.0	0.34390310541	1	0	8	0
3	49	0.0	0.043629935501	1	0	11	0
3	118	0.0	0.043629731751	1	1	12	0
3	131	0.0	0.643616714929	1	0	8	0
3	112	0.0	0.043629732966	1	0	17	10
3	183	0.0	0.343604125348	1	0	14	0
3	61	0.0	0.043630098328	1	0	15	0
3	243	0.0	0.343604185568	1	0	19	0
3	30	0.0	0.043629704662	1	0	11	0
3	8	0.0	0.043629777219	1	0	11	0
3	77	0.0	0.04362945062	1	0	14	0
3	174	0.0	0.043629876469	1	0	15	0
3	57	0.0	0.343902909876	1	0	12	0
3	195	0.0	0.343603929644	1	0	15	0
3	52	0.0	0.343604097568	1	0	15	0
3	146	0.0	0.043629792053	1	0	17	0
3	12	0.0	0.343604034792	1	0	12	0
3	299	0.0	0.043629691919	1	0	18	0
3	78	0.0	0.343604161924	1	1	15	0
3	255	0.0	0.344108369736	1	0	9	0
3	68	0.0	0.348125323797	1	0	12	0
3	216	0.0	0.043629705198	1	0	18	0
3	256	0.0	0.344120848142	1	0	6	0
3	205	0.0	0.34360404613	1	0	13	0
3	54	0.0	0.344340812729	1	0	4	0
3	141	0.0	0.644018447289	1	0	7	0
3	87	0.0	0.343903012069	1	0	18	0
3	33	0.0	0.34478183105	1	0	10	0
3	278	0.0	0.343604176127	1	0	5	0
3	75	0.0	0.643617119399	1	0	6	0
3	262	0.0	0.643760169447	1	0	4	0
3	153	0.0	0.344781634319	1	0	8	0
3	273	0.0	0.343604000519	1	0	16	0
3	130	0.0	0.343604045952	1	1	7	0
3	181	0.0	0.043629660736	1	0	19	0
3	103	0.0	0.343604172501	1	0	5	0
3	121	0.0	0.343902823356	1	0	10	0
3	149	0.0	0.343875389746	1	1	8	0
3	264	0.0	0.343902717682	1	0	12	0
3	60	0.0	0.043630028955	1	0	15	0
3	291	0.0	0.043630057215	1	0	17	0
3	285	0.0	0.344120886616	1	1	5	12
3	208	0.0	0.343902833397	1	0	10	0
3	283	0.0	0.345640283575	1	0	9	0
3	42	0.0	0.344340762966	1	0	6	0
3	202	0.0	0.343875506317	1	0	12	0
3	150	0.0	0.343604042066	1	0	15	0
3	214	0.0	0.67767680697	1	0	5	0
3	190	0.0	0.343875686418	1	0	10	0
3	185	0.0	0.043630019641	1	0	14	0
3	166	0.0	0.343902855606	1	0	11	0
3	248	0.0	0.043629350968	1	0	16	0
3	136	0.0	0.343875621079	1	0	14	0
3	298	0.0	0.677676708371	1	0	5	0
3	204	0.0	0.344781606041	1	0	9	0
3	296	0.0	0.348409478611	1	1	7	0
3	207	0.0	0.343604210784	1	0	18	0
3	242	0.0	0.344108624456	1	0	7	0
3	88	0.0	0.04362988387	1	1	14	0
3	155	0.0	0.643760125165	1	0	11	0
3	120	0.0	0.043629834802	1	0	17	0
3	192	0.0	0.677676851062	1	0	5	0
3	193	0.0	0.343604009215	1	0	11	0
3	106	0.0	0.043629614808	1	1	11	0
3	101	0.0	0.344341068813	1	0	3	0
3	189	0.0	0.043630036959	1	1	15	1
3	253	0.0	0.343604168411	1	1	10	0
3	233	0.0	0.644018807837	1	0	5	0
3	45	0.0	0.043630006359	1	0	18	0
3	286	0.0	0.343603900273	1	0	15	0
3	201	0.0	0.343604038644	1	0	12	0
3	203	0.0	0.343902981883	1	0	17	0
3	212	0.0	0.643616804251	1	0	8	0
3	275	0.0	0.043629835659	1	0	15	0
3	115	0.0	0.343903010822	1	0	17	0
3	95	0.0	0.343902867651	1	0	10	0
3	47	0.0	0.345640260682	1	0	9	0
3	168	0.0	0.345640246392	1	1	5	0
3	267	0.0	0.043630158789	1	1	13	0
3	28	0.0	0.343875371901	1	0	13	0
3	92	0.0	0.343875643144	1	0	7	8
3	142	0.0	0.043629728365	1	1	12	0
3	94	0.0	0.643617032469	1	0	5	0
3	31	0.0	0.344781686237	1	0	12	0
3	63	0.0	0.043629944662	1	1	14	0
3	119	0.0	0.643616737572	1	0	8	0
3	104	0.0	0.643617171444	1	0	7	0
3	96	0.0	0.343603993191	1	0	9	0
3	38	0.0	0.6436169578	1	0	7	0
3	53	0.0	0.043629697875	1	1	13	1
3	251	0.0	0.34390290382	1	1	10	4
3	261	0.0	0.343903014034	1	0	17	0
3	11	0.0	0.344781414625	1	0	12	0
3	3	0.0	0.043630130752	1	0	14	0
3	268	0.0	0.043629390565	1	0	17	0
3	239	0.0	0.043630099554	1	0	19	0
3	21	0.0	0.64376017934	1	0	3	0
3	250	0.0	0.643616961097	1	0	2	0
3	17	0.0	0.645094380748	1	0	7	7
3	64	0.0	0.043629665593	1	0	12	10
3	143	0.0	0.344781566347	1	0	10	0
3	266	0.0	0.043629671892	1	0	18	0
3	156	0.0	0.643616841262	1	0	8	15
3	164	0.0	0.343902986717	1	0	17	0
3	217	0.0	0.677676369877	1	0	5	0
3	14	0.0	0.343604152868	1	0	5	0
3	65	0.0	0.343903026933	1	0	18	0
3	123	0.0	0.344108560948	1	0	9	4
3	113	0.0	0.04363018591	1	1	12	0
3	238	0.0	0.043630108883	1	0	10	0
3	34	0.0	0.343875666794	1	0	10	0
3	209	0.0	0.043630000001	1	1	16	0
3	22	0.0	0.043630086457	1	1	8	0
3	36	0.0	0.043630070772	1	0	12	10
3	223	0.0	0.643760110935	1	0	11	0
3	151	0.0	0.644018745701	1	0	7	0
3	170	0.0	0.343903083912	1	0	9	0
3	227	0.0	0.043629684193	1	1	13	0
3	197	0.0	0.343604073619	1	1	14	0
3	16	0.0	0.043630112351	1	1	12	0
3	254	0.0	0.343902957065	1	0	17	0
3	19	0.0	0.043630142272	1	1	18	0
3	160	0.0	0.043630202749	1	1	12	0
3	39	0.0	0.343875759541	1	0	8	0
3	114	0.0	0.643760099789	1	0	3	0
3	292	0.0	0.343875370989	1	0	10	0
3	295	0.0	0.343604179145	1	0	18	4
3	13	0.0	0.043630100209	1	0	19	0
3	224	0.0	0.343604210901	1	0	13	0
3	0	0.0	0.34390301182	1	0	18	0
3	2	0.0	0.643888293867	1	0	5	0
3	5	0.0	0.043630160781	1	1	16	13
3	7	0.0	0.343604194325	1	0	6	0
3	20	0.0	0.04362971604	1	0	12	0
3	218	0.0	0.343875265169	1	0	11	0
3	23	0.0	0.043630066424	1	0	18	0
3	221	0.0	0.343875698984	1	0	7	0
3	24	0.0	0.643616831382	1	0	3	0
3	280	0.0	0.343903044944	1	0	18	0
3	222	0.0	0.643888281216	1	0	5	0
3	27	0.0	0.343603939495	1	0	16	0
3	29	0.0	0.043629804876	1	1	10	0
3	32	0.0	0.344781792994	1	0	12	0
3	43	0.0	0.343604010975	1	0	11	0
3	46	0.0	0.344340753299	1	0	8	0
3	48	0.0	0.04363004888	1	1	17	0
3	51	0.0	0.643760129519	1	0	9	0
3	55	0.0	0.343875634689	1	0	7	0
3	58	0.0	0.043629420981	1	0	14	0
3	62	0.0	0.344108313697	1	0	9	0
3	66	0.0	0.343902671441	1	1	11	0
3	225	0.0	0.343903162871	1	0	7	0
3	228	0.0	0.043630193803	1	1	15	0
3	229	0.0	0.343875660616	1	1	10	0
3	230	0.0	0.643888528896	1	0	3	0
3	69	0.0	0.043630008823	1	0	15	0
3	284	0.0	0.343875606811	1	0	8	0
3	231	0.0	0.643616640492	1	0	5	0
3	301	0.0	0.343903035241	1	0	18	0
3	232	0.0	0.043629368495	1	0	14	15
3	70	0.0	0.645094106758	1	0	5	0
3	234	0.0	0.344340785564	1	0	7	0
3	72	0.0	0.043629756885	1	0	14	0
3	235	0.0	0.344108485575	1	0	9	0
3	73	0.0	0.344781719534	1	1	14	0
3	236	0.0	0.343604015362	1	0	12	0
3	74	0.0	0.644120859521	1	0	3	0
3	80	0.0	0.343875572708	1	0	11	0
3	82	0.0	0.643616778445	1	0	6	0
3	84	0.0	0.043629995763	1	1	16	0
3	89	0.0	0.343603918871	1	0	15	0
3	240	0.0	0.643616725251	1	0	3	0
3	91	0.0	0.043630048487	1	0	15	0
3	93	0.0	0.043629722336	1	0	17	0
3	99	0.0	0.343875572177	1	0	12	0
3	241	0.0	0.6436166868	1	0	8	0
3	245	0.0	0.343603988882	1	0	15	0
3	288	0.0	0.043629730971	1	0	14	0
3	105	0.0	0.043629830238	1	0	17	0
3	107	0.0	0.34441931103	1	0	14	0
3	210	0.0	0.34478166538	1	0	8	0
3	246	0.0	0.345640273369	1	0	7	0
3	247	0.0	0.343604202342	1	1	15	0
3	108	0.0	0.64361704583	1	0	5	0
3	289	0.0	0.643616684421	1	0	7	0
3	111	0.0	0.343604095803	1	1	14	0
3	116	0.0	0.344781793955	1	1	5	0
3	257	0.0	0.643760100152	1	0	11	0
3	127	0.0	0.677676404466	1	0	5	0
3	297	0.0	0.344120901907	1	1	5	10
3	293	0.0	0.344781469503	1	1	11	0
3	132	0.0	0.344340810247	1	0	7	0
3	133	0.0	0.343903181633	1	0	6	0
3	135	0.0	0.043629493346	1	0	16	0
3	138	0.0	0.343604142019	1	1	14	0
3	139	0.0	0.644018610049	1	0	7	0
3	140	0.0	0.043630044342	1	0	17	0
3	144	0.0	0.043629393871	1	0	14	0
3	145	0.0	0.043629649172	1	0	19	0
3	148	0.0	0.343604037865	1	0	14	0
3	152	0.0	0.043629797017	1	0	13	0
3	269	0.0	0.644120967545	1	0	3	0
3	154	0.0	0.344781693392	1	0	11	0
3	157	0.0	0.677676437323	1	0	5	0
3	158	0.0	0.643760128041	1	0	9	0
3	159	0.0	0.343875452704	1	0	13	0
3	161	0.0	0.343603880822	1	0	14	0
3	270	0.0	0.043630086653	1	0	19	0
3	169	0.0	0.343902984213	1	0	12	0
3	172	0.0	0.643888290947	1	0	5	0
3	175	0.0	0.043630132174	1	0	12	0
3	177	0.0	0.34387565517	1	0	7	0
3	178	0.0	0.348125279877	1	0	11	0
3	184	0.0	0.3448318271	1	0	4	0
3	186	0.0	0.344120918161	1	1	5	0
3	187	0.0	0.343604181703	1	1	15	0
3	191	0.0	0.677676755987	1	0	5	0
3	276	0.0	0.043629883261	1	1	18	0
3	199	0.0	0.343604204892	1	0	6	0
3	200	0.0	0.343875381276	1	0	9	0
3	277	0.0	0.344831866589	1	0	2	0
3	206	0.0	0.343875671648	1	0	7	0
4	40	NA 	 NA 	0	0	0	0
4	80	NA 	 NA 	0	0	0	0
4	204	NA 	 NA 	0	0	0	0
4	113	NA 	 NA 	0	0	0	0
4	20	NA 	 NA 	0	0	0	0
4	29	NA 	 NA 	0	0	0	0
4	164	NA 	 NA 	0	0	0	0
4	111	NA 	 NA 	0	0	0	0
4	98	NA 	 NA 	0	0	0	0
4	71	NA 	 NA 	0	0	0	0
4	106	NA 	 NA 	0	0	0	0
4	200	0.0	0.048650947653	1	0	10	0
4	150	0.0	0.348651064458	1	1	4	0
4	73	0.0	0.04865093771	1	1	9	0
4	35	0.0	0.349115486593	1	1	11	0
4	154	0.0	0.048650853584	1	1	6	1
4	16	0.0	0.348883282734	1	0	13	0
4	304	0.0	0.348650622676	1	0	12	0
4	59	0.0	0.348883275522	1	0	14	0
4	68	0.0	0.348650930424	1	0	12	0
4	123	0.0	0.348909450592	1	1	7	0
4	260	0.0	0.349348587922	1	0	6	0
4	5	0.0	0.348909113317	1	0	14	0
4	254	0.0	0.048651019319	1	1	13	1
4	183	0.0	0.659610106306	1	0	3	0
4	142	0.0	0.048650597293	1	0	7	3
4	269	0.0	0.348650829083	1	0	7	0
4	210	0.0	0.34865098838	1	0	12	0
4	82	0.0	0.349115154712	1	0	8	0
4	206	0.0	0.04865074011	1	0	12	0
4	70	0.0	0.3486509721	1	0	11	0
4	27	0.0	0.34865067981	1	0	13	0
4	251	0.0	0.348883329922	1	1	13	0
4	265	0.0	0.048650606337	1	0	7	0
4	273	0.0	0.348909658732	1	0	7	0
4	54	0.0	0.661090179075	1	0	2	0
4	141	0.0	0.048650729878	1	0	8	0
4	299	0.0	0.349826007363	1	0	3	0
4	165	0.0	0.048651097938	1	1	13	1
4	230	0.0	0.348909191812	1	0	15	0
4	116	0.0	0.048651035504	1	1	16	1
4	72	0.0	0.348909599043	1	0	12	0
4	91	0.0	0.349141992076	1	0	4	0
4	231	0.0	0.661703047225	1	0	8	0
4	96	0.0	0.661090356256	1	0	6	0
4	79	0.0	0.348883049409	1	0	12	5
4	171	0.0	0.348650944277	1	0	7	0
4	92	0.0	0.048651057623	1	0	7	0
4	270	0.0	0.04865098811	1	0	12	0
4	185	0.0	0.048650589807	1	0	9	0
4	101	0.0	0.048651037718	1	1	4	2
4	139	0.0	0.048650968798	1	0	12	0
4	6	0.0	0.348883267998	1	0	13	0
4	63	0.0	0.048650945663	1	1	9	0
4	168	0.0	0.348883164164	1	0	12	0
4	77	0.0	0.048650636971	1	0	9	22
4	223	0.0	0.048650810229	1	1	7	2
4	148	0.0	0.349348799485	1	0	4	0
4	126	0.0	0.048650620897	1	0	8	9
4	99	0.0	0.349142138294	1	0	11	0
4	84	0.0	0.349580060212	1	0	4	0
4	290	0.0	0.691602923262	1	0	3	0
4	216	0.0	0.659609867257	1	0	4	0
4	199	0.0	0.349579855162	1	0	7	0
4	176	0.0	0.651822603352	1	0	2	0
4	53	0.0	0.348882865966	1	0	13	0
4	62	0.0	0.348909608526	1	0	12	0
4	76	0.0	0.348909391342	1	0	15	0
4	105	0.0	0.048650663345	1	0	14	0
4	236	0.0	0.651822454911	1	0	2	0
4	297	0.0	0.661703031164	1	0	8	0
4	78	0.0	0.348883253655	1	0	14	16
4	114	0.0	0.048650970971	1	0	12	0
4	160	0.0	0.048650599747	1	0	12	0
4	128	0.0	0.34865093708	1	0	12	0
4	9	0.0	0.048651023287	1	1	15	0
4	102	0.0	0.349114807971	1	0	12	0
4	47	0.0	0.348883684624	1	1	4	0
4	229	0.0	0.348651024543	1	0	12	0
4	44	0.0	0.04865093868	1	1	15	3
4	191	0.0	0.048651049791	1	0	13	0
4	32	0.0	0.048651049705	1	0	8	0
4	253	0.0	0.348651115237	1	0	13	0
4	120	0.0	0.048650626306	1	0	10	0
4	14	0.0	0.048650799472	1	1	11	0
4	194	0.0	0.048650936175	1	0	14	0
4	158	0.0	0.048651045609	1	0	12	0
4	177	0.0	0.348909581322	1	1	6	0
4	195	0.0	0.348650843164	1	0	9	0
4	259	0.0	0.349141972857	1	1	3	6
4	205	0.0	0.04865101236	1	1	12	10
4	133	0.0	0.349141835439	1	0	8	0
4	125	0.0	0.348883067285	1	0	12	0
4	212	0.0	0.651823122972	1	0	6	0
4	241	0.0	0.048650704009	1	0	11	9
4	198	0.0	0.349141825069	1	0	4	0
4	215	0.0	0.349348454738	1	0	5	0
4	124	0.0	0.348676943615	1	0	6	0
4	274	0.0	0.34934878829	1	0	5	0
4	64	0.0	0.048650793	1	1	8	0
4	38	0.0	0.349115131074	1	0	8	0
4	182	0.0	0.349142137251	1	0	11	0
4	30	0.0	0.048650745262	1	0	8	0
4	300	0.0	0.048650907659	1	1	7	2
4	221	0.0	0.348909278419	1	0	14	0
4	258	0.0	0.348909295876	1	0	14	0
4	21	0.0	0.348650841842	1	1	6	0
4	153	0.0	0.349142027801	1	0	11	0
4	56	0.0	0.348677111927	1	0	8	0
4	61	0.0	0.048651066144	1	1	13	1
4	155	0.0	0.048650919013	1	0	8	0
4	103	0.0	0.349142323293	1	0	11	0
4	301	0.0	0.048650825316	1	1	8	0
4	152	0.0	0.048650715089	1	0	12	0
4	151	0.0	0.048650586236	1	0	8	0
4	233	0.0	0.348882903799	1	0	13	0
4	296	0.0	0.348882890992	1	0	13	0
4	24	0.0	0.349348807088	1	0	3	0
4	3	0.0	0.048650605172	1	0	11	0
4	115	0.0	0.348676958951	1	0	6	0
4	278	0.0	0.048650865119	1	1	8	16
4	88	0.0	0.048650599783	1	0	8	0
4	239	0.0	0.349115499072	1	1	1	0
4	112	0.0	0.34934883015	1	0	7	0
4	268	0.0	0.048650890374	1	1	15	3
4	122	0.0	0.048650955644	1	1	15	3
4	42	0.0	0.348909483207	1	0	15	0
4	227	0.0	0.349142175293	1	0	4	0
4	289	0.0	0.348909353104	1	1	9	0
4	202	0.0	0.348650425092	1	0	10	0
4	83	0.0	0.048650929842	1	1	15	3
4	282	0.0	0.348909457911	1	0	8	0
4	181	0.0	0.348909097546	1	0	14	0
4	157	0.0	0.048650928729	1	0	11	0
4	118	0.0	0.048650934406	1	0	9	0
4	275	0.0	0.048650765623	1	1	11	0
4	279	0.0	0.348908978721	1	0	11	0
4	74	0.0	0.348883652411	1	0	7	0
4	94	0.0	0.0486510358	1	0	6	3
4	277	0.0	0.349348471489	1	0	4	0
4	174	0.0	0.348650672606	1	0	13	0
4	66	0.0	0.348650655855	1	0	13	0
4	12	0.0	0.659609981823	1	0	3	0
4	18	0.0	0.348650903504	1	0	7	0
4	75	0.0	0.048650696625	1	0	8	0
4	242	0.0	0.348909257574	1	0	14	0
4	127	0.0	0.048650968059	1	1	9	0
4	159	0.0	0.048651086973	1	0	7	0
4	104	0.0	0.34888346458	1	0	11	0
4	19	0.0	0.048650597297	1	0	9	0
4	67	0.0	0.3489095516	1	0	13	11
4	235	0.0	0.349142164485	1	0	11	0
4	33	0.0	0.048650923019	1	0	9	0
4	137	0.0	0.348909269891	1	1	10	22
4	178	0.0	0.348650761409	1	0	11	0
4	134	0.0	0.348650860628	1	0	7	0
4	303	0.0	0.048650920612	1	1	8	1
4	255	0.0	0.349348426933	1	0	5	23
4	179	0.0	0.348909353582	1	0	15	0
4	2	0.0	0.348650855916	1	0	7	0
4	188	0.0	0.048651015043	1	1	11	0
4	7	0.0	0.348909072541	1	0	14	0
4	143	0.0	0.048650903003	1	1	9	0
4	213	0.0	0.048650910311	1	0	7	12
4	256	0.0	0.348651097663	1	0	5	0
4	291	0.0	0.348883122146	1	0	12	1
4	276	0.0	0.3489094573	1	0	15	0
4	246	0.0	0.348650750866	1	0	8	0
4	144	0.0	0.348909238675	1	0	14	0
4	257	0.0	0.348882998635	1	0	11	0
4	207	0.0	0.348909047423	1	0	13	0
4	147	0.0	0.048651005052	1	0	12	0
4	131	0.0	0.048651021643	1	1	12	4
4	293	0.0	0.348650952161	1	0	18	0
4	209	0.0	0.348650337735	1	0	11	0
4	86	0.0	0.349347554131	1	0	9	0
4	173	0.0	0.661090192383	1	0	2	0
4	228	0.0	0.048651011204	1	0	11	0
4	252	0.0	0.348909540131	1	0	13	0
4	45	0.0	0.348909265605	1	0	14	0
4	121	0.0	0.348909172448	1	1	10	0
4	146	0.0	0.651822590919	1	0	2	0
4	34	0.0	0.659610126638	1	0	3	0
4	295	0.0	0.348909094004	1	1	10	0
4	166	0.0	0.349142126351	1	0	11	0
4	248	0.0	0.048650595066	1	0	8	0
4	264	0.0	0.348909523198	1	0	15	0
4	10	0.0	0.34890929362	1	0	13	20
4	220	0.0	0.348650897976	1	1	6	0
4	95	0.0	0.34914193106	1	1	3	0
4	108	0.0	0.348650558097	1	0	11	0
4	190	0.0	0.348883702491	1	0	5	0
4	136	0.0	0.349115113467	1	0	8	0
4	180	0.0	0.348650862802	1	1	6	0
4	60	0.0	0.349114988412	1	0	9	0
4	55	0.0	0.349142150686	1	0	9	1
4	8	0.0	0.665397746778	1	0	4	0
4	189	0.0	0.34890913811	1	0	15	0
4	167	0.0	0.349349011795	1	1	3	0
4	250	0.0	0.348909111469	1	0	14	0
4	90	0.0	0.348882923212	1	0	13	0
4	110	0.0	0.048650927798	1	0	9	0
4	109	0.0	0.048650322672	1	0	9	0
4	140	0.0	0.348650914741	1	0	10	0
4	69	0.0	0.048650726961	1	0	7	0
4	219	0.0	0.348909456212	1	0	8	38
4	46	0.0	0.348650587362	1	1	10	0
4	184	0.0	0.34865103115	1	0	5	0
4	267	0.0	0.048651057818	1	0	11	2
4	285	0.0	0.048650762338	1	1	11	20
4	25	0.0	0.348909621962	1	0	12	0
4	58	0.0	0.048650928805	1	0	10	0
4	284	0.0	0.349348675738	1	0	6	0
4	0	0.0	0.048651080221	1	1	11	0
4	1	0.0	0.04865099348	1	1	10	0
4	4	0.0	0.349114994766	1	0	10	0
4	11	0.0	0.349142204356	1	0	4	32
4	13	0.0	0.348883294882	1	0	5	0
4	15	0.0	0.349142132403	1	0	11	0
4	208	0.0	0.349579881443	1	0	7	6
4	17	0.0	0.651822801326	1	0	7	0
4	280	0.0	0.048651078253	1	0	6	0
4	22	0.0	0.34957982607	1	0	7	0
4	23	0.0	0.349142232701	1	0	4	0
4	26	0.0	0.048650740338	1	0	8	0
4	28	0.0	0.348651005776	1	0	11	0
4	211	0.0	0.348883086764	1	0	12	0
4	281	0.0	0.348650868089	1	0	12	0
4	214	0.0	0.348883276367	1	0	5	0
4	31	0.0	0.661090340345	1	0	7	0
4	217	0.0	0.04865109375	1	0	13	14
4	36	0.0	0.048650844611	1	1	11	0
4	218	0.0	0.348650881933	1	0	7	0
4	37	0.0	0.048651085878	1	1	12	0
4	39	0.0	0.348651031334	1	0	12	11
4	41	0.0	0.348883333466	1	0	9	0
4	222	0.0	0.349142266539	1	0	4	0
4	43	0.0	0.048651035116	1	1	15	8
4	48	0.0	0.048650289771	1	0	9	0
4	49	0.0	0.348883670187	1	0	6	0
4	224	0.0	0.348650896054	1	0	18	0
4	50	0.0	0.048651076946	1	0	8	0
4	51	0.0	0.651823044048	1	0	6	0
4	225	0.0	0.348883226101	1	0	12	0
4	52	0.0	0.349142001001	1	1	3	0
4	57	0.0	0.349115012815	1	0	9	0
4	226	0.0	0.048651048612	1	0	15	0
4	283	0.0	0.348883361138	1	1	3	0
4	65	0.0	0.348909620501	1	0	11	0
4	302	0.0	0.048650981131	1	1	7	13
4	232	0.0	0.348909396506	1	0	12	0
4	234	0.0	0.349348771477	1	0	5	0
4	81	0.0	0.349115149298	1	0	8	0
4	85	0.0	0.659609610888	1	0	4	0
4	237	0.0	0.348909283811	1	0	15	24
4	238	0.0	0.048650939015	1	1	15	3
4	87	0.0	0.048650919154	1	1	9	1
4	89	0.0	0.651822509447	1	0	2	0
4	286	0.0	0.348650849805	1	0	8	0
4	240	0.0	0.349347591493	1	0	9	0
4	243	0.0	0.048650930163	1	0	12	0
4	93	0.0	0.048651000946	1	1	13	0
4	244	0.0	0.651822588077	1	0	2	0
4	245	0.0	0.349348900991	1	1	3	0
4	287	0.0	0.349579788627	1	0	9	0
4	97	0.0	0.348650842146	1	0	7	0
4	247	0.0	0.348677073623	1	0	5	0
4	100	0.0	0.348650822232	1	0	12	0
4	288	0.0	0.0486509295	1	0	8	0
4	249	0.0	0.348650503748	1	0	11	11
4	107	0.0	0.048651013098	1	1	14	1
4	292	0.0	0.691602800656	1	0	3	0
4	117	0.0	0.349348592558	1	0	6	0
4	119	0.0	0.048651112143	1	0	14	0
4	294	0.0	0.349348558342	1	0	5	0
4	129	0.0	0.349141893035	1	1	3	3
4	130	0.0	0.048650571986	1	0	7	0
4	132	0.0	0.048651017999	1	0	13	0
4	261	0.0	0.048650784215	1	1	11	0
4	135	0.0	0.048650658057	1	0	10	0
4	262	0.0	0.349826002462	1	0	5	0
4	263	0.0	0.348650908326	1	0	12	0
4	138	0.0	0.3486510836	1	0	9	0
4	266	0.0	0.349348458081	1	0	5	0
4	298	0.0	0.348677049802	1	0	5	0
4	145	0.0	0.048651008768	1	0	6	0
4	149	0.0	0.048651119288	1	1	12	3
4	156	0.0	0.349141707701	1	0	5	0
4	161	0.0	0.348677003339	1	0	5	0
4	162	0.0	0.348883673673	1	0	7	0
4	163	0.0	0.349348466298	1	0	5	0
4	271	0.0	0.349141888628	1	0	5	0
4	169	0.0	0.048651002227	1	1	9	0
4	170	0.0	0.048650528123	1	0	7	0
4	172	0.0	0.048650928163	1	1	15	3
4	175	0.0	0.349348516605	1	0	7	0
4	272	0.0	0.651822950321	1	0	7	0
4	186	0.0	0.048651114301	1	1	8	12
4	187	0.0	0.348909302591	1	0	15	0
4	192	0.0	0.348909455448	1	1	7	0
4	193	0.0	0.348909622056	1	0	8	0
4	196	0.0	0.348883312363	1	1	12	0
4	197	0.0	0.348676983583	1	0	12	0
4	201	0.0	0.348909465219	1	0	7	0
4	203	0.0	0.348650765655	1	0	12	0
5	82	NA 	 NA 	0	0	0	0
5	161	NA 	 NA 	0	0	0	0
5	184	NA 	 NA 	0	0	0	0
5	120	NA 	 NA 	0	0	0	0
5	81	NA 	 NA 	0	0	0	0
5	137	NA 	 NA 	0	0	0	0
5	37	NA 	 NA 	0	0	0	0
5	112	NA 	 NA 	0	0	0	0
5	131	NA 	 NA 	0	0	0	0
5	83	NA 	 NA 	0	0	0	0
5	135	0.0	0.349752893774	1	0	6	0
5	1	0.0	0.350629907324	1	0	8	0
5	126	0.0	0.449661891557	1	0	1	0
5	134	0.0	0.349920619902	1	1	5	0
5	33	0.0	0.349752909825	1	0	3	0
5	140	0.0	0.349752891064	1	0	6	0
5	50	0.0	0.349906694206	1	0	16	0
5	205	0.0	0.449661875798	1	1	4	0
5	193	0.0	0.349752822955	1	0	6	0
5	72	0.0	0.049726373312	1	0	11	0
5	80	0.0	0.758072588775	1	0	1	0
5	286	0.0	0.354639813342	1	0	9	0
5	144	0.0	0.349920494223	1	0	7	0
5	236	0.0	0.549713665258	1	1	3	0
5	108	0.0	0.349894431516	1	0	7	0
5	232	0.0	0.349906531826	1	1	15	0
5	260	0.0	0.758072563501	1	1	0	0
5	252	0.0	0.349906663496	1	1	17	0
5	272	0.0	0.049726693352	1	0	13	0
5	41	0.0	0.049726960161	1	1	17	2
5	159	0.0	0.049727002224	1	0	16	0
5	145	0.0	0.049727000001	1	1	20	0
5	204	0.0	0.049726877173	1	1	8	3
5	188	0.0	0.049726455399	1	0	12	0
5	160	0.0	0.350397541388	1	0	15	0
5	295	0.0	0.349906886958	1	0	10	0
5	128	0.0	0.049726910549	1	0	24	0
5	65	0.0	0.350630311847	1	0	12	0
5	122	0.0	0.757501062505	1	0	5	0
5	8	0.0	0.349907102168	1	0	14	0
5	269	0.0	0.049726592489	1	0	12	0
5	43	0.0	0.349674894089	1	0	10	0
5	277	0.0	0.049727089865	1	1	17	5
5	288	0.0	0.34975277328	1	0	6	0
5	86	0.0	0.349661839662	1	0	7	0
5	242	0.0	0.049726587904	1	0	20	0
5	301	0.0	0.549713953269	1	0	4	0
5	75	0.0	0.049726836614	1	1	18	0
5	45	0.0	0.349906806523	1	0	24	0
5	220	0.0	0.349661815029	1	0	9	0
5	156	0.0	0.04972685815	1	0	9	8
5	107	0.0	0.049726686975	1	0	15	0
5	292	0.0	0.349662015225	1	0	16	0
5	179	0.0	0.049727047166	1	0	26	0
5	244	0.0	0.049726530706	1	1	28	0
5	5	0.0	0.04972680648	1	1	11	0
5	10	0.0	0.349906599316	1	1	15	0
5	276	0.0	0.449661771835	1	0	7	0
5	74	0.0	0.049726888022	1	0	22	0
5	146	0.0	0.349752804061	1	0	7	0
5	158	0.0	0.049726549018	1	0	19	0
5	13	0.0	0.049727096564	1	1	17	1
5	175	0.0	0.049726577956	1	1	30	13
5	186	0.0	0.0497268444	1	1	22	0
5	287	0.0	0.349907053335	1	0	14	0
5	267	0.0	0.549713553028	1	0	5	0
5	123	0.0	0.349753074815	1	0	4	0
5	285	0.0	0.349906820637	1	0	16	0
5	153	0.0	0.757500995587	1	0	15	0
5	61	0.0	0.049726927359	1	0	22	0
5	280	0.0	0.449661944245	1	0	6	0
5	113	0.0	0.049726335117	1	0	18	21
5	11	0.0	0.349907059223	1	1	16	0
5	19	0.0	0.34966178319	1	0	14	0
5	194	0.0	0.049726667091	1	0	10	0
5	66	0.0	0.34966204834	1	0	14	0
5	93	0.0	0.350165479756	1	0	23	0
5	103	0.0	0.349906989627	1	0	22	0
5	148	0.0	0.349907073583	1	0	15	0
5	176	0.0	0.35019184993	1	1	3	0
5	241	0.0	0.34990679164	1	1	14	1
5	143	0.0	0.049726953946	1	1	5	0
5	254	0.0	0.350630262374	1	0	5	0
5	64	0.0	0.34989423919	1	0	7	0
5	155	0.0	0.349920163425	1	0	8	23
5	4	0.0	0.649674544605	1	0	4	0
5	223	0.0	0.757501098805	1	0	5	0
5	149	0.0	0.649674723216	1	0	2	0
5	166	0.0	0.049726809402	1	0	19	0
5	12	0.0	0.049726966442	1	0	21	0
5	202	0.0	0.349661998048	1	0	8	0
5	24	0.0	0.349753064962	1	0	4	0
5	31	0.0	0.049726589011	1	0	18	0
5	235	0.0	0.349906762611	1	1	14	0
5	294	0.0	0.349752692663	1	0	8	3
5	42	0.0	0.349661967218	1	0	9	0
5	46	0.0	0.349752576323	1	0	8	0
5	191	0.0	0.449893728455	1	0	9	0
5	251	0.0	0.049727048715	1	1	19	0
5	15	0.0	0.349661931786	1	0	8	0
5	91	0.0	0.34975257403	1	1	3	0
5	219	0.0	0.349906684867	1	0	15	0
5	95	0.0	0.049726579662	1	1	18	0
5	157	0.0	0.049726974427	1	1	18	0
5	281	0.0	0.049726911171	1	0	17	5
5	20	0.0	0.049726909624	1	1	19	0
5	300	0.0	0.449661853829	1	0	6	0
5	100	0.0	0.349752970639	1	1	4	0
5	271	0.0	0.349906964472	1	0	15	2
5	117	0.0	0.34966188764	1	0	17	0
5	133	0.0	0.049726935815	1	0	18	0
5	234	0.0	0.049726804143	1	1	11	3
5	189	0.0	0.349920180079	1	0	7	0
5	245	0.0	0.049726879527	1	0	19	0
5	229	0.0	0.049726944947	1	0	12	0
5	29	0.0	0.649674616879	1	0	3	0
5	261	0.0	0.349661703089	1	0	10	0
5	181	0.0	0.3501914517	1	0	21	0
5	165	0.0	0.049726923621	1	0	21	0
5	207	0.0	0.049727072572	1	0	25	0
5	237	0.0	0.349752599116	1	0	8	0
5	250	0.0	0.349661820776	1	0	17	0
5	59	0.0	0.3503976384	1	0	11	15
5	293	0.0	0.678663552559	1	0	2	0
5	7	0.0	0.049727085923	1	0	9	0
5	238	0.0	0.350191699097	1	0	12	0
5	185	0.0	0.349753011603	1	0	5	0
5	124	0.0	0.349661731796	1	0	10	0
5	138	0.0	0.049726894087	1	1	20	1
5	121	0.0	0.049727047533	1	0	7	0
5	297	0.0	0.350191655051	1	0	11	0
5	77	0.0	0.350191633607	1	0	16	0
5	119	0.0	0.349906726375	1	0	16	3
5	18	0.0	0.049726242763	1	0	23	0
5	110	0.0	0.049726963936	1	2	18	0
5	23	0.0	0.049726885037	1	1	19	0
5	265	0.0	0.349674902222	1	0	20	0
5	125	0.0	0.04972689061	1	1	19	0
5	132	0.0	0.349752482598	1	0	10	0
5	70	0.0	0.349662011541	1	0	8	0
5	116	0.0	0.049726719224	1	1	23	0
5	213	0.0	0.44966196357	1	0	6	0
5	255	0.0	0.349907083395	1	1	17	0
5	115	0.0	0.349906650017	1	1	27	0
5	230	0.0	0.349752501866	1	0	8	0
5	39	0.0	0.049727092601	1	0	25	0
5	164	0.0	0.349752504374	1	0	6	0
5	102	0.0	0.349907030716	1	1	10	0
5	17	0.0	0.350191646349	1	0	8	0
5	151	0.0	0.34975289592	1	0	3	0
5	171	0.0	0.349907111304	1	1	14	0
5	192	0.0	0.049726578309	1	1	20	0
5	218	0.0	0.049726868775	1	0	9	0
5	228	0.0	0.349661759073	1	0	15	0
5	52	0.0	0.349662090684	1	0	6	0
5	71	0.0	0.049726645148	1	0	19	0
5	68	0.0	0.349753095671	1	0	4	0
5	217	0.0	0.349752592311	1	0	8	0
5	200	0.0	0.349661836102	1	0	10	0
5	289	0.0	0.549713575147	1	0	5	0
5	78	0.0	0.049726957708	1	0	16	16
5	136	0.0	0.04972694983	1	1	28	0
5	21	0.0	0.349661888526	1	1	8	2
5	127	0.0	0.049726899475	1	0	17	0
5	197	0.0	0.649674417876	1	0	3	0
5	142	0.0	0.449893712621	1	0	5	0
5	302	0.0	0.64967479334	1	0	1	0
5	266	0.0	0.04972692115	1	1	32	2
5	104	0.0	0.64967464983	1	0	1	0
5	275	0.0	0.349907012875	1	0	12	0
5	6	0.0	0.349906749972	1	0	14	0
5	56	0.0	0.049726576949	1	1	22	28
5	182	0.0	0.349920265313	1	0	8	0
5	152	0.0	0.349674895337	1	0	20	0
5	224	0.0	0.350191315625	1	0	13	6
5	264	0.0	0.349906627902	1	0	24	0
5	180	0.0	0.349906670677	1	0	15	0
5	195	0.0	0.349906976771	1	0	14	0
5	172	0.0	0.049726989907	1	1	20	1
5	27	0.0	0.049726714931	1	0	18	0
5	198	0.0	0.349661566429	1	0	6	0
5	60	0.0	0.349906682132	1	0	15	0
5	99	0.0	0.649752905195	1	0	3	0
5	196	0.0	0.049726808644	1	0	20	0
5	284	0.0	0.049726688884	1	0	18	0
5	141	0.0	0.349752435377	1	0	10	0
5	97	0.0	0.049727012241	1	0	28	0
5	90	0.0	0.349752704051	1	0	12	0
5	222	0.0	0.349674895104	1	0	20	0
5	249	0.0	0.049726940859	1	0	21	0
5	163	0.0	0.049726911305	1	0	14	0
5	89	0.0	0.049727074406	1	1	18	0
5	0	0.0	0.349894383067	1	0	17	0
5	2	0.0	0.349674895002	1	0	13	0
5	203	0.0	0.349906857113	1	0	27	9
5	3	0.0	0.349907164132	1	0	27	0
5	9	0.0	0.349661609196	1	0	6	0
5	14	0.0	0.049726931735	1	1	6	2
5	16	0.0	0.049726990327	1	4	9	0
5	22	0.0	0.049726582337	1	0	9	60
5	25	0.0	0.049727052298	1	0	20	0
5	26	0.0	0.04972680304	1	0	25	0
5	206	0.0	0.049727001799	1	0	12	0
5	28	0.0	0.349661801087	1	0	8	33
5	30	0.0	0.350191385812	1	0	13	0
5	208	0.0	0.349661933356	1	0	18	0
5	32	0.0	0.349752931378	1	0	7	0
5	209	0.0	0.049726732715	1	0	19	0
5	34	0.0	0.350153031989	1	0	7	0
5	35	0.0	0.350397502335	1	0	14	0
5	36	0.0	0.349752644562	1	0	8	0
5	38	0.0	0.349752662848	1	0	7	0
5	40	0.0	0.049726600146	1	0	21	0
5	210	0.0	0.349674900797	1	0	13	0
5	211	0.0	0.049726880265	1	1	8	2
5	44	0.0	0.04972672399	1	0	30	0
5	47	0.0	0.049726664975	1	0	30	18
5	48	0.0	0.350191534028	1	0	11	0
5	49	0.0	0.049727058132	1	0	20	12
5	51	0.0	0.049726572342	1	1	22	0
5	212	0.0	0.049726581718	1	1	22	0
5	214	0.0	0.350153026228	1	0	6	0
5	215	0.0	0.649674611118	1	0	3	24
5	273	0.0	0.049726560842	1	0	23	0
5	53	0.0	0.549713612044	1	0	4	0
5	216	0.0	0.349894128708	1	0	17	0
5	274	0.0	0.649674582107	1	0	3	0
5	54	0.0	0.04972668314	1	0	13	0
5	55	0.0	0.049727008747	1	2	18	0
5	57	0.0	0.449661920466	1	1	5	0
5	58	0.0	0.34966189495	1	0	9	0
5	221	0.0	0.049726930419	1	0	9	23
5	62	0.0	0.649675016091	1	0	6	0
5	63	0.0	0.349920235069	1	0	9	0
5	225	0.0	0.049726910486	1	0	25	0
5	67	0.0	0.349920197203	1	0	9	0
5	226	0.0	0.449893929993	1	0	5	0
5	227	0.0	0.649674592897	1	0	1	0
5	69	0.0	0.049726952036	1	1	30	1
5	73	0.0	0.349752631346	1	0	8	0
5	231	0.0	0.049726855452	1	1	30	2
5	76	0.0	0.349920561413	1	0	7	0
5	79	0.0	0.049726698649	1	0	32	0
5	298	0.0	0.649674682986	1	0	1	0
5	84	0.0	0.049726752312	1	0	13	0
5	85	0.0	0.049726995324	1	1	25	0
5	233	0.0	0.349920326146	1	1	6	0
5	87	0.0	0.350191321569	1	1	12	0
5	88	0.0	0.35019131218	1	0	13	0
5	278	0.0	0.349894355136	1	0	17	0
5	92	0.0	0.049726952453	1	0	8	0
5	239	0.0	0.349920175371	1	0	7	0
5	94	0.0	0.349920293128	1	1	7	0
5	240	0.0	0.350191248773	1	0	23	0
5	279	0.0	0.049726908591	1	0	7	25
5	303	0.0	0.649674754302	1	0	1	0
5	96	0.0	0.349920252292	1	0	9	0
5	243	0.0	0.349675053522	1	0	11	0
5	98	0.0	0.349674906881	1	1	12	0
5	246	0.0	0.350630282954	1	0	21	0
5	101	0.0	0.049726632494	1	0	25	0
5	282	0.0	0.449661970924	1	0	5	0
5	105	0.0	0.049726832541	1	1	22	0
5	106	0.0	0.349920198799	1	0	9	0
5	247	0.0	0.349662063581	1	0	16	0
5	109	0.0	0.049727018302	1	0	26	0
5	111	0.0	0.349920192918	1	0	19	0
5	248	0.0	0.757501096852	1	0	15	0
5	114	0.0	0.049726986232	1	0	10	0
5	118	0.0	0.04972709494	1	0	9	0
5	296	0.0	0.349661852103	1	0	14	0
5	201	0.0	0.349661869077	1	0	17	0
5	291	0.0	0.44966198268	1	0	5	0
5	299	0.0	0.549713784705	1	1	3	0
5	253	0.0	0.049726557921	1	0	23	0
5	283	0.0	0.349907028773	1	1	23	0
5	256	0.0	0.04972700853	1	0	10	0
5	257	0.0	0.049726791123	1	1	29	0
5	258	0.0	0.049726984906	1	1	29	1
5	259	0.0	0.678663561682	1	0	5	0
5	262	0.0	0.049726633213	1	0	17	38
5	129	0.0	0.349752515548	1	0	20	0
5	263	0.0	0.349752610507	1	0	8	0
5	130	0.0	0.34992027711	1	0	8	0
5	304	0.0	23.7497269532	0	0	11	0
5	139	0.0	0.349675014643	1	1	11	1
5	147	0.0	0.349752705896	1	0	7	0
5	150	0.0	0.049726894409	1	0	22	0
5	154	0.0	0.349752566197	1	0	7	0
5	162	0.0	0.049726565646	1	1	21	0
5	268	0.0	1.06019196551	1	0	7	0
5	167	0.0	0.34966202228	1	1	17	0
5	168	0.0	0.549713926029	1	0	5	0
5	169	0.0	0.049726726834	1	0	24	51
5	170	0.0	0.350153022518	1	0	7	0
5	173	0.0	1.0601918895	1	0	8	0
5	174	0.0	0.349661918014	1	1	8	6
5	270	0.0	0.349661864106	1	0	10	0
5	177	0.0	0.349661909882	1	0	17	0
5	178	0.0	0.449893671359	1	0	14	0
5	183	0.0	0.049726893475	1	0	13	0
5	187	0.0	0.349661942601	1	0	8	0
5	290	0.0	0.049727050476	1	1	8	2
5	190	0.0	0.349674897061	1	0	20	0
5	199	0.0	0.34966168193	1	0	8	0
6	37	NA 	 NA 	0	0	0	0
6	156	NA 	 NA 	0	0	0	0
6	34	NA 	 NA 	0	0	0	0
6	73	NA 	 NA 	0	0	0	0
6	117	NA 	 NA 	0	0	0	0
6	63	NA 	 NA 	0	0	0	0
6	101	NA 	 NA 	0	0	0	0
6	256	NA 	 NA 	0	0	0	0
6	247	NA 	 NA 	0	0	0	0
6	232	NA 	 NA 	0	0	0	0
6	188	NA 	 NA 	0	0	0	0
6	45	NA 	 NA 	0	0	0	0
6	127	NA 	 NA 	0	0	0	0
6	7	NA 	 NA 	0	0	0	0
6	79	NA 	 NA 	0	0	0	0
6	153	NA 	 NA 	0	0	0	0
6	77	NA 	 NA 	0	0	0	0
6	169	0.0	0.345827427683	1	0	3	0
6	182	0.0	0.645892092688	1	0	1	0
6	71	0.0	0.345826879502	1	0	16	0
6	126	0.0	0.347807958743	1	0	11	0
6	83	0.0	0.646111780433	1	0	1	0
6	48	0.0	0.345827423712	1	0	7	0
6	108	0.0	0.34582741793	1	1	7	0
6	115	0.0	0.346060137629	1	0	12	0
6	260	0.0	0.345827252324	1	0	2	0
6	173	0.0	0.646111774822	1	0	1	0
6	89	0.0	0.045814488909	1	0	6	0
6	186	0.0	0.34780807349	1	0	8	0
6	276	0.0	0.645840320222	1	0	1	0
6	78	0.0	0.645840455574	1	0	1	0
6	275	0.0	0.645892306823	1	0	1	0
6	98	0.0	0.445814415467	1	1	0	0
6	281	0.0	0.346059905766	1	0	15	0
6	133	0.0	0.045814116874	1	0	19	0
6	283	0.0	0.045814203345	1	0	5	0
6	130	0.0	0.346059941755	1	1	16	0
6	81	0.0	0.04581448344	1	0	12	0
6	172	0.0	0.346060105436	1	1	16	0
6	263	0.0	0.345827075403	1	1	10	0
6	212	0.0	0.345826863274	1	0	16	0
6	41	0.0	0.346292272751	1	0	3	0
6	52	0.0	0.346059750318	1	0	2	0
6	301	0.0	0.045814481571	1	1	18	0
6	279	0.0	0.345827358924	1	0	3	0
6	65	0.0	0.346059813173	1	0	17	0
6	193	0.0	0.045814344843	1	0	4	0
6	271	0.0	0.345827291194	1	0	15	0
6	104	0.0	0.045813868574	1	0	14	3
6	269	0.0	0.045814086359	1	0	11	0
6	266	0.0	0.045813993015	1	0	15	11
6	303	0.0	0.045813975682	1	0	11	0
6	159	0.0	0.345827289051	1	0	16	0
6	85	0.0	0.64583980431	1	0	1	0
6	214	0.0	0.346292261876	1	0	3	0
6	223	0.0	0.645840523235	1	0	1	0
6	304	0.0	0.645892015605	1	0	1	0
6	92	0.0	0.345827152735	1	0	2	0
6	179	0.0	0.345826996178	1	0	12	0
6	138	0.0	0.752821356887	1	0	0	0
6	249	0.0	0.045814172265	1	0	5	3
6	243	0.0	0.346292400078	1	1	1	0
6	29	0.0	0.346059675185	1	0	2	0
6	288	0.0	0.645840302331	1	0	1	0
6	241	0.0	0.045814333067	1	0	6	0
6	166	0.0	0.345827081105	1	0	4	0
6	31	0.0	0.045814380699	1	2	17	0
6	208	0.0	0.045814430103	1	1	18	1
6	144	0.0	0.345827097065	1	1	10	0
6	80	0.0	0.045814480035	1	1	17	0
6	132	0.0	0.346060098753	1	0	13	0
6	286	0.0	0.346060240249	1	0	17	0
6	74	0.0	0.346059716509	1	0	2	0
6	95	0.0	0.045814473081	1	1	2	0
6	129	0.0	0.045814026211	1	0	10	0
6	215	0.0	0.045814001586	1	0	15	0
6	151	0.0	0.345827005444	1	0	11	0
6	298	0.0	0.045814081137	1	0	18	0
6	66	0.0	0.345827481945	1	0	3	0
6	174	0.0	0.345827332423	1	0	8	0
6	90	0.0	0.045814225767	1	1	10	0
6	194	0.0	0.346059602132	1	0	2	0
6	148	0.0	0.44581450021	1	0	10	0
6	152	0.0	0.445814340826	1	0	3	0
6	51	0.0	0.045813807567	1	0	16	0
6	11	0.0	0.045814347235	1	0	15	0
6	84	0.0	0.045814002836	1	0	11	0
6	190	0.0	0.345827504455	1	0	2	0
6	1	0.0	0.34780799487	1	0	11	0
6	38	0.0	0.345827133471	1	0	3	0
6	177	0.0	0.045814222537	1	0	26	0
6	209	0.0	0.346059702551	1	0	2	0
6	58	0.0	0.345827488096	1	0	2	0
6	60	0.0	0.045814386102	1	1	19	1
6	306	0.0	0.345827318555	1	0	8	0
6	246	0.0	0.346292350526	1	1	5	0
6	136	0.0	0.34582689994	1	0	17	0
6	240	0.0	0.045814346928	1	1	7	1
6	308	0.0	35.5517553955	0	0	8	0
6	162	0.0	0.647239990143	1	0	4	0
6	91	0.0	0.647239955703	1	0	4	0
6	220	0.0	0.345826975768	1	0	12	0
6	111	0.0	0.045814346501	1	0	22	0
6	20	0.0	0.045814362336	1	0	5	0
6	13	0.0	0.346059891867	1	1	22	0
6	5	0.0	0.445814478072	1	1	10	0
6	250	0.0	0.045814022109	1	0	4	0
6	47	0.0	0.647239832126	1	0	4	0
6	36	0.0	0.045813678096	1	0	20	0
6	300	0.0	0.646111791987	1	0	5	0
6	206	0.0	0.345827506853	1	0	18	0
6	305	0.0	0.345827397296	1	0	10	0
6	280	0.0	0.045813942317	1	0	13	0
6	150	0.0	0.345827215844	1	0	10	0
6	273	0.0	0.345827096833	1	0	12	0
6	146	0.0	0.045813968493	1	0	14	0
6	268	0.0	0.045813687974	1	0	23	0
6	210	0.0	0.346059584358	1	0	2	0
6	155	0.0	0.646085720472	1	0	0	0
6	267	0.0	0.045814099548	1	1	4	0
6	30	0.0	0.045814234251	1	1	19	0
6	222	0.0	0.045813703037	1	0	22	0
6	76	0.0	0.645827224597	1	0	1	0
6	291	0.0	0.345827329861	1	0	11	0
6	204	0.0	0.34582711932	1	1	16	0
6	139	0.0	0.345827343852	1	0	18	0
6	272	0.0	0.045814375593	1	1	27	0
6	251	0.0	0.345827250453	1	0	9	0
6	88	0.0	0.345827230708	1	0	11	0
6	284	0.0	0.346292397073	1	0	4	0
6	265	0.0	0.045814182491	1	1	5	0
6	242	0.0	0.345827450455	1	0	3	0
6	270	0.0	0.345827456703	1	0	7	0
6	55	0.0	0.045814477514	1	0	8	0
6	145	0.0	0.345827331207	1	1	9	0
6	28	0.0	0.345827197157	1	0	3	0
6	238	0.0	0.345827234201	1	0	7	0
6	225	0.0	0.045814239075	1	0	11	0
6	114	0.0	0.045814156611	1	0	11	0
6	54	0.0	0.346292300735	1	0	8	0
6	125	0.0	0.045814204273	1	0	20	0
6	255	0.0	0.345827451102	1	0	2	0
6	195	0.0	0.045814348371	1	1	12	0
6	109	0.0	0.045814518405	1	1	24	0
6	19	0.0	0.045814063552	1	1	6	1
6	3	0.0	0.045813907953	1	0	2	0
6	27	0.0	0.645827172348	1	0	1	0
6	142	0.0	0.648340878125	1	0	3	0
6	233	0.0	0.64582729688	1	0	1	0
6	107	0.0	0.345827490869	1	0	3	0
6	224	0.0	0.346060046168	1	1	22	0
6	261	0.0	0.345827202816	1	0	2	0
6	15	0.0	0.345827518318	1	0	9	0
6	67	0.0	0.647239896589	1	0	4	0
6	140	0.0	0.345827330224	1	1	8	0
6	120	0.0	0.345827418857	1	0	25	0
6	26	0.0	0.045814357032	1	0	4	0
6	178	0.0	0.645840069601	1	1	6	0
6	122	0.0	0.045814153141	1	1	23	0
6	64	0.0	0.345827384168	1	0	13	0
6	99	0.0	0.345826852087	1	0	10	0
6	110	0.0	0.346292337561	1	0	5	0
6	171	0.0	0.04581439064	1	1	19	0
6	196	0.0	0.346059752902	1	0	25	0
6	228	0.0	0.045814399025	1	0	9	0
6	202	0.0	0.345827461234	1	0	3	0
6	231	0.0	0.345827509105	1	0	3	0
6	24	0.0	0.045814378826	1	0	20	0
6	93	0.0	0.345827032677	1	1	19	0
6	175	0.0	0.345827352476	1	0	4	0
6	226	0.0	0.346059770711	1	0	1	0
6	176	0.0	0.647240021415	1	0	4	0
6	123	0.0	0.045814396355	1	1	19	0
6	244	0.0	0.045814443666	1	0	19	0
6	35	0.0	0.347807993322	1	0	13	0
6	213	0.0	0.645827350175	1	0	1	0
6	68	0.0	0.347808042901	1	0	9	0
6	235	0.0	0.045814345179	1	2	25	1
6	227	0.0	0.045814435381	1	0	12	0
6	287	0.0	0.045814514817	1	1	24	0
6	17	0.0	0.045814324065	1	2	16	0
6	75	0.0	0.045814340803	1	0	5	0
6	191	0.0	0.345827145043	1	0	2	0
6	157	0.0	0.345827369853	1	0	8	0
6	211	0.0	0.345827350834	1	0	9	0
6	22	0.0	0.045813979547	1	0	15	0
6	16	0.0	0.045814467752	1	0	17	0
6	82	0.0	0.045814424335	1	0	9	0
6	285	0.0	0.045814159611	1	0	12	0
6	299	0.0	0.645891989628	1	0	8	0
6	161	0.0	0.045814420083	1	0	11	0
6	18	0.0	0.645827270884	1	0	2	0
6	112	0.0	0.045814150375	1	0	19	0
6	113	0.0	0.346292192321	1	0	8	0
6	252	0.0	0.045814054089	1	0	11	0
6	154	0.0	0.045814414853	1	0	6	0
6	297	0.0	0.045814062735	1	0	19	0
6	248	0.0	0.646085864101	1	0	5	0
6	277	0.0	0.345827231433	1	0	20	0
6	181	0.0	0.045814000499	1	0	3	0
6	282	0.0	0.645827453471	1	0	5	0
6	257	0.0	0.645827406469	1	0	1	0
6	198	0.0	0.345827047955	1	0	11	0
6	203	0.0	0.345827273151	1	0	2	0
6	143	0.0	0.64589200687	1	0	2	0
6	100	0.0	0.345827482741	1	0	3	0
6	69	0.0	0.346060054327	1	0	14	0
6	262	0.0	0.645839984324	1	1	8	0
6	0	0.0	0.045814035276	1	0	18	0
6	2	0.0	0.345827327983	1	1	1	0
6	4	0.0	0.345827258241	1	0	12	0
6	6	0.0	0.345827498124	1	0	2	0
6	8	0.0	0.045814000001	1	0	18	0
6	197	0.0	0.346059784115	1	0	23	0
6	9	0.0	0.645840474092	1	1	8	1
6	10	0.0	0.346059622771	1	1	1	0
6	199	0.0	0.44581451798	1	1	9	0
6	12	0.0	0.345826875098	1	0	25	0
6	200	0.0	0.345827338633	1	0	8	17
6	14	0.0	0.645891736464	1	0	5	0
6	21	0.0	0.346060024314	1	1	16	0
6	201	0.0	0.345827297767	1	0	12	0
6	23	0.0	0.345827149177	1	0	2	0
6	274	0.0	0.045813712808	1	0	22	0
6	25	0.0	0.345827368195	1	0	4	0
6	205	0.0	0.345827409285	1	0	8	0
6	32	0.0	0.345827394533	1	0	2	0
6	33	0.0	0.345826919275	1	0	5	0
6	295	0.0	0.345827030325	1	0	3	0
6	207	0.0	0.645827352666	1	0	1	0
6	293	0.0	0.646344361302	1	0	0	0
6	39	0.0	0.045814477012	1	0	12	0
6	40	0.0	0.345826794797	1	0	8	0
6	42	0.0	0.345827410978	1	0	3	0
6	43	0.0	0.347808047708	1	0	9	0
6	44	0.0	0.045814518986	1	1	9	0
6	46	0.0	0.045814447483	1	0	12	0
6	49	0.0	0.045814010193	1	0	10	0
6	216	0.0	0.045814324937	1	1	17	0
6	217	0.0	0.345827040112	1	0	11	0
6	50	0.0	0.34582704725	1	0	4	0
6	278	0.0	0.645892089943	1	0	8	0
6	53	0.0	0.045814320726	1	0	14	0
6	218	0.0	0.045814372915	1	0	25	0
6	219	0.0	0.346292352315	1	0	10	0
6	56	0.0	0.345827132113	1	0	2	0
6	57	0.0	0.045814060216	1	0	11	0
6	302	0.0	0.346292388568	1	0	11	0
6	59	0.0	0.345827426782	1	1	9	0
6	221	0.0	0.345827346124	1	0	6	0
6	61	0.0	0.045814176709	1	1	11	0
6	62	0.0	0.045814329254	1	0	18	0
6	229	0.0	0.045814283985	1	0	17	0
6	70	0.0	0.045814423909	1	0	11	0
6	72	0.0	0.346292245533	1	0	11	0
6	296	0.0	0.045813696261	1	0	23	0
6	230	0.0	0.645827341028	1	0	3	0
6	307	0.0	0.045814155073	1	1	11	1
6	234	0.0	0.345827064075	1	0	11	0
6	86	0.0	0.346292344462	1	0	10	0
6	87	0.0	0.64584003456	1	0	0	0
6	236	0.0	0.345826998636	1	0	11	0
6	237	0.0	0.045814460443	1	0	11	0
6	239	0.0	0.346059599015	1	0	2	0
6	94	0.0	0.345827003174	1	0	11	17
6	96	0.0	0.045814122881	1	0	5	0
6	97	0.0	0.345827028701	1	0	11	0
6	294	0.0	0.345827329945	1	0	3	0
6	245	0.0	0.045814003713	1	0	10	0
6	102	0.0	0.346060064324	1	0	21	0
6	103	0.0	0.346292405815	1	0	8	0
6	105	0.0	0.045814027012	1	0	21	0
6	106	0.0	0.345827502774	1	0	13	0
6	253	0.0	0.34582745431	1	0	2	0
6	254	0.0	0.645840141362	1	0	0	0
6	116	0.0	0.345827354732	1	0	12	11
6	118	0.0	0.345827470367	1	0	3	0
6	119	0.0	0.646344417566	1	0	0	0
6	258	0.0	0.34582750284	1	0	3	0
6	259	0.0	0.647239950587	1	0	4	0
6	121	0.0	0.045813798845	1	0	22	0
6	289	0.0	0.345827130365	1	0	12	0
6	124	0.0	0.045814039873	1	0	18	0
6	290	0.0	0.045814391848	1	2	22	0
6	264	0.0	0.0458143069	1	0	18	0
6	128	0.0	0.645839966659	1	0	8	0
6	131	0.0	0.045813790181	1	0	21	0
6	134	0.0	0.347808077197	1	0	10	0
6	135	0.0	0.645839907464	1	0	6	0
6	137	0.0	0.345827131255	1	0	9	0
6	141	0.0	0.346292114228	1	0	10	0
6	147	0.0	0.345827294346	1	0	2	0
6	149	0.0	0.345827469464	1	0	13	0
6	158	0.0	0.045813737804	1	0	23	0
6	160	0.0	0.64608585304	1	0	5	0
6	163	0.0	0.045814460464	1	1	17	0
6	164	0.0	0.045814445763	1	1	11	0
6	165	0.0	0.346059758237	1	0	17	0
6	167	0.0	0.645840470448	1	0	7	0
6	168	0.0	0.345827175194	1	1	10	1
6	170	0.0	0.345827367844	1	0	3	0
6	180	0.0	0.646111754926	1	0	1	0
6	183	0.0	0.345827471808	1	0	3	0
6	184	0.0	0.645827339813	1	0	1	0
6	185	0.0	0.34582748783	1	1	9	0
6	187	0.0	0.045814001494	1	0	22	0
6	292	0.0	0.345827318525	1	0	3	0
6	189	0.0	0.346292410443	1	0	9	0
6	192	0.0	0.045814328156	1	2	16	0
7	183	NA 	 NA 	0	0	0	0
7	167	NA 	 NA 	0	0	0	0
7	172	NA 	 NA 	0	0	0	0
7	43	NA 	 NA 	0	0	0	0
7	86	NA 	 NA 	0	0	0	0
7	152	NA 	 NA 	0	0	0	0
7	103	NA 	 NA 	0	0	0	0
7	107	0.0	0.654643696689	1	0	7	0
7	11	0.0	0.046558047086	1	0	15	0
7	40	0.0	0.347281518023	1	0	3	0
7	147	0.0	0.246610127788	1	0	5	0
7	99	0.0	0.346532079848	1	0	15	0
7	156	0.0	0.346777558079	1	0	7	0
7	188	0.0	0.346532168801	1	0	4	0
7	18	0.0	1.59014707979	1	0	6	0
7	202	0.0	0.346764065248	1	1	5	0
7	262	0.0	0.34653199148	1	1	12	0
7	204	0.0	0.046558040272	1	0	15	0
7	270	0.0	0.346763973827	1	0	8	0
7	100	0.0	0.346763758114	1	0	7	0
7	30	0.0	0.046558122046	1	0	11	0
7	255	0.0	0.046558098152	1	0	9	0
7	138	0.0	0.34676369155	1	0	5	0
7	248	0.0	1.77112806794	1	0	2	0
7	196	0.0	0.046557791126	1	0	11	0
7	253	0.0	0.347241954845	1	1	8	0
7	163	0.0	0.346764191404	1	0	7	0
7	13	0.0	0.346777628487	1	0	7	0
7	182	0.0	0.446596679085	1	0	0	0
7	134	0.0	0.34699655316	1	0	2	0
7	126	0.0	0.046558188186	1	0	6	0
7	229	0.0	0.046557857316	1	0	12	0
7	5	0.0	0.346763859738	1	0	8	0
7	17	0.0	0.046557824879	1	0	12	0
7	16	0.0	0.046557893063	1	1	13	0
7	48	0.0	0.446597000678	1	0	1	0
7	231	0.0	0.046558179301	1	0	5	0
7	29	0.0	0.046557478378	1	0	7	0
7	246	0.0	0.046557889474	1	0	13	0
7	300	0.0	0.046557950178	1	1	8	2
7	258	0.0	0.246609716972	1	0	6	0
7	64	0.0	0.246609661488	1	0	7	0
7	228	0.0	0.346777396666	1	0	9	0
7	199	0.0	0.046557662701	1	1	7	0
7	125	0.0	0.655447701886	1	0	7	0
7	224	0.0	0.046557657203	1	0	9	0
7	33	0.0	0.046558113475	1	0	4	0
7	78	0.0	0.046558121936	1	1	18	1
7	37	0.0	0.246610051171	1	0	5	0
7	263	0.0	0.347241924832	1	1	8	0
7	272	0.0	0.346531929122	1	0	15	0
7	45	0.0	0.346996546268	1	0	3	0
7	10	0.0	0.04655791498	1	0	13	0
7	87	0.0	0.646609690002	1	0	4	0
7	273	0.0	0.246609670591	1	0	7	0
7	24	0.0	0.046558126375	1	0	11	0
7	42	0.0	0.657839236091	1	0	9	0
7	210	0.0	0.347487343935	1	0	7	0
7	230	0.0	0.346531800373	1	0	4	0
7	67	0.0	0.346531621608	1	0	18	0
7	44	0.0	0.654643634083	1	0	6	0
7	162	0.0	0.646583890999	1	0	1	0
7	214	0.0	0.346532165769	1	0	5	0
7	294	0.0	0.246609696729	1	0	7	0
7	189	0.0	0.646583688642	1	0	1	0
7	130	0.0	0.346531768295	1	0	13	0
7	209	0.0	0.646583933047	1	0	1	0
7	60	0.0	0.346777741944	1	0	4	0
7	242	0.0	0.046558042411	1	0	7	0
7	184	0.0	0.046558068597	1	0	16	0
7	46	0.0	0.046557692995	1	0	11	10
7	259	0.0	0.246610170713	1	0	4	0
7	0	0.0	0.046557973438	1	1	19	2
7	75	0.0	0.654643988594	1	0	6	0
7	169	0.0	0.346996487671	1	0	11	0
7	260	0.0	0.646609826716	1	0	1	0
7	244	0.0	0.646609662041	1	0	4	0
7	76	0.0	0.046557467237	1	0	11	0
7	254	0.0	0.346996508679	1	0	4	0
7	251	0.0	0.046558022831	1	0	12	0
7	85	0.0	0.346764239666	1	1	8	0
7	133	0.0	0.347487349287	1	0	8	0
7	104	0.0	0.046557608829	1	0	13	10
7	82	0.0	0.046557797904	1	0	12	0
7	35	0.0	0.046558172366	1	1	9	2
7	281	0.0	0.654643647314	1	0	8	0
7	220	0.0	0.346777544684	1	0	7	0
7	92	0.0	0.046558058766	1	1	7	0
7	295	0.0	0.246609998122	1	1	8	0
7	211	0.0	0.346996487879	1	0	9	0
7	81	0.0	0.346531957241	1	0	15	0
7	177	0.0	0.046557349971	1	0	10	0
7	7	0.0	0.346764064868	1	0	8	0
7	173	0.0	0.657839224645	1	0	9	0
7	2	0.0	0.346532046165	1	0	5	0
7	84	0.0	0.046558155094	1	1	7	0
7	83	0.0	0.346777893971	1	0	4	0
7	70	0.0	0.046558098814	1	0	13	0
7	250	0.0	0.046557771018	1	0	13	0
7	19	0.0	0.646584016884	1	0	6	0
7	193	0.0	0.346996330121	1	0	9	0
7	145	0.0	0.046558005931	1	1	11	2
7	252	0.0	0.046558065321	1	1	7	0
7	206	0.0	0.346777904073	1	0	15	0
7	8	0.0	0.046557780803	1	0	8	0
7	187	0.0	0.046557964815	1	0	13	0
7	234	0.0	0.346777564431	1	0	7	0
7	283	0.0	0.346777602683	1	0	4	0
7	297	0.0	0.346532089753	1	0	7	0
7	38	0.0	0.347281314548	1	0	6	0
7	299	0.0	0.654643988038	1	0	6	0
7	233	0.0	0.046558101051	1	0	11	0
7	72	0.0	0.34676378509	1	0	8	0
7	170	0.0	0.346764258274	1	0	10	0
7	95	0.0	0.65464365175	1	0	6	0
7	143	0.0	0.046558008886	1	1	11	0
7	207	0.0	0.046557549633	1	0	12	0
7	153	0.0	0.34748735038	1	0	7	0
7	142	0.0	0.246610009674	1	0	9	0
7	185	0.0	0.347487292388	1	1	6	0
7	180	0.0	0.34676407823	1	0	8	0
7	110	0.0	0.046558044165	1	0	9	0
7	240	0.0	0.346532132401	1	0	12	0
7	109	0.0	0.046558057388	1	0	9	0
7	132	0.0	0.046557952189	1	0	12	0
7	191	0.0	0.046558019756	1	1	11	0
7	1	0.0	0.646583593763	1	0	1	0
7	23	0.0	0.046558047844	1	1	6	1
7	161	0.0	0.046557719599	1	0	12	0
7	56	0.0	0.346532140521	1	0	12	0
7	155	0.0	0.34700977268	1	0	12	5
7	168	0.0	0.246609527654	1	1	7	0
7	80	0.0	0.046557885116	1	0	13	0
7	27	0.0	0.654643681798	1	1	6	0
7	289	0.0	0.346996630153	1	0	1	0
7	221	0.0	0.654644041452	1	0	4	0
7	116	0.0	0.246610123447	1	0	5	0
7	31	0.0	0.046557631299	1	0	9	0
7	124	0.0	0.347487368974	1	0	5	0
7	96	0.0	0.346763830791	1	0	9	0
7	290	0.0	0.346763916265	1	0	9	0
7	28	0.0	0.246609797481	1	0	5	0
7	141	0.0	0.246609785502	1	1	8	0
7	102	0.0	0.046557712533	1	0	9	0
7	115	0.0	0.046557492444	1	0	10	0
7	3	0.0	0.046558162904	1	0	10	0
7	59	0.0	0.346996584796	1	0	3	0
7	69	0.0	0.04655773839	1	0	7	0
7	144	0.0	0.046557540919	1	0	7	0
7	6	0.0	0.046557716127	1	0	12	0
7	49	0.0	0.656433284395	1	0	3	0
7	117	0.0	0.046557774725	1	0	12	0
7	129	0.0	0.046557764361	1	0	6	0
7	15	0.0	0.046557924152	1	1	7	2
7	164	0.0	0.346763731343	1	0	5	0
7	159	0.0	0.655448020964	1	0	6	0
7	236	0.0	0.046557422388	1	0	11	0
7	139	0.0	0.346763734821	1	0	5	0
7	52	0.0	0.646583671459	1	0	1	0
7	105	0.0	0.046557988491	1	0	11	0
7	175	0.0	0.346764082262	1	0	12	0
7	151	0.0	0.046557663193	1	1	6	0
7	239	0.0	0.046557990886	1	0	10	0
7	280	0.0	0.046558139416	1	1	8	1
7	58	0.0	0.346532148086	1	0	11	0
7	90	0.0	0.753733789383	1	0	0	0
7	291	0.0	0.046557748756	1	0	6	0
7	208	0.0	0.346531918816	1	1	12	0
7	150	0.0	0.346777807803	1	0	4	0
7	195	0.0	0.246609651018	1	1	7	1
7	41	0.0	0.346764158287	1	0	7	0
7	108	0.0	0.346531815422	1	0	3	14
7	200	0.0	0.246610085774	1	0	9	0
7	247	0.0	0.046558023608	1	0	11	0
7	298	0.0	0.046557875092	1	0	12	0
7	34	0.0	0.346531837606	1	1	2	0
7	97	0.0	0.246610002296	1	0	4	0
7	219	0.0	0.346532030185	1	1	10	0
7	275	0.0	0.046557855757	1	0	11	0
7	286	0.0	0.046557691683	1	0	11	0
7	66	0.0	0.346763743233	1	0	5	0
7	160	0.0	0.655448050232	1	0	7	0
7	217	0.0	0.646828848172	1	0	1	0
7	68	0.0	0.046558114797	1	0	4	0
7	292	0.0	0.046557651645	1	1	7	0
7	20	0.0	0.246610059936	1	0	10	0
7	73	0.0	0.346996638123	1	0	11	0
7	114	0.0	0.046558073083	1	0	11	0
7	54	0.0	0.046558169965	1	0	8	0
7	296	0.0	0.346763923274	1	0	9	0
7	55	0.0	0.346531616857	1	0	21	5
7	305	0.0	0.347281330636	1	1	5	21
7	174	0.0	0.347009663791	1	0	12	0
7	94	0.0	0.046557853687	1	0	12	0
7	264	0.0	0.046558068228	1	1	10	0
7	26	0.0	0.350457524239	1	0	1	20
7	127	0.0	0.346531998997	1	1	9	0
7	303	0.0	0.046558144693	1	0	11	0
7	238	0.0	0.347281337777	1	0	6	0
7	9	0.0	0.646544899691	1	0	11	0
7	47	0.0	0.046558052383	1	0	7	0
7	266	0.0	0.04655760628	1	0	9	0
7	65	0.0	0.046557995564	1	0	9	0
7	265	0.0	0.346764146588	1	0	7	0
7	215	0.0	0.046557959301	1	0	13	0
7	88	0.0	0.046557831486	1	0	7	0
7	123	0.0	0.046558080644	1	0	11	0
7	178	0.0	0.046557734074	1	0	6	0
7	278	0.0	0.04655777418	1	0	13	0
7	279	0.0	0.046558021921	1	0	11	0
7	249	0.0	0.34653203953	1	0	13	0
7	304	0.0	0.347009708821	1	0	12	0
7	4	0.0	0.346996478264	1	0	3	0
7	12	0.0	0.346996498287	1	1	2	0
7	201	0.0	0.046558061146	1	1	11	0
7	14	0.0	0.347281328651	1	0	6	0
7	21	0.0	0.346531767876	1	0	13	0
7	22	0.0	0.646583792334	1	0	2	0
7	25	0.0	0.655448030233	1	0	6	0
7	203	0.0	0.046557999236	1	0	10	0
7	205	0.0	0.046557683679	1	1	7	0
7	301	0.0	0.346764136902	1	1	11	0
7	32	0.0	0.246610069682	1	0	9	0
7	36	0.0	0.346777861368	1	0	4	0
7	198	0.0	0.246609658084	1	1	6	0
7	212	0.0	0.64658414517	1	0	6	0
7	213	0.0	0.046557375672	1	0	10	0
7	39	0.0	0.654643469606	1	0	8	0
7	50	0.0	0.346996457078	1	0	9	0
7	51	0.0	0.246610155911	1	1	13	0
7	53	0.0	0.046558002183	1	0	13	0
7	216	0.0	0.046557977336	1	1	11	0
7	218	0.0	0.346777713539	1	0	7	0
7	57	0.0	0.046557848319	1	0	11	0
7	222	0.0	0.646544867192	1	0	11	0
7	61	0.0	0.346531573597	1	0	19	17
7	62	0.0	0.346764133463	1	0	7	0
7	223	0.0	0.346531690842	1	0	19	0
7	63	0.0	0.347487354489	1	0	7	0
7	225	0.0	0.346532137632	1	0	4	0
7	226	0.0	0.346996483374	1	0	4	0
7	227	0.0	0.347487325269	1	0	7	0
7	71	0.0	0.346531752653	1	0	5	0
7	302	0.0	0.346764264783	1	0	13	0
7	74	0.0	0.654643553361	1	0	8	0
7	77	0.0	0.34677772022	1	0	7	0
7	79	0.0	0.346764242484	1	0	11	0
7	232	0.0	0.346531862144	1	0	14	0
7	89	0.0	0.346531978526	1	1	12	0
7	235	0.0	0.346532148404	1	0	12	0
7	282	0.0	0.34653210454	1	0	11	0
7	91	0.0	0.347009680132	1	1	10	0
7	93	0.0	0.646828872262	1	0	1	0
7	237	0.0	0.346996442605	1	0	8	0
7	98	0.0	0.04655809003	1	0	16	0
7	101	0.0	0.347241838058	1	1	8	0
7	241	0.0	0.346996626242	1	1	2	0
7	106	0.0	0.346764184336	1	0	13	0
7	284	0.0	0.346777716422	1	0	7	0
7	285	0.0	0.046558091341	1	0	9	0
7	243	0.0	0.346532034282	1	1	10	0
7	111	0.0	0.246610084343	1	1	10	0
7	112	0.0	0.346764256187	1	1	7	10
7	245	0.0	0.346532035476	1	1	9	0
7	113	0.0	0.646583797685	1	0	1	0
7	118	0.0	0.046557578832	1	0	9	1
7	119	0.0	0.346996529973	1	0	11	0
7	120	0.0	0.046557780719	1	0	9	15
7	121	0.0	0.346777833454	1	0	4	0
7	287	0.0	0.046557811438	1	0	11	18
7	288	0.0	0.646828703587	1	0	1	0
7	122	0.0	0.046557987033	1	0	11	0
7	256	0.0	0.346777415992	1	0	7	0
7	257	0.0	0.347241801716	1	0	10	0
7	128	0.0	0.646583670991	1	0	1	0
7	131	0.0	0.654643384172	1	0	8	0
7	261	0.0	0.046557658856	1	0	9	0
7	135	0.0	0.046557350467	1	0	10	0
7	136	0.0	0.654643783535	1	0	7	0
7	137	0.0	0.346531787939	1	0	13	0
7	267	0.0	0.346764179399	1	0	8	0
7	140	0.0	0.046557830964	1	0	11	0
7	268	0.0	0.346764224672	1	0	12	0
7	269	0.0	0.246610027925	1	0	4	0
7	146	0.0	0.346532080108	1	0	4	0
7	148	0.0	0.346531924224	1	0	15	0
7	149	0.0	0.04655774791	1	0	10	22
7	154	0.0	0.046558054337	1	2	7	0
7	157	0.0	0.34653165276	1	0	20	0
7	158	0.0	0.046557994276	1	0	10	0
7	271	0.0	0.346777820331	1	0	4	0
7	165	0.0	0.046558105001	1	0	13	0
7	166	0.0	0.04655756616	1	0	9	0
7	293	0.0	0.346763992231	1	0	10	24
7	171	0.0	0.246610035126	1	0	10	0
7	176	0.0	0.34700973645	1	1	11	0
7	179	0.0	0.346763745996	1	0	5	0
7	181	0.0	0.346532097432	1	0	9	0
7	274	0.0	0.046557797134	1	0	10	18
7	186	0.0	0.753734018508	1	0	0	0
7	190	0.0	0.046558077926	1	1	7	2
7	192	0.0	0.346532193602	1	0	12	13
7	276	0.0	0.346777440461	1	0	8	1
7	194	0.0	0.346777847141	1	0	4	0
7	277	0.0	0.046558005217	1	0	9	0
7	197	0.0	0.346996340171	1	0	4	0
8	126	NA 	 NA 	0	0	0	0
8	50	NA 	 NA 	0	0	0	0
8	4	NA 	 NA 	0	0	0	0
8	24	NA 	 NA 	0	0	0	0
8	15	NA 	 NA 	0	0	0	0
8	217	NA 	 NA 	0	0	0	0
8	274	NA 	 NA 	0	0	0	0
8	147	NA 	 NA 	0	0	0	0
8	86	NA 	 NA 	0	0	0	0
8	299	NA 	 NA 	0	0	0	0
8	90	NA 	 NA 	0	0	0	0
8	198	NA 	 NA 	0	0	0	0
8	129	NA 	 NA 	0	0	0	0
8	110	0.0	0.048335964281	1	0	12	0
8	213	0.0	0.348388054862	1	0	6	0
8	85	0.0	0.048336020394	1	1	15	0
8	298	0.0	0.648505000809	1	0	4	0
8	79	0.0	0.048336190124	1	1	18	0
8	40	0.0	0.048336094525	1	1	24	0
8	236	0.0	0.048335641494	1	0	4	0
8	117	0.0	0.648504926446	1	0	5	0
8	67	0.0	0.648504970276	1	1	4	0
8	10	0.0	0.348349148056	1	0	8	0
8	1	0.0	0.351172902873	1	0	3	0
8	163	0.0	0.04833552828	1	0	14	0
8	179	0.0	0.349356687584	1	0	9	0
8	134	0.0	0.348349156643	1	0	10	0
8	35	0.0	0.048335679979	1	0	9	0
8	100	0.0	0.651764439528	1	0	5	0
8	76	0.0	0.348866339319	1	0	9	0
8	81	0.0	1.39364102283	1	0	1	0
8	302	0.0	6.74920700155	0	0	9	0
8	165	0.0	0.048335762011	1	0	13	0
8	272	0.0	0.348919381214	1	0	13	0
8	97	0.0	0.348919321721	1	0	15	0
8	125	0.0	0.048336034243	1	2	18	0
8	252	0.0	0.349356602442	1	1	11	0
8	290	0.0	0.349356802278	1	1	7	1
8	218	0.0	0.34836165701	1	0	12	0
8	263	0.0	0.348348995698	1	0	13	0
8	9	0.0	0.350094406842	1	0	3	0
8	294	0.0	0.348348657143	1	0	24	0
8	162	0.0	0.048336012353	1	1	19	0
8	41	0.0	0.048335858619	1	0	10	0
8	188	0.0	0.348607604818	1	0	7	0
8	124	0.0	0.048336011919	1	1	18	0
8	258	0.0	0.348348993441	1	0	19	0
8	128	0.0	0.349164747823	1	0	10	0
8	56	0.0	0.04833581791	1	0	9	0
8	224	0.0	0.45206676689	1	0	3	0
8	37	0.0	0.348388062339	1	0	8	0
8	182	0.0	0.348348901536	1	0	16	0
8	71	0.0	0.348348842101	1	0	21	0
8	173	0.0	0.34834913664	1	1	9	0
8	279	0.0	0.352651554448	1	0	8	0
8	171	0.0	0.34834863322	1	0	27	0
8	44	0.0	0.349356838293	1	0	7	0
8	249	0.0	0.348349054389	1	1	11	0
8	102	0.0	0.048335787509	1	0	9	0
8	25	0.0	0.348607613135	1	0	6	0
8	265	0.0	0.048335762448	1	0	9	0
8	211	0.0	0.348361899949	1	0	13	0
8	6	0.0	0.348866460834	1	0	7	0
8	180	0.0	0.348362152069	1	0	4	0
8	196	0.0	0.34916502444	1	0	10	0
8	287	0.0	0.34916502802	1	0	9	0
8	83	0.0	0.348607574968	1	0	7	0
8	194	0.0	0.048336136169	1	1	11	0
8	176	0.0	0.048336000001	1	1	14	0
8	260	0.0	0.348348991338	1	1	14	0
8	26	0.0	0.348348993108	1	0	13	0
8	243	0.0	0.348607867903	1	0	5	0
8	8	0.0	0.048335755544	1	0	8	0
8	242	0.0	0.348607220918	1	0	9	0
8	205	0.0	0.348362000543	1	0	7	0
8	18	0.0	0.348362061221	1	0	6	0
8	167	0.0	0.348919281611	1	0	15	0
8	209	0.0	0.348607627696	1	0	4	0
8	283	0.0	0.648505024275	1	0	6	0
8	98	0.0	0.348362138353	1	0	4	0
8	61	0.0	0.048335997707	1	1	9	0
8	131	0.0	0.548400887571	1	1	1	0
8	112	0.0	0.048335711039	1	0	12	0
8	271	0.0	0.348388105378	1	0	7	0
8	278	0.0	0.452067021764	1	0	3	2
8	57	0.0	0.348387900655	1	0	8	0
8	118	0.0	0.04833577992	1	0	14	0
8	78	0.0	0.348362067377	1	0	8	0
8	68	0.0	0.348607583119	1	0	6	3
8	95	0.0	0.348387832712	1	0	9	9
8	183	0.0	0.348348889109	1	0	24	0
8	174	0.0	0.048335850568	1	0	23	0
8	49	0.0	0.048336061093	1	1	12	0
8	259	0.0	0.348362072772	1	0	8	0
8	195	0.0	0.348607399047	1	0	8	0
8	291	0.0	0.04833577871	1	0	15	0
8	137	0.0	0.04833590147	1	0	21	0
8	255	0.0	0.34916510411	1	1	11	1
8	214	0.0	0.048335729327	1	0	11	0
8	77	0.0	0.048335467857	1	0	15	0
8	256	0.0	0.352651546274	1	0	8	0
8	12	0.0	0.348361996838	1	0	8	0
8	30	0.0	0.048335692342	1	1	18	3
8	87	0.0	0.348387995671	1	0	10	0
8	303	0.0	6.74920711169	0	0	2	0
8	103	0.0	0.452067044375	1	0	3	0
8	75	0.0	0.351172916899	1	0	5	0
8	60	0.0	0.04833600703	1	2	18	0
8	141	0.0	0.757552531249	1	0	2	0
8	33	0.0	0.348361904006	1	0	15	0
8	181	0.0	0.048335648113	1	0	5	0
8	273	0.0	0.348607411743	1	0	8	0
8	208	0.0	0.348387854926	1	0	8	0
8	149	0.0	0.34834880757	1	0	22	0
8	153	0.0	0.348361759066	1	0	9	0
8	262	0.0	0.348607864363	1	0	3	0
8	282	0.0	0.048335982558	1	0	7	0
8	264	0.0	0.3483876885	1	0	8	0
8	266	0.0	0.048335755054	1	0	9	0
8	13	0.0	0.048335973896	1	0	13	0
8	119	0.0	0.548400911477	1	1	1	0
8	130	0.0	0.34836209174	1	0	4	0
8	189	0.0	0.04833604229	1	1	9	0
8	121	0.0	0.348387830632	1	0	9	0
8	285	0.0	0.3483491392	1	0	10	0
8	212	0.0	0.648505076514	1	0	6	0
8	241	0.0	0.348866464464	1	0	8	0
8	232	0.0	0.757552625095	1	0	0	0
8	166	0.0	0.348387900519	1	0	7	0
8	54	0.0	0.349357023552	1	0	7	0
8	150	0.0	0.348348806926	1	0	24	0
8	202	0.0	0.348348900072	1	1	18	0
8	22	0.0	0.0483360716	1	1	12	0
8	185	0.0	0.048335994619	1	2	18	0
8	280	0.0	0.348361950602	1	0	15	0
8	42	0.0	0.34935690122	1	0	7	0
8	94	0.0	0.452066688189	1	0	2	0
8	96	0.0	0.348362026439	1	0	3	0
8	192	0.0	0.648505053404	1	0	8	0
8	136	0.0	0.348919038436	1	0	17	0
8	120	0.0	0.048335818733	1	0	9	0
8	38	0.0	0.452066649373	1	0	2	4
8	52	0.0	0.348348673279	1	0	27	0
8	250	0.0	0.452066913702	1	0	1	0
8	203	0.0	0.3483879448	1	0	10	0
8	248	0.0	0.048335390219	1	0	13	0
8	215	0.0	0.352651583549	1	0	7	0
8	106	0.0	0.048335644637	1	0	19	0
8	101	0.0	0.349356972755	1	1	5	0
8	168	0.0	0.34891933809	1	0	15	0
8	28	0.0	0.348918872988	1	1	18	0
8	275	0.0	0.048335835716	1	0	22	0
8	267	0.0	0.048336075519	1	1	18	0
8	59	0.0	0.048336030869	1	1	10	0
8	210	0.0	0.548400966717	1	0	3	0
8	92	0.0	0.348349053432	1	0	17	0
8	193	0.0	0.348349093896	1	0	18	0
8	156	0.0	0.548401084019	1	0	3	0
8	23	0.0	0.04833604675	1	0	13	0
8	142	0.0	0.04833570794	1	0	8	15
8	31	0.0	0.348361687568	1	0	16	0
8	63	0.0	0.048335904349	1	1	10	6
8	47	0.0	0.348361951962	1	0	15	0
8	53	0.0	0.048335689157	1	0	13	0
8	237	0.0	0.048336100979	1	1	10	0
8	253	0.0	0.348348656449	1	0	25	0
8	11	0.0	0.348361668702	1	0	9	0
8	115	0.0	0.348607210337	1	0	9	0
8	72	0.0	0.04833570922	1	0	20	0
8	114	0.0	0.349628671349	1	0	0	0
8	155	0.0	0.348607626627	1	0	4	0
8	225	0.0	0.048335665793	1	0	22	0
8	3	0.0	0.048336118156	1	2	18	0
8	14	0.0	0.452067022487	1	0	3	0
8	238	0.0	0.048336084523	1	1	13	0
8	34	0.0	0.348919097437	1	0	17	0
8	268	0.0	0.048335358183	1	0	10	0
8	91	0.0	0.348361619171	1	0	16	3
8	286	0.0	0.348348546458	1	0	25	0
8	276	0.0	0.048335679307	1	0	16	0
8	223	0.0	0.348388156896	1	0	7	0
8	64	0.0	0.048335650814	1	0	16	0
8	17	0.0	0.651764416733	1	0	6	6
8	201	0.0	0.348348989313	1	0	20	17
8	207	0.0	0.348607160423	1	0	9	0
8	113	0.0	0.048336182752	1	1	8	0
8	190	0.0	0.348919166687	1	0	16	0
8	140	0.0	0.048336024701	1	0	13	0
8	21	0.0	0.348607820534	1	0	3	0
8	65	0.0	0.348388000326	1	0	10	0
8	169	0.0	0.348387964694	1	0	8	0
8	104	0.0	0.348362132677	1	0	15	0
8	292	0.0	0.348348934616	1	0	23	0
8	159	0.0	0.348918929401	1	0	18	0
8	151	0.0	0.348607821146	1	0	2	11
8	240	0.0	0.548400760755	1	0	2	0
8	227	0.0	0.348919078686	1	0	18	0
8	261	0.0	0.348387968767	1	0	10	0
8	221	0.0	0.34860769744	1	0	4	0
8	164	0.0	0.34860718537	1	0	9	0
8	16	0.0	0.048336086429	1	1	26	0
8	288	0.0	0.048335710899	1	0	19	0
8	146	0.0	0.04833577239	1	0	9	0
8	36	0.0	0.048336056881	1	2	24	10
8	99	0.0	0.348349052077	1	1	18	0
8	123	0.0	0.349641798164	1	0	9	10
8	254	0.0	0.348387920036	1	0	10	0
8	197	0.0	0.348362004226	1	0	8	0
8	251	0.0	0.348387923071	1	0	7	0
8	226	0.0	0.048336125675	1	1	27	0
8	39	0.0	0.348919186695	1	1	15	0
8	186	0.0	0.348349180612	1	0	10	0
8	296	0.0	0.348362015811	1	0	15	0
8	234	0.0	0.349164891569	1	0	11	0
8	230	0.0	0.452067112157	1	0	3	0
8	187	0.0	0.348362090332	1	0	8	0
8	297	0.0	0.34838814385	1	0	7	0
8	222	0.0	0.348348989543	1	0	19	0
8	160	0.0	0.048336052563	1	1	9	0
8	204	0.0	0.348361688041	1	0	14	0
8	62	0.0	0.34935662659	1	0	10	0
8	154	0.0	0.348361760915	1	0	15	0
8	228	0.0	0.048335979139	1	0	6	0
8	0	0.0	0.348607269499	1	0	9	0
8	2	0.0	0.350397706356	1	1	9	0
8	5	0.0	0.048336135124	1	0	15	0
8	7	0.0	0.452067032562	1	0	3	0
8	19	0.0	0.048336136317	1	1	8	0
8	20	0.0	0.048335698021	1	0	17	0
8	216	0.0	0.348348706376	1	0	26	0
8	219	0.0	0.348349097092	1	0	12	0
8	301	0.0	0.348362054865	1	0	3	0
8	281	0.0	0.348607242364	1	0	9	0
8	220	0.0	0.350397721028	1	0	7	0
8	27	0.0	0.348607425499	1	0	8	0
8	29	0.0	0.048335750212	1	0	11	0
8	32	0.0	0.348607572813	1	0	6	0
8	43	0.0	0.348361999309	1	0	5	0
8	45	0.0	0.348361627858	1	0	16	0
8	46	0.0	0.349164651019	1	0	11	0
8	48	0.0	0.048336003052	1	1	7	0
8	51	0.0	0.348607720686	1	0	4	0
8	55	0.0	0.348348991403	1	0	20	0
8	58	0.0	0.048335399069	1	0	14	0
8	66	0.0	0.348387651516	1	0	9	0
8	229	0.0	0.452066775264	1	0	2	0
8	69	0.0	0.048336007386	1	1	8	0
8	284	0.0	0.348349028719	1	0	17	0
8	231	0.0	0.048335348695	1	0	13	0
8	70	0.0	0.771007996415	1	0	3	0
8	233	0.0	0.349164689425	1	0	11	0
8	73	0.0	0.348362134826	1	0	8	0
8	235	0.0	0.348361978786	1	0	6	0
8	74	0.0	0.452066892795	1	0	3	0
8	80	0.0	0.348348990761	1	0	18	3
8	82	0.0	0.348362044739	1	0	7	0
8	84	0.0	0.04833601639	1	2	7	0
8	88	0.0	0.048335977889	1	0	12	0
8	89	0.0	0.348607397932	1	0	6	0
8	239	0.0	0.452066999183	1	0	3	0
8	93	0.0	0.048335692171	1	0	18	0
8	244	0.0	0.348607543684	1	0	6	0
8	105	0.0	0.048335838627	1	0	12	0
8	107	0.0	0.348361497688	1	0	13	0
8	245	0.0	0.348361797668	1	0	9	0
8	246	0.0	0.348919366049	1	0	14	0
8	247	0.0	0.348362112496	1	0	8	0
8	108	0.0	0.348361961325	1	0	8	0
8	289	0.0	0.548400687845	1	0	2	0
8	109	0.0	0.048335357204	1	0	14	0
8	111	0.0	0.348362013435	1	0	8	0
8	116	0.0	0.348361889296	1	0	8	0
8	122	0.0	0.048335338811	1	0	14	0
8	257	0.0	0.348607648377	1	0	4	0
8	127	0.0	0.648504644684	1	1	4	0
8	300	0.0	0.648504647404	1	0	6	0
8	293	0.0	0.34836167816	1	0	7	0
8	132	0.0	0.349164716646	1	0	11	16
8	133	0.0	0.348388188256	1	0	7	0
8	135	0.0	0.048335513845	1	0	10	0
8	138	0.0	0.348362045814	1	0	8	0
8	139	0.0	0.348607889298	1	1	0	0
8	143	0.0	0.34836162975	1	0	16	0
8	144	0.0	0.048335373786	1	0	12	0
8	145	0.0	0.04833562952	1	0	9	0
8	148	0.0	0.348361981521	1	0	8	0
8	152	0.0	0.048335783528	1	0	16	0
8	269	0.0	0.452067040894	1	0	4	0
8	157	0.0	0.648504647128	1	1	4	0
8	158	0.0	0.348607759853	1	0	3	0
8	161	0.0	0.34860753102	1	0	6	0
8	270	0.0	0.048336057891	1	0	9	0
8	170	0.0	0.348388084599	1	0	8	0
8	172	0.0	0.350397689909	1	0	7	0
8	175	0.0	0.048336074227	1	1	16	0
8	177	0.0	0.348349075781	1	0	13	0
8	178	0.0	0.348607593402	1	0	6	0
8	184	0.0	0.348866447272	1	0	7	0
8	191	0.0	0.349887163254	1	1	9	0
8	295	0.0	0.048336177519	1	1	9	0
8	199	0.0	0.452067067988	1	1	2	0
8	200	0.0	0.348348791487	1	0	23	0
8	277	0.0	0.349356836002	1	0	5	0
8	206	0.0	0.348349114341	1	0	12	0
9	49	NA 	 NA 	0	0	0	0
9	160	NA 	 NA 	0	0	0	0
9	46	NA 	 NA 	0	0	0	0
9	4	NA 	 NA 	0	0	0	0
9	50	NA 	 NA 	0	0	0	0
9	64	NA 	 NA 	0	0	0	0
9	15	NA 	 NA 	0	0	0	0
9	217	NA 	 NA 	0	0	0	0
9	274	NA 	 NA 	0	0	0	0
9	147	NA 	 NA 	0	0	0	0
9	86	NA 	 NA 	0	0	0	0
9	90	NA 	 NA 	0	0	0	0
9	129	NA 	 NA 	0	0	0	0
9	198	0.0	0.347571818282	1	0	5	0
9	126	0.0	0.364638215627	1	0	4	0
9	85	0.0	0.046152538497	1	0	15	0
9	40	0.0	0.046152613852	1	0	8	0
9	272	0.0	0.346358772994	1	0	11	0
9	213	0.0	0.346087296042	1	0	10	0
9	67	0.0	0.646087328356	1	0	2	0
9	236	0.0	0.046152176102	1	0	13	0
9	163	0.0	0.046152000001	1	0	12	0
9	10	0.0	0.646087236447	1	0	2	0
9	117	0.0	0.646087295747	1	0	2	0
9	134	0.0	0.364638171525	1	0	4	0
9	179	0.0	0.346087526891	1	0	7	0
9	1	0.0	0.346113708314	1	0	8	0
9	81	0.0	0.67613068381	1	0	0	0
9	294	0.0	0.347107408443	1	0	7	0
9	97	0.0	0.346358750317	1	0	11	0
9	35	0.0	0.046152180602	1	0	7	0
9	100	0.0	0.646087291496	1	0	3	0
9	263	0.0	0.347985966152	1	1	2	0
9	125	0.0	0.046152550295	1	1	15	0
9	290	0.0	0.346087613934	1	0	5	0
9	76	0.0	0.346087475047	1	0	3	0
9	9	0.0	0.367663809956	1	0	2	0
9	258	0.0	0.347339710762	1	0	6	0
9	41	0.0	0.046152357193	1	0	9	0
9	124	0.0	0.046152536761	1	0	6	0
9	252	0.0	0.34608741941	1	0	8	0
9	79	0.0	0.046152709253	1	0	9	0
9	128	0.0	0.364638169874	1	0	4	0
9	37	0.0	0.346332984638	1	1	9	0
9	71	0.0	0.347107521324	1	0	7	0
9	110	0.0	0.046152480341	1	0	7	0
9	180	0.0	0.346113573211	1	0	12	0
9	173	0.0	0.646087401059	1	0	2	0
9	56	0.0	0.046152350799	1	0	9	0
9	224	0.0	0.688311290173	1	0	5	0
9	44	0.0	0.346087672472	1	0	5	0
9	279	0.0	0.347986003394	1	0	4	0
9	171	0.0	0.347107620059	1	0	9	0
9	162	0.0	0.046152608519	1	0	16	0
9	188	0.0	0.34660352904	1	0	17	0
9	182	0.0	0.347339699258	1	0	5	0
9	249	0.0	0.64608735065	1	0	2	0
9	211	0.0	0.346358350623	1	1	14	0
9	83	0.0	0.346603992109	1	0	15	0
9	6	0.0	0.346087498028	1	0	3	0
9	78	0.0	0.64673612057	1	0	7	0
9	265	0.0	0.046152251337	1	0	15	0
9	18	0.0	0.346358459765	1	0	14	0
9	288	0.0	0.364638496908	1	0	4	0
9	196	0.0	0.364638496985	1	0	4	0
9	98	0.0	0.34635864316	1	0	13	0
9	194	0.0	0.046152665159	1	0	8	0
9	260	0.0	0.364638413009	1	0	3	0
9	243	0.0	0.64613931909	1	0	8	0
9	26	0.0	0.364638385137	1	0	3	0
9	8	0.0	0.046152194213	1	0	11	0
9	25	0.0	0.346113656557	1	0	9	0
9	259	0.0	0.346358773348	1	0	16	0
9	102	0.0	0.046152309651	1	0	18	0
9	75	0.0	0.346358729075	1	0	7	0
9	242	0.0	0.346603890153	1	0	14	0
9	271	0.0	0.34633297683	1	0	9	0
9	137	0.0	0.046152489338	1	1	16	0
9	209	0.0	0.646139204169	1	0	7	0
9	283	0.0	0.646087234323	1	0	2	0
9	52	0.0	0.34710752193	1	0	7	0
9	218	0.0	0.346358370846	1	0	17	5
9	131	0.0	0.646736381458	1	1	5	0
9	57	0.0	0.346087049268	1	0	4	0
9	165	0.0	0.046152196873	1	0	13	0
9	183	0.0	0.347107541385	1	0	7	0
9	112	0.0	0.046152233178	1	0	15	0
9	30	0.0	0.046152210814	1	0	11	0
9	77	0.0	0.046151990185	1	0	13	0
9	118	0.0	0.046152298434	1	0	9	0
9	61	0.0	0.046152572925	1	0	12	0
9	174	0.0	0.046152375726	1	0	8	0
9	195	0.0	0.346603620382	1	1	15	0
9	12	0.0	0.346358630427	1	0	15	0
9	291	0.0	0.046152537747	1	1	5	0
9	299	0.0	0.046152405712	1	0	8	0
9	214	0.0	0.046152216365	1	0	8	0
9	255	0.0	0.346087552782	1	0	8	0
9	205	0.0	0.346358647309	1	1	14	0
9	256	0.0	0.646087182278	1	0	2	0
9	68	0.0	0.646139263323	1	0	7	0
9	286	0.0	0.646087055039	1	0	2	0
9	141	0.0	0.646736222838	1	0	5	0
9	33	0.0	0.346358305114	1	0	15	5
9	193	0.0	0.347107429493	1	0	12	0
9	176	0.0	0.046152505404	1	0	7	0
9	203	0.0	0.346332883147	1	1	9	0
9	262	0.0	0.646139344538	1	0	8	0
9	87	0.0	0.346113619278	1	0	10	0
9	303	0.0	0.046151951655	1	0	14	0
9	181	0.0	0.04615216238	1	0	11	0
9	273	0.0	0.346603703117	1	0	16	0
9	119	0.0	0.646736381151	1	0	6	0
9	278	0.0	0.346113677461	1	0	10	0
9	130	0.0	0.346358607305	1	0	15	0
9	149	0.0	0.347339709879	1	0	5	0
9	248	0.0	0.046151858651	1	0	14	0
9	189	0.0	0.046152574653	1	0	12	0
9	264	0.0	0.346332597637	1	0	10	0
9	282	0.0	0.046152518852	1	0	15	0
9	103	0.0	0.34611367516	1	0	10	0
9	65	0.0	0.346332908075	1	0	14	0
9	45	0.0	0.046152450845	1	1	20	0
9	60	0.0	0.046152528841	1	1	16	1
9	121	0.0	0.346087284128	1	0	11	0
9	150	0.0	0.347107477841	1	0	7	0
9	300	0.0	0.346332755993	1	0	8	0
9	212	0.0	0.64608720058	1	0	2	0
9	42	0.0	0.675298521104	1	0	4	0
9	202	0.0	0.34710728742	1	0	12	0
9	166	0.0	0.34608748397	1	0	10	10
9	153	0.0	0.3463582571	1	0	16	0
9	232	0.0	0.646139573436	1	0	5	0
9	185	0.0	0.04615252177	1	1	6	0
9	92	0.0	0.347985949746	1	1	2	0
9	298	0.0	0.646087310379	1	0	2	0
9	101	0.0	0.675298176344	1	0	2	0
9	95	0.0	0.346087198301	1	0	10	0
9	136	0.0	0.34635835659	1	0	15	0
9	207	0.0	0.346603878771	1	0	14	0
9	38	0.0	0.346113663628	1	0	8	0
9	208	0.0	0.346087369346	1	0	12	0
9	192	0.0	0.6460871765	1	0	2	0
9	215	0.0	0.646087224924	1	0	2	0
9	54	0.0	0.675298623823	1	0	4	0
9	241	0.0	0.346087555472	1	0	5	0
9	253	0.0	0.347107586084	1	0	6	0
9	120	0.0	0.04615232218	1	0	17	0
9	250	0.0	1.06829151261	1	0	5	0
9	210	0.0	0.646736295605	1	0	5	0
9	201	0.0	0.347107475983	1	0	12	0
9	267	0.0	0.046152606004	1	0	16	0
9	275	0.0	0.04615234342	1	0	8	0
9	28	0.0	0.346113706858	1	0	14	0
9	96	0.0	0.346358568777	1	0	16	0
9	167	0.0	0.346358020653	1	0	19	0
9	59	0.0	0.046152556685	1	1	9	0
9	168	0.0	0.346358761328	1	0	11	0
9	106	0.0	0.046152161785	1	0	11	0
9	63	0.0	0.046152430154	1	1	14	0
9	31	0.0	0.346358072826	1	0	19	0
9	11	0.0	0.346358343244	1	0	18	0
9	94	0.0	0.346358786416	1	0	8	0
9	104	0.0	0.346113538998	1	1	15	0
9	142	0.0	0.046152230471	1	0	9	0
9	72	0.0	0.046152232855	1	0	11	0
9	284	0.0	0.346358353766	1	1	14	0
9	237	0.0	0.046152612732	1	1	9	0
9	53	0.0	0.046152206662	1	0	10	0
9	47	0.0	0.34635835511	1	1	14	0
9	3	0.0	0.046152653728	1	1	18	0
9	225	0.0	0.046152202644	1	0	12	0
9	261	0.0	0.346332907254	1	1	8	0
9	238	0.0	0.046152587911	1	1	21	0
9	115	0.0	0.346603898988	1	1	13	0
9	36	0.0	0.046152578218	1	0	11	0
9	155	0.0	0.646139258988	1	0	7	0
9	297	0.0	0.346333059167	1	1	8	0
9	251	0.0	0.346087528281	1	0	10	0
9	123	0.0	0.364638590795	1	0	6	0
9	223	0.0	0.34633310291	1	0	9	0
9	17	0.0	0.646087220539	1	0	2	0
9	114	0.0	0.646139501603	1	0	5	0
9	34	0.0	0.346358474235	1	0	15	0
9	14	0.0	0.34611365553	1	0	10	0
9	156	0.0	0.646736239699	1	0	6	0
9	190	0.0	0.346358365173	1	1	14	0
9	21	0.0	0.646139271	1	0	8	0
9	276	0.0	0.04615220239	1	0	9	0
9	151	0.0	0.646139422015	1	0	7	0
9	220	0.0	0.346358033897	1	0	19	0
9	13	0.0	0.046152602712	1	1	21	0
9	287	0.0	0.347107324352	1	0	7	0
9	204	0.0	0.346358155672	1	1	16	0
9	91	0.0	0.346358026504	1	0	19	0
9	186	0.0	0.646087233646	1	0	2	0
9	221	0.0	0.646139241526	1	0	7	0
9	164	0.0	0.346603888557	1	1	13	0
9	292	0.0	0.364638567631	1	0	5	0
9	268	0.0	0.046151884022	1	0	14	0
9	289	0.0	0.046152234189	1	0	10	0
9	113	0.0	0.346332617638	1	0	10	0
9	145	0.0	0.046152245189	1	0	13	0
9	228	0.0	0.046152504414	1	1	17	1
9	222	0.0	0.347107630127	1	0	7	0
9	296	0.0	0.34635842347	1	0	15	0
9	240	0.0	0.64763150563	1	1	4	0
9	254	0.0	0.34633285789	1	1	9	0
9	109	0.0	0.046151879137	1	0	15	0
9	159	0.0	0.346113632545	1	0	15	0
9	234	0.0	0.364638305153	1	1	4	0
9	2	0.0	0.046152712777	1	1	18	0
9	99	0.0	0.347107608734	1	0	7	0
9	169	0.0	0.346087179179	1	0	5	0
9	197	0.0	0.34635870556	1	1	15	0
9	187	0.0	0.346603913955	1	0	15	0
9	227	0.0	0.346358429717	1	0	15	0
9	62	0.0	0.346087445131	1	0	8	0
9	0	0.0	0.346113541682	1	0	9	0
9	5	0.0	0.04615266308	1	1	20	1
9	7	0.0	0.346113706831	1	0	9	15
9	16	0.0	0.04615261019	1	0	10	0
9	19	0.0	0.046152649019	1	0	14	0
9	20	0.0	0.04615221586	1	0	11	0
9	216	0.0	0.347339686994	1	0	8	0
9	22	0.0	0.046152592409	1	1	7	0
9	23	0.0	0.046152568902	1	1	22	1
9	219	0.0	0.646086947566	1	0	2	0
9	24	0.0	0.647631874759	1	0	6	0
9	281	0.0	0.346603903756	1	0	14	0
9	27	0.0	0.346603635694	1	0	16	0
9	29	0.0	0.046152331818	1	0	9	10
9	32	0.0	0.34611367308	1	0	9	0
9	39	0.0	0.346113564447	1	0	16	0
9	43	0.0	0.346358590482	1	0	15	0
9	301	0.0	0.04615255688	1	1	6	0
9	48	0.0	0.046152552246	1	0	14	0
9	51	0.0	0.646139265782	1	0	7	0
9	55	0.0	0.646087294612	1	0	2	5
9	58	0.0	0.046151922873	1	0	14	0
9	66	0.0	0.346332552467	1	0	11	0
9	226	0.0	0.046152642384	1	0	10	0
9	229	0.0	0.688311655664	1	0	5	0
9	69	0.0	0.046152529805	1	0	8	0
9	285	0.0	0.347985897817	1	0	3	0
9	230	0.0	0.346358765285	1	0	9	0
9	231	0.0	0.04615187087	1	0	14	0
9	70	0.0	0.646087404966	1	0	3	0
9	233	0.0	0.364638134679	1	0	4	0
9	73	0.0	0.346603959324	1	0	14	0
9	235	0.0	0.346358601372	1	0	13	0
9	74	0.0	0.688311306398	1	0	5	0
9	80	0.0	0.347339695181	1	0	6	0
9	82	0.0	0.346358315599	1	0	17	0
9	84	0.0	0.046152501811	1	0	15	0
9	88	0.0	0.046152389402	1	0	16	0
9	89	0.0	0.346603579407	1	0	14	0
9	239	0.0	0.34635878249	1	0	7	0
9	93	0.0	0.046152183349	1	0	11	0
9	244	0.0	0.34611363167	1	0	9	0
9	105	0.0	0.046152353749	1	0	18	0
9	107	0.0	0.346358217142	1	0	19	0
9	245	0.0	0.346358287687	1	0	17	0
9	246	0.0	0.34611365006	1	1	10	0
9	247	0.0	0.346603936569	1	0	15	0
9	108	0.0	0.346358771738	1	0	7	0
9	280	0.0	0.647631585804	1	0	5	0
9	111	0.0	0.34635869905	1	1	15	0
9	116	0.0	0.34635836703	1	0	17	0
9	122	0.0	0.046151860963	1	0	14	0
9	257	0.0	0.646139229192	1	0	7	0
9	127	0.0	0.646087314474	1	0	2	0
9	302	0.0	0.646087269367	1	0	2	0
9	293	0.0	0.34635827524	1	0	19	0
9	132	0.0	0.364638185345	1	0	4	0
9	133	0.0	0.346087499079	1	0	3	0
9	135	0.0	0.04615203677	1	0	14	0
9	138	0.0	0.346358790914	1	0	16	0
9	139	0.0	0.646139601155	1	0	7	0
9	266	0.0	0.04615217437	1	0	9	0
9	140	0.0	0.046152546845	1	1	21	0
9	143	0.0	0.346358033224	1	0	19	0
9	144	0.0	0.046151895824	1	0	14	0
9	146	0.0	0.046152294533	1	0	18	0
9	148	0.0	0.346358623489	1	0	15	0
9	152	0.0	0.046152258782	1	0	10	0
9	269	0.0	0.347985998113	1	0	7	0
9	154	0.0	0.346358140642	1	0	17	0
9	157	0.0	0.646087354311	1	0	2	0
9	158	0.0	0.646139279775	1	0	8	0
9	161	0.0	0.346603638932	1	0	16	0
9	270	0.0	0.046152582772	1	1	22	0
9	170	0.0	0.346333000318	1	1	9	0
9	172	0.0	0.346113687252	1	0	10	0
9	175	0.0	0.046152617326	1	1	6	0
9	177	0.0	0.347985998064	1	1	2	0
9	178	0.0	0.646139299145	1	0	8	0
9	184	0.0	0.346087500806	1	0	3	0
9	191	0.0	0.646087463519	1	0	2	0
9	295	0.0	0.346603837304	1	1	13	0
9	199	0.0	0.346113707548	1	0	10	0
9	200	0.0	0.347339710258	1	0	5	0
9	277	0.0	0.346087548262	1	1	2	0
9	206	0.0	0.646086992203	1	0	2	0
