0	31	NA 	 NA 	0	0	0	0
0	52	68.0	0.369869838984	1	5	36	5
0	35	21.0	1.27992105225	1	12	152	8
0	2	21.0	0.510748652249	1	66	215	65
0	21	21.0	0.44544272675	1	58	320	48
0	5	21.0	1.08790132513	1	34	189	29
0	56	21.0	0.922271111457	1	46	227	45
0	83	21.0	0.963130302673	1	28	316	31
0	32	21.0	0.512541740587	1	57	265	76
0	87	21.0	1.11696866147	1	36	284	25
0	48	21.0	0.803977108329	1	42	325	23
0	28	21.0	0.957920479744	1	38	235	11
0	81	21.0	0.923260240306	1	29	222	28
0	24	21.0	0.524684275917	1	84	236	106
0	68	21.0	0.783396642693	1	63	270	27
0	12	21.0	0.953706708434	1	44	273	27
0	57	21.0	0.667869996925	1	85	254	103
0	37	21.0	0.9881352725	1	30	181	11
0	66	21.0	0.466585201103	1	74	237	67
0	98	21.0	0.857954955214	1	27	299	21
0	59	21.0	0.985119769529	1	29	311	34
0	26	21.0	0.645657507446	1	81	263	128
0	91	21.0	0.538445806044	1	94	245	129
0	27	21.0	0.764586229805	1	25	253	15
0	64	21.0	0.924389092021	1	58	262	51
0	46	21.0	0.471482016625	1	79	221	87
0	47	21.0	1.04825310214	1	54	178	33
0	22	21.0	0.975365412662	1	36	236	46
0	1	21.0	0.918796475557	1	47	276	53
0	53	21.0	0.227191552527	1	151	205	122
0	89	21.0	0.840362243554	1	45	327	27
0	41	21.0	1.08621850316	1	40	194	50
0	69	21.0	1.18761019285	1	9	171	5
0	54	21.0	0.957397157962	1	53	249	47
0	40	21.0	0.951460726164	1	52	267	43
0	29	21.0	0.884803829225	1	26	200	3
0	4	21.0	0.969549781779	1	41	311	45
0	97	21.0	0.809587093105	1	16	169	2
0	23	21.0	1.00011132474	1	42	241	23
0	16	21.0	1.314914837	1	12	138	5
0	39	21.0	0.733691446042	1	35	239	14
0	100	21.0	0.933189337385	1	54	170	50
0	58	21.0	0.625119762914	1	109	222	141
0	10	21.0	0.434901438226	1	44	236	53
0	75	21.0	0.945617618902	1	50	250	76
0	38	21.0	0.891348795176	1	51	327	58
0	49	21.0	0.803951764679	1	26	256	14
0	85	21.0	0.482433492252	1	79	239	79
0	60	21.0	0.976571688006	1	46	221	51
0	71	21.0	0.931683937458	1	27	286	15
0	20	21.0	0.624046250197	1	74	218	85
0	95	21.0	0.667035188105	1	80	258	125
0	13	21.0	0.499331788327	1	82	281	79
0	18	21.0	1.17819620732	1	10	198	1
0	17	21.0	1.19646633214	1	26	169	13
0	76	21.0	0.515433633219	1	58	281	70
0	36	21.0	0.975103403494	1	40	259	25
0	43	21.0	0.932062634558	1	27	248	14
0	70	21.0	0.959364935875	1	58	257	36
0	14	21.0	1.09042941389	1	38	219	41
0	72	21.0	1.02184925472	1	26	219	8
0	34	21.0	0.658896578779	1	105	241	150
0	8	21.0	0.961820809375	1	35	218	9
0	84	21.0	0.846697587749	1	44	339	38
0	63	21.0	0.446807966626	1	78	280	96
0	80	21.0	0.723435884674	1	40	247	20
0	7	21.0	0.725171411876	1	34	280	18
0	67	21.0	1.00084885588	1	30	306	27
0	61	21.0	0.854334156954	1	48	143	23
0	45	21.0	0.79590616502	1	34	239	16
0	11	21.0	0.996410008508	1	23	215	6
0	78	21.0	0.581374056049	1	106	197	136
0	50	21.0	0.814839076963	1	38	233	17
0	99	21.0	1.0000609655	1	52	233	37
0	51	21.0	0.816008253433	1	20	226	6
0	82	21.0	0.915172422219	1	40	314	56
0	19	21.0	0.850085483212	1	41	310	22
0	55	21.0	0.894566712647	1	25	335	45
0	42	21.0	0.935039639413	1	56	273	53
0	6	21.0	0.762146194656	1	19	212	7
0	79	21.0	0.837594669912	1	21	190	7
0	9	21.0	0.843322162829	1	36	215	27
0	62	21.0	0.918031621612	1	45	218	36
0	73	21.0	0.951471390684	1	52	290	62
0	0	21.0	0.965803862692	1	37	321	47
0	74	21.0	0.769135603568	1	28	232	8
0	3	21.0	1.18971226325	1	15	220	3
0	88	21.0	0.576884151065	1	81	258	83
0	92	21.0	0.657699598222	1	83	282	136
0	77	21.0	0.956582500636	1	54	242	49
0	15	21.0	0.915091275696	1	47	307	85
0	25	21.0	0.442925060408	1	66	310	59
0	30	21.0	1.19083183176	1	35	246	10
0	33	21.0	1.09785959543	1	24	212	7
0	86	21.0	1.16964585581	1	12	207	3
0	44	21.0	0.788866970712	1	14	176	5
0	90	21.0	0.902460917712	1	46	299	30
0	65	21.0	1.04464517064	1	53	215	84
0	93	21.0	1.32353889963	1	7	119	1
0	94	21.0	0.492753495862	1	78	263	67
0	96	21.0	0.919722673187	1	43	284	47
1	6	NA 	 NA 	0	0	0	0
1	96	NA 	 NA 	0	0	0	0
1	42	36.0	0.564811390856	1	116	172	294
1	71	36.0	0.636696789759	1	41	245	18
1	67	36.0	0.384199630521	1	112	207	277
1	23	36.0	1.33334810348	1	56	139	96
1	53	36.0	1.01499096424	1	9	109	1
1	55	36.0	0.508223538017	1	110	168	252
1	12	36.0	0.367182938286	1	63	182	88
1	68	36.0	0.561624334012	1	49	223	65
1	78	36.0	1.35237671371	1	57	112	125
1	70	36.0	1.2076396046	1	21	155	9
1	3	36.0	0.567646768771	1	109	199	281
1	85	36.0	0.722273535992	1	46	179	38
1	80	36.0	1.01924378795	1	34	191	9
1	77	36.0	0.855258456496	1	13	137	2
1	21	36.0	0.45141152818	1	117	264	184
1	76	36.0	0.939605937812	1	46	264	39
1	64	36.0	0.728938374886	1	46	229	28
1	87	36.0	0.57650452443	1	88	193	204
1	18	36.0	1.27468320501	1	10	173	3
1	51	36.0	0.902025865697	1	28	251	26
1	79	36.0	0.220373751284	1	48	212	159
1	7	36.0	0.965811633808	1	22	180	7
1	94	36.0	1.24283973305	1	15	149	9
1	1	36.0	1.09668861002	1	33	169	12
1	62	36.0	0.872887326221	1	49	173	51
1	13	36.0	0.806696142086	1	15	175	9
1	26	36.0	0.761340423769	1	37	196	20
1	40	36.0	1.20123961346	1	26	227	16
1	48	36.0	1.25758107176	1	12	190	4
1	37	36.0	1.29360010617	1	8	160	0
1	25	36.0	0.569117305218	1	80	224	161
1	63	36.0	1.17499663419	1	35	232	31
1	28	36.0	1.2228375765	1	20	223	10
1	61	36.0	1.11389016792	1	44	191	58
1	29	36.0	0.393771201005	1	94	176	153
1	24	36.0	0.753829064929	1	39	186	30
1	10	36.0	0.574206127607	1	106	159	268
1	92	36.0	0.601033641861	1	36	258	41
1	36	36.0	0.373279901962	1	123	250	253
1	19	36.0	0.9639174714	1	21	164	5
1	39	36.0	0.630320007628	1	32	240	39
1	49	36.0	0.583547120514	1	99	183	282
1	73	36.0	0.936146770614	1	36	237	49
1	0	36.0	0.979294112023	1	75	238	134
1	8	36.0	0.202320076077	1	70	252	92
1	59	36.0	0.731789492956	1	32	192	29
1	5	36.0	0.9267005681	1	61	230	57
1	27	36.0	0.211966446874	1	80	203	97
1	32	36.0	1.13783303339	1	19	164	9
1	47	36.0	1.14114369508	1	36	192	22
1	38	36.0	1.0152239216	1	77	172	92
1	60	36.0	0.570383748924	1	61	200	81
1	95	36.0	0.879813766524	1	73	240	49
1	33	36.0	0.922342731734	1	51	265	45
1	83	36.0	0.538785405947	1	59	222	145
1	69	36.0	0.781113806261	1	30	238	20
1	11	36.0	0.555290683665	1	101	230	148
1	41	36.0	0.554902371687	1	103	240	297
1	99	36.0	1.24902454629	1	22	201	17
1	45	36.0	1.24143861806	1	19	160	12
1	14	36.0	0.541801567895	1	110	221	258
1	30	36.0	1.45970781185	1	6	60	1
1	16	36.0	0.707731136011	1	36	233	49
1	20	36.0	1.18443826479	1	15	173	7
1	84	36.0	0.432280713046	1	99	168	105
1	50	36.0	0.966205846068	1	38	204	49
1	43	36.0	0.371590567584	1	119	228	266
1	2	36.0	0.846912341989	1	28	209	11
1	54	36.0	1.21888229196	1	36	180	24
1	89	36.0	0.23107672578	1	60	285	116
1	86	36.0	0.876466386732	1	63	265	29
1	97	36.0	1.2322584452	1	42	182	21
1	66	36.0	0.846293389279	1	46	229	50
1	56	36.0	1.2435692459	1	23	196	18
1	17	36.0	0.570030662484	1	111	189	269
1	74	36.0	0.846573649355	1	24	226	18
1	52	36.0	0.719132624662	1	34	198	34
1	44	36.0	0.965692830631	1	42	237	61
1	88	36.0	0.316557532517	1	72	189	69
1	9	36.0	0.706439989869	1	31	204	32
1	90	36.0	1.29844184899	1	10	148	5
1	98	36.0	0.205668065311	1	60	304	75
1	81	36.0	0.378210309273	1	132	273	249
1	35	36.0	1.20821568778	1	28	222	25
1	57	36.0	0.804354977862	1	34	225	26
1	4	36.0	1.29921220179	1	11	158	5
1	15	36.0	0.706619354605	1	12	206	4
1	22	36.0	1.01878526074	1	71	239	127
1	31	36.0	1.20902401442	1	33	193	20
1	34	36.0	0.841801075381	1	41	254	25
1	46	36.0	1.14241122724	1	6	65	1
1	58	36.0	1.22344049178	1	26	191	24
1	65	36.0	0.836390427726	1	27	197	6
1	91	36.0	1.20440552087	1	32	217	40
1	93	36.0	1.03240752356	1	61	181	72
1	72	36.0	0.834037026568	1	46	180	40
1	75	36.0	0.916580149336	1	13	146	2
1	100	36.0	1.32383996561	1	42	152	41
1	82	36.0	1.21219489872	1	17	225	12
2	48	NA 	 NA 	0	0	0	0
2	36	31.0	0.781308238532	1	29	222	19
2	49	31.0	0.788244047222	1	47	309	43
2	86	31.0	0.509378901085	1	86	270	105
2	76	31.0	0.717550568346	1	40	253	7
2	32	31.0	1.03249256914	1	19	156	4
2	71	31.0	0.810756304145	1	31	192	15
2	16	31.0	0.752879045629	1	37	243	47
2	23	31.0	0.7759897477	1	35	306	41
2	26	31.0	0.660156175408	1	26	203	15
2	43	31.0	0.868750108769	1	52	230	61
2	96	31.0	0.568861678358	1	70	236	106
2	94	31.0	0.457519279578	1	54	306	70
2	63	31.0	0.515429570917	1	59	160	83
2	55	31.0	1.09749022896	1	20	148	4
2	34	31.0	0.56603484481	1	54	264	77
2	69	31.0	0.849173428797	1	43	274	52
2	21	31.0	0.84615945707	1	46	240	48
2	19	31.0	0.772604122164	1	44	265	56
2	72	31.0	0.889892130264	1	48	224	34
2	5	31.0	0.570609592487	1	86	194	148
2	66	31.0	0.53679493173	1	78	242	91
2	98	31.0	0.768393632351	1	36	276	37
2	70	31.0	0.896936172127	1	30	216	23
2	41	31.0	0.724411881239	1	30	164	5
2	25	31.0	0.598690565299	1	55	257	86
2	56	31.0	0.779920967844	1	46	231	52
2	3	31.0	0.76630926692	1	45	163	17
2	75	31.0	0.542195688153	1	45	208	81
2	0	31.0	0.216604746953	1	58	208	70
2	93	31.0	1.04524689518	1	5	85	0
2	17	31.0	0.456644924042	1	93	260	98
2	53	31.0	0.433362287409	1	60	283	60
2	15	31.0	0.496723346502	1	63	195	90
2	11	31.0	0.706996035679	1	37	242	17
2	90	31.0	0.818082489131	1	57	232	35
2	97	31.0	0.53441496333	1	79	270	94
2	79	31.0	0.847185135555	1	14	243	6
2	78	31.0	1.03331799803	1	17	156	11
2	47	31.0	0.855079639352	1	32	227	26
2	89	31.0	0.886148443294	1	43	211	43
2	100	31.0	0.829128910648	1	54	213	51
2	95	31.0	0.848926234408	1	22	219	12
2	39	31.0	0.593585295491	1	41	241	75
2	82	31.0	0.585438285053	1	41	237	60
2	65	31.0	0.778994105953	1	32	282	12
2	18	31.0	1.27756876769	1	24	126	8
2	6	31.0	0.480331470705	1	40	279	29
2	80	31.0	1.22593806369	1	25	108	11
2	87	31.0	0.473649051451	1	80	206	100
2	28	31.0	0.48674076102	1	94	220	115
2	45	31.0	0.439069004921	1	60	258	54
2	9	31.0	1.20791814088	1	10	86	2
2	8	31.0	1.08254585194	1	7	186	5
2	33	31.0	0.772300774756	1	50	324	34
2	37	31.0	0.810412124484	1	40	229	27
2	51	31.0	1.49466648196	1	7	69	0
2	57	31.0	0.859074817012	1	48	220	62
2	42	31.0	0.850370142498	1	19	227	19
2	54	31.0	1.19176286215	1	12	104	2
2	83	31.0	0.839990804049	1	26	230	12
2	46	31.0	0.866931509255	1	39	296	22
2	77	31.0	0.845967036666	1	16	226	7
2	40	31.0	0.855503477659	1	12	154	8
2	61	31.0	1.07603669453	1	11	138	5
2	27	31.0	0.886585878995	1	34	269	26
2	31	31.0	1.05843738647	1	46	213	30
2	52	31.0	0.859230022269	1	19	206	5
2	1	31.0	0.813050466356	1	21	225	12
2	59	31.0	1.17092563191	1	18	133	4
2	7	31.0	1.07688493621	1	23	171	9
2	88	31.0	0.687921847033	1	25	210	18
2	68	31.0	0.821732164498	1	48	259	51
2	67	31.0	0.903790246763	1	49	228	52
2	85	31.0	0.922112411484	1	50	153	41
2	92	31.0	0.81823474835	1	30	279	15
2	20	31.0	1.18297229354	1	29	133	9
2	4	31.0	0.890274042011	1	53	216	57
2	64	31.0	0.58546907176	1	76	272	98
2	50	31.0	1.03825330404	1	24	168	5
2	13	31.0	0.691584226584	1	23	226	10
2	74	31.0	0.729764312315	1	28	206	15
2	38	31.0	1.37774885728	1	9	30	3
2	22	31.0	0.466730323113	1	54	278	49
2	2	31.0	0.888437038578	1	5	134	1
2	10	31.0	0.521513744682	1	65	252	63
2	12	31.0	1.01951117543	1	22	262	5
2	14	31.0	0.692965179563	1	34	217	28
2	24	31.0	0.40276583052	1	74	223	74
2	29	31.0	0.477977202135	1	69	210	97
2	30	31.0	0.67279951299	1	43	196	30
2	35	31.0	1.20968974961	1	14	103	3
2	91	31.0	1.00632992168	1	4	112	0
2	44	31.0	1.15652575461	1	4	95	2
2	58	31.0	1.15842511668	1	9	132	1
2	60	31.0	0.660800407869	1	29	208	17
2	62	31.0	0.456724852227	1	45	187	59
2	73	31.0	0.762773848544	1	37	278	52
2	81	31.0	0.714482457635	1	51	191	19
2	84	31.0	0.789829622909	1	40	321	36
2	99	31.0	1.23051764197	1	25	115	9
3	50	NA 	 NA 	0	0	0	0
3	41	NA 	 NA 	0	0	0	0
3	17	25.0	0.843823177699	1	29	215	5
3	3	25.0	0.850290555642	1	86	171	39
3	37	25.0	0.991417288216	1	54	232	76
3	14	25.0	0.583792869293	1	99	278	192
3	23	25.0	0.721401428156	1	91	162	149
3	83	25.0	0.936402435686	1	37	249	47
3	1	25.0	1.14078055688	1	41	215	43
3	30	25.0	1.24825289276	1	27	190	7
3	54	25.0	0.928371161249	1	32	307	36
3	72	25.0	0.724779070977	1	29	260	26
3	40	25.0	0.642262825779	1	77	242	143
3	43	25.0	0.938111082324	1	50	262	62
3	80	25.0	0.64209325807	1	109	245	224
3	61	25.0	1.2551856471	1	28	183	18
3	93	25.0	0.912984520247	1	50	274	63
3	95	25.0	0.441116170035	1	100	214	137
3	10	25.0	0.9387220324	1	31	217	6
3	81	25.0	0.682791325869	1	92	198	222
3	38	25.0	0.974756500669	1	37	219	54
3	77	25.0	1.02152802753	1	56	242	88
3	47	25.0	0.641483980482	1	64	217	107
3	8	25.0	0.871972419894	1	41	265	25
3	28	25.0	0.920029105885	1	30	320	20
3	62	25.0	0.948147709357	1	58	232	87
3	76	25.0	0.618603417533	1	108	209	203
3	87	25.0	1.22605244422	1	25	202	6
3	73	25.0	1.10025360995	1	32	232	47
3	60	25.0	0.900264926677	1	61	296	61
3	24	25.0	0.794269768731	1	34	246	32
3	34	25.0	0.555413258982	1	99	209	149
3	51	25.0	0.665745648567	1	78	254	164
3	18	25.0	1.07160324749	1	46	193	67
3	25	25.0	0.734121859306	1	73	156	142
3	79	25.0	0.719244049391	1	86	203	243
3	89	25.0	1.00681596531	1	39	254	29
3	0	25.0	0.945296029052	1	61	183	25
3	44	25.0	1.05107462304	1	42	200	71
3	94	25.0	0.639057348185	1	73	212	130
3	11	25.0	1.26190976834	1	19	194	8
3	59	25.0	1.30389415715	1	27	95	2
3	27	25.0	0.670819444597	1	81	268	139
3	19	25.0	1.0141629793	1	49	232	83
3	16	25.0	1.03656547644	1	50	222	82
3	75	25.0	0.926087642129	1	43	222	44
3	22	25.0	1.09569123614	1	40	146	9
3	57	25.0	1.04268995381	1	49	174	88
3	32	25.0	1.26088711948	1	14	131	3
3	63	25.0	1.45405031147	1	6	118	1
3	91	25.0	0.198304816884	1	135	207	269
3	86	25.0	0.66693206955	1	95	259	179
3	71	25.0	1.26181083444	1	21	190	12
3	84	25.0	0.706035825648	1	23	301	14
3	69	25.0	1.23558221101	1	29	194	15
3	7	25.0	0.99907324302	1	58	271	114
3	65	25.0	0.674979435422	1	73	230	130
3	36	25.0	0.414199864836	1	93	254	140
3	53	25.0	1.22107534808	1	25	179	19
3	58	25.0	0.673212056891	1	78	218	209
3	74	25.0	0.614768871694	1	109	215	199
3	92	25.0	1.01560404966	1	29	267	47
3	21	25.0	0.970091276524	1	53	241	70
3	78	25.0	0.357565054042	1	126	255	128
3	82	25.0	1.24229207225	1	15	170	2
3	67	25.0	0.712115383893	1	28	225	24
3	29	25.0	1.05970071098	1	51	191	84
3	55	25.0	0.992206672272	1	61	250	55
3	4	25.0	1.25954707354	1	10	185	2
3	90	25.0	0.670187931833	1	65	210	119
3	64	25.0	0.270902112669	1	43	237	158
3	13	25.0	0.741566522675	1	30	251	19
3	5	25.0	1.15939479706	1	24	204	8
3	12	25.0	0.470293128305	1	95	249	141
3	45	25.0	1.08836681258	1	44	226	58
3	88	25.0	0.5450916264	1	107	205	166
3	15	25.0	0.985776744145	1	35	187	22
3	9	25.0	0.69072675143	1	81	226	149
3	2	25.0	0.673562234571	1	88	229	212
3	68	25.0	1.16800590219	1	14	141	1
3	42	25.0	0.909831263802	1	43	244	19
3	31	25.0	0.187261748596	1	42	284	159
3	49	25.0	1.00750060202	1	45	218	71
3	39	25.0	0.576374237122	1	97	237	118
3	96	25.0	1.22257670185	1	10	199	0
3	52	25.0	0.968199841637	1	62	185	136
3	6	25.0	0.951138033141	1	43	243	32
3	35	25.0	0.92792602241	1	41	296	44
3	33	25.0	1.2554575077	1	14	77	1
3	70	25.0	0.922271854862	1	43	277	42
3	97	25.0	0.7004194775	1	31	312	17
3	98	25.0	0.737105323131	1	25	295	19
3	20	25.0	1.13309485028	1	34	136	7
3	99	25.0	0.811652922411	1	16	239	10
3	26	25.0	1.0344833825	1	39	183	28
3	85	25.0	0.983807343067	1	39	280	33
3	46	25.0	0.846084062949	1	30	202	6
3	48	25.0	1.06799506809	1	28	245	12
3	56	25.0	1.32624142377	1	15	142	4
3	66	25.0	0.950526076445	1	30	177	8
4	19	NA 	 NA 	0	0	0	0
4	65	NA 	 NA 	0	0	0	0
4	61	34.0	0.99280443564	1	11	160	5
4	57	34.0	0.767493125141	1	31	189	14
4	64	34.0	0.381534704238	1	54	163	111
4	70	34.0	0.506820927749	1	12	228	9
4	85	34.0	0.79369644712	1	36	184	21
4	14	34.0	0.233997157194	1	53	229	67
4	2	34.0	0.69942171793	1	58	226	38
4	69	34.0	0.923769253254	1	4	103	4
4	13	34.0	0.758136326347	1	59	203	43
4	63	34.0	0.600290192275	1	26	208	31
4	16	34.0	0.717829970144	1	30	118	12
4	31	34.0	0.732987857056	1	26	197	10
4	46	34.0	0.303478130143	1	52	241	117
4	4	34.0	0.367701154342	1	51	186	132
4	95	34.0	0.613239299397	1	26	193	8
4	7	34.0	0.698721452197	1	33	276	46
4	59	34.0	0.521807126517	1	25	169	10
4	68	34.0	0.672995747176	1	33	235	31
4	10	34.0	0.49166294488	1	47	206	117
4	91	34.0	0.779037223393	1	29	228	12
4	24	34.0	0.458197717922	1	53	242	105
4	38	34.0	0.779809722473	1	37	172	13
4	53	34.0	0.630343259063	1	49	214	33
4	11	34.0	1.07751860601	1	7	125	4
4	48	34.0	0.943525845667	1	8	106	3
4	98	34.0	0.851528586944	1	18	130	7
4	62	34.0	0.339097961148	1	50	170	112
4	92	34.0	0.351394198771	1	50	216	108
4	33	34.0	0.782274645993	1	26	201	11
4	54	34.0	0.557117242708	1	27	140	4
4	9	34.0	0.308621129354	1	33	238	102
4	86	34.0	0.710249358736	1	20	164	11
4	96	34.0	0.656309363198	1	24	174	15
4	29	34.0	0.337422852909	1	55	220	68
4	40	34.0	0.695262786864	1	27	178	9
4	73	34.0	0.617534137684	1	27	202	5
4	87	34.0	0.712555463978	1	35	183	13
4	34	34.0	0.3899655718	1	47	224	101
4	51	34.0	0.726153660322	1	27	214	19
4	50	34.0	1.0604627598	1	5	133	0
4	45	34.0	0.753422714709	1	25	233	8
4	74	34.0	0.938978026227	1	3	92	0
4	55	34.0	0.705577255529	1	62	214	37
4	20	34.0	0.239549394265	1	47	194	118
4	23	34.0	0.76590497937	1	25	202	20
4	99	34.0	0.297417962933	1	39	255	77
4	83	34.0	0.407278796874	1	53	187	143
4	3	34.0	0.832374471705	1	36	182	16
4	75	34.0	0.67706649893	1	12	88	2
4	93	34.0	0.69821721739	1	33	289	28
4	17	34.0	1.04463648476	1	13	118	2
4	35	34.0	0.724726746658	1	21	171	8
4	21	34.0	0.366555317587	1	56	234	84
4	30	34.0	0.745524726247	1	26	245	27
4	58	34.0	0.362730205936	1	48	166	87
4	8	34.0	0.708583876615	1	44	216	44
4	28	34.0	0.582454024063	1	21	115	8
4	72	34.0	0.482641411234	1	52	204	111
4	47	34.0	0.890598958703	1	25	120	11
4	27	34.0	0.728446144968	1	24	237	30
4	26	34.0	0.329765822217	1	61	143	61
4	36	34.0	0.645023436935	1	28	178	15
4	94	34.0	0.515690821462	1	15	208	14
4	88	34.0	0.303478124097	1	44	245	113
4	89	34.0	0.734509648019	1	25	205	14
4	66	34.0	0.244646730027	1	40	246	34
4	42	34.0	0.5594222486	1	13	176	4
4	52	34.0	0.858750507627	1	26	122	7
4	0	34.0	0.758663679287	1	32	236	23
4	39	34.0	0.455512425834	1	53	233	89
4	18	34.0	0.413482497515	1	56	203	134
4	76	34.0	0.974181455272	1	19	187	6
4	97	34.0	0.724781431569	1	27	259	24
4	37	34.0	0.394980369041	1	64	224	75
4	49	34.0	0.925580729912	1	14	197	8
4	80	34.0	0.545850837961	1	28	133	5
4	5	34.0	0.651161277381	1	36	205	24
4	56	34.0	0.398712066391	1	58	210	71
4	82	34.0	0.419399024196	1	79	189	106
4	84	34.0	0.857000589543	1	18	200	11
4	12	34.0	0.87036183257	1	50	139	45
4	60	34.0	0.968989425149	1	16	172	7
4	1	34.0	0.808434046087	1	41	157	30
4	90	34.0	0.393970750161	1	63	212	78
4	67	34.0	0.987839451083	1	6	158	3
4	78	34.0	0.473619056724	1	44	224	127
4	41	34.0	0.403102175801	1	53	247	107
4	6	34.0	1.16730761621	1	11	102	2
4	15	34.0	1.0016573258	1	8	131	0
4	71	34.0	0.243756569119	1	39	201	65
4	22	34.0	0.317583130623	1	57	215	88
4	25	34.0	0.966699839021	1	9	103	4
4	32	34.0	1.01248927801	1	26	138	7
4	43	34.0	0.529491962544	1	6	200	6
4	44	34.0	0.943181858225	1	10	148	6
4	100	34.0	0.262324466812	1	65	144	49
4	77	34.0	0.527214370648	1	20	153	10
4	79	34.0	0.626713687486	1	40	204	25
4	81	34.0	0.414937696829	1	52	230	111
5	49	NA 	 NA 	0	0	0	0
5	74	NA 	 NA 	0	0	0	0
5	76	NA 	 NA 	0	0	0	0
5	81	NA 	 NA 	0	0	0	0
5	3	27.0	0.862049735304	1	24	176	14
5	10	27.0	0.914547537346	1	54	261	62
5	55	27.0	0.711017594566	1	48	283	41
5	77	26.0	0.373307864458	1	64	314	102
5	38	27.0	1.15456513496	1	14	108	4
5	44	27.0	0.718536011933	1	38	235	16
5	7	27.0	0.683134330551	1	38	278	27
5	67	27.0	0.79476621637	1	40	193	43
5	95	27.0	0.925164466884	1	39	272	71
5	33	27.0	0.524049929624	1	62	154	72
5	26	27.0	0.435261421005	1	71	257	107
5	39	27.0	1.26227526839	1	22	154	5
5	78	27.0	1.01069417769	1	53	155	19
5	0	27.0	1.07322489705	1	40	215	36
5	5	27.0	0.838171201419	1	56	173	29
5	27	27.0	0.769462090812	1	47	211	41
5	34	27.0	0.497456347327	1	59	228	86
5	24	27.0	1.1233521663	1	49	101	10
5	29	27.0	1.25463656864	1	35	150	9
5	60	27.0	0.425722519429	1	64	192	72
5	94	27.0	0.740882084566	1	36	281	35
5	72	27.0	0.99265959403	1	34	173	17
5	68	27.0	0.939443019475	1	45	233	57
5	42	27.0	1.10979667742	1	38	179	15
5	89	27.0	1.17309808252	1	35	168	7
5	69	27.0	0.470216689669	1	57	271	73
5	54	27.0	0.452975171204	1	84	237	82
5	14	27.0	0.505260076961	1	73	145	114
5	31	27.0	0.806507962901	1	42	163	35
5	96	27.0	0.899843408699	1	58	281	102
5	20	27.0	0.474621834934	1	62	254	63
5	90	27.0	0.453700632663	1	71	254	148
5	18	27.0	0.686978412454	1	27	275	16
5	100	27.0	0.802131977127	1	38	218	29
5	11	27.0	0.320247386626	1	62	180	98
5	97	27.0	0.768696155639	1	54	160	24
5	28	27.0	1.38752650923	1	8	105	1
5	25	27.0	0.875775456286	1	46	208	48
5	57	27.0	0.864930899176	1	42	212	37
5	36	26.0	0.459098965121	1	55	280	65
5	16	27.0	0.73773850078	1	39	190	34
5	9	27.0	0.999612668332	1	10	148	0
5	17	26.0	0.385536720363	1	63	264	111
5	64	27.0	0.895565527373	1	34	249	17
5	15	27.0	0.816286278908	1	38	166	23
5	70	27.0	1.23330098481	1	24	184	11
5	98	27.0	0.898456919377	1	49	278	69
5	4	27.0	0.767669353988	1	42	217	32
5	58	27.0	0.981806732913	1	44	230	55
5	73	27.0	0.486710770469	1	55	130	110
5	66	27.0	0.3700036003	1	56	175	119
5	85	27.0	0.90254225276	1	43	194	54
5	51	27.0	0.751627072556	1	29	214	21
5	21	27.0	0.961052760296	1	49	157	15
5	8	27.0	0.892002046705	1	52	246	37
5	62	27.0	0.418734854636	1	53	203	84
5	91	27.0	0.479234145805	1	64	259	72
5	46	27.0	0.757360387975	1	21	226	7
5	80	27.0	0.770819492614	1	32	199	26
5	22	27.0	0.774207464738	1	46	165	33
5	65	27.0	1.24127176996	1	17	157	1
5	23	27.0	0.698950555277	1	22	290	18
5	52	27.0	0.711517264801	1	58	234	42
5	19	27.0	0.765282618332	1	42	204	22
5	35	27.0	0.494674050128	1	59	209	67
5	71	27.0	0.954229207678	1	44	234	40
5	59	27.0	0.53428751801	1	50	213	85
5	12	27.0	1.11546067114	1	21	155	9
5	86	27.0	0.890292484005	1	57	213	41
5	37	27.0	0.532148652957	1	58	233	76
5	6	27.0	1.07904839062	1	26	151	7
5	87	27.0	1.14305688407	1	10	129	2
5	92	27.0	0.821728950732	1	39	157	22
5	99	27.0	1.04571296973	1	2	151	0
5	50	27.0	0.729222367547	1	44	244	47
5	48	27.0	0.426064690635	1	61	214	113
5	93	27.0	0.717682712016	1	27	224	18
5	1	27.0	0.755910170536	1	39	289	25
5	56	27.0	1.21837841184	1	19	185	4
5	43	27.0	0.482635493102	1	120	177	78
5	45	27.0	0.6881830739	1	33	271	15
5	30	26.0	0.438383595797	1	48	259	74
5	88	27.0	0.768951372416	1	35	208	20
5	13	27.0	1.23016132979	1	17	183	7
5	82	27.0	0.718058611783	1	37	306	23
5	2	27.0	0.795018755625	1	48	225	7
5	53	27.0	0.429389190038	1	59	239	95
5	83	27.0	0.893300318742	1	35	197	11
5	32	27.0	0.900843990698	1	47	192	68
5	40	27.0	0.744523828886	1	39	207	29
5	84	27.0	0.978341184044	1	15	176	10
5	41	27.0	0.738348808878	1	33	228	21
5	47	27.0	0.487340214921	1	58	276	89
5	61	27.0	1.04985937093	1	59	208	31
5	63	27.0	0.713968778512	1	20	276	24
5	75	27.0	0.923577118238	1	39	156	22
5	79	27.0	1.53251693691	1	32	59	3
6	29	NA 	 NA 	0	0	0	0
6	18	32.0	0.704734486111	1	32	264	19
6	54	31.0	0.400448173652	1	60	276	87
6	1	32.0	0.475622464295	1	56	229	102
6	13	32.0	0.758606471272	1	1	132	1
6	88	32.0	0.565863474132	1	59	185	87
6	80	32.0	0.996883126645	1	13	80	3
6	70	32.0	0.802900093278	1	52	310	40
6	45	32.0	0.779788936042	1	34	252	18
6	71	32.0	0.416521534673	1	49	202	83
6	58	32.0	0.924597046397	1	38	173	80
6	47	32.0	0.698767295504	1	44	256	40
6	52	32.0	0.404101552551	1	58	295	52
6	16	32.0	0.439764431629	1	86	255	128
6	93	32.0	0.505740405485	1	58	188	134
6	64	32.0	0.34027432262	1	60	234	71
6	35	32.0	0.506344814211	1	72	229	121
6	60	32.0	0.776988883361	1	26	256	16
6	82	32.0	0.587752541965	1	50	252	38
6	39	32.0	0.50816808356	1	60	216	140
6	7	32.0	0.767480817978	1	56	256	53
6	33	32.0	1.22338977048	1	2	149	0
6	77	32.0	0.537804847949	1	58	204	133
6	73	32.0	0.32245893013	1	61	248	65
6	22	32.0	0.74649817126	1	43	333	25
6	75	32.0	0.528324046139	1	58	202	154
6	32	32.0	0.83514266512	1	39	233	38
6	3	32.0	0.807584034423	1	33	261	20
6	61	32.0	0.730637718887	1	29	228	46
6	42	32.0	0.381722093983	1	72	221	147
6	90	32.0	1.08195224892	1	9	155	4
6	98	32.0	0.24191446387	1	73	262	56
6	96	32.0	0.601162899965	1	53	169	132
6	50	32.0	0.461158734325	1	62	226	153
6	0	32.0	1.008841366	1	4	89	0
6	37	32.0	0.462801894769	1	48	212	98
6	57	32.0	0.843500034476	1	36	236	25
6	85	32.0	0.404329679611	1	56	254	88
6	63	32.0	0.422432172533	1	85	160	105
6	23	32.0	1.0546678529	1	37	188	46
6	97	32.0	0.364087583075	1	50	257	126
6	94	32.0	0.470184305817	1	54	216	94
6	12	32.0	0.784150611347	1	47	261	48
6	84	32.0	0.367784183427	1	63	164	164
6	27	32.0	0.718149609476	1	28	227	30
6	62	32.0	0.472114225863	1	77	269	155
6	72	32.0	0.775107920774	1	50	312	30
6	67	32.0	0.485831843279	1	90	172	173
6	15	32.0	0.700989484676	1	23	208	22
6	10	32.0	0.83333180165	1	57	246	55
6	87	32.0	0.715802285535	1	45	215	41
6	86	32.0	0.907688524869	1	25	185	8
6	17	32.0	0.715459072888	1	48	181	45
6	56	32.0	1.09285502279	1	7	135	2
6	43	32.0	0.630499999991	1	71	136	147
6	48	32.0	0.899049604806	1	45	123	6
6	28	32.0	0.83743632535	1	39	238	21
6	53	32.0	0.705155568254	1	47	287	49
6	68	32.0	0.686921543348	1	39	226	40
6	2	32.0	0.72659374072	1	33	206	21
6	40	32.0	0.506758373333	1	54	255	105
6	4	32.0	0.781665467824	1	36	251	73
6	59	32.0	0.779118454546	1	42	280	29
6	83	32.0	0.881985517626	1	11	239	6
6	21	32.0	0.63780553566	1	44	211	34
6	20	32.0	0.786639640741	1	54	215	88
6	24	32.0	0.768360654399	1	44	227	93
6	51	32.0	0.368932717221	1	55	198	124
6	46	32.0	0.501066425045	1	71	221	129
6	81	32.0	0.405783444045	1	73	267	71
6	6	32.0	0.766557764819	1	36	305	31
6	92	32.0	0.814817549158	1	46	218	83
6	74	32.0	0.583825594003	1	33	229	11
6	69	32.0	0.350474790807	1	64	234	77
6	11	32.0	0.538551393644	1	42	210	119
6	25	32.0	0.690387781313	1	54	166	24
6	19	32.0	0.713880736306	1	40	242	47
6	36	32.0	0.515569901451	1	51	264	129
6	9	32.0	1.04309107469	1	9	162	3
6	49	32.0	0.674821413694	1	38	232	29
6	5	32.0	0.945003230685	1	21	125	12
6	55	32.0	0.780389247972	1	60	263	59
6	8	32.0	0.39599267724	1	48	215	50
6	78	32.0	0.882431796685	1	32	208	41
6	14	32.0	0.393982518384	1	59	263	76
6	89	32.0	0.843271014821	1	28	133	18
6	26	32.0	0.600393281833	1	92	197	153
6	30	32.0	1.08261231266	1	9	145	0
6	31	32.0	0.968571477902	1	11	120	8
6	34	32.0	0.783495617887	1	43	301	29
6	38	32.0	1.0041451105	1	16	197	8
6	41	32.0	0.800275848351	1	37	259	28
6	91	32.0	0.729990141645	1	16	208	6
6	44	32.0	0.801766145276	1	26	150	18
6	65	32.0	0.910080479218	1	29	227	19
6	66	32.0	0.947531963915	1	45	200	61
6	99	32.0	0.923469936663	1	15	135	7
6	95	32.0	0.761920054532	1	44	254	67
6	76	32.0	0.846735213023	1	39	204	48
6	79	32.0	1.00545093765	1	29	190	15
7	49	NA 	 NA 	0	0	0	0
7	18	NA 	 NA 	0	0	0	0
7	76	NA 	 NA 	0	0	0	0
7	74	NA 	 NA 	0	0	0	0
7	81	NA 	 NA 	0	0	0	0
7	3	27.0	0.984828900195	1	22	182	7
7	10	27.0	0.947211018893	1	46	301	28
7	55	27.0	0.724887282286	1	28	268	28
7	77	26.0	0.450493177087	1	63	322	87
7	38	27.0	1.09836125249	1	18	143	5
7	44	27.0	0.800565845892	1	45	235	28
7	95	27.0	1.03311854293	1	29	316	36
7	67	27.0	0.872102835681	1	46	228	40
7	7	27.0	0.844824271007	1	30	290	21
7	0	27.0	1.11386220692	1	32	268	19
7	33	27.0	0.425090038492	1	72	184	89
7	100	27.0	0.865837945933	1	41	276	38
7	26	27.0	0.515414357941	1	71	276	113
7	39	27.0	1.25363551538	1	38	151	5
7	27	27.0	0.789470361579	1	43	238	33
7	78	27.0	0.861073326365	1	49	180	17
7	29	27.0	1.25848466584	1	45	182	15
7	5	27.0	0.76098952357	1	32	197	18
7	24	27.0	1.09071562832	1	42	136	4
7	34	26.0	0.604989777436	1	61	238	73
7	60	27.0	0.464092760452	1	56	256	96
7	72	27.0	0.967100086511	1	38	169	21
7	94	27.0	0.718064138344	1	30	260	22
7	68	27.0	1.06835730933	1	39	245	40
7	42	27.0	1.17130488354	1	53	231	19
7	16	27.0	0.857960089506	1	42	238	30
7	101	27.0	0.915342090544	1	55	237	53
7	14	27.0	0.565810341693	1	68	198	91
7	25	27.0	0.974321512567	1	52	242	21
7	69	27.0	0.486555544814	1	57	234	70
7	31	27.0	0.867089743993	1	32	182	13
7	90	27.0	0.566482887266	1	62	278	103
7	96	27.0	1.0028244132	1	53	321	59
7	54	27.0	0.461819514718	1	68	254	54
7	89	27.0	1.26373676212	1	29	206	9
7	11	25.0	0.410684203047	1	53	228	84
7	28	27.0	1.54453662709	1	6	106	1
7	9	27.0	1.02916409828	1	17	198	6
7	36	27.0	0.464401655223	1	65	283	78
7	57	27.0	0.930652490973	1	67	232	63
7	15	27.0	0.901179768609	1	30	234	16
7	17	27.0	0.522376901904	1	63	235	88
7	20	27.0	0.554885768415	1	58	298	71
7	98	27.0	1.01441682102	1	53	317	68
7	70	27.0	1.22486279815	1	29	211	12
7	64	27.0	0.979716865687	1	45	226	23
7	66	27.0	0.547276947734	1	42	175	61
7	97	27.0	0.847571301062	1	45	156	43
7	73	27.0	0.593937541807	1	48	176	78
7	58	27.0	1.05523065775	1	56	230	43
7	85	27.0	1.00368986234	1	59	211	54
7	4	27.0	0.760653059526	1	52	222	29
7	59	27.0	0.614763978476	1	79	197	63
7	8	27.0	1.01390414798	1	42	244	23
7	21	27.0	0.910531076167	1	46	183	25
7	52	27.0	0.818617803756	1	66	237	28
7	51	27.0	0.881811337797	1	30	166	15
7	91	27.0	0.466274024082	1	60	260	82
7	65	27.0	1.22689476028	1	23	210	7
7	22	27.0	0.877296753811	1	37	174	35
7	23	27.0	0.681481179648	1	25	275	17
7	19	27.0	0.868562813549	1	35	173	25
7	80	27.0	0.785283125173	1	42	232	28
7	62	27.0	0.47877289679	1	59	225	77
7	71	27.0	1.02141273864	1	35	296	30
7	12	27.0	1.22704505913	1	24	211	10
7	35	27.0	0.590383050501	1	64	202	57
7	86	27.0	0.839950962895	1	50	242	42
7	37	27.0	0.471459008645	1	55	224	65
7	1	27.0	0.74138100664	1	24	248	17
7	6	27.0	1.20753159165	1	19	197	11
7	87	27.0	1.04203066428	1	13	160	4
7	48	27.0	0.556916074334	1	74	226	107
7	92	27.0	0.908720840956	1	28	170	23
7	93	27.0	0.843465342203	1	30	264	11
7	99	27.0	1.09444090149	1	11	193	7
7	53	27.0	0.580086738889	1	54	251	83
7	46	27.0	0.877072823118	1	41	167	34
7	50	27.0	0.848755494459	1	40	282	30
7	30	27.0	0.608688384214	1	48	251	63
7	56	27.0	1.2352214354	1	21	224	6
7	43	27.0	0.504466495067	1	93	204	53
7	45	27.0	0.831381586307	1	30	283	19
7	88	27.0	0.830836424201	1	32	194	25
7	82	27.0	0.721484867924	1	26	267	12
7	13	27.0	1.21031162455	1	20	221	2
7	2	27.0	0.725467633251	1	41	229	16
7	83	27.0	0.867695752757	1	40	198	7
7	32	27.0	0.984195889543	1	51	224	55
7	40	27.0	0.86610026304	1	32	232	13
7	84	27.0	1.04803514596	1	15	220	9
7	41	27.0	0.84847163661	1	36	182	12
7	47	27.0	0.467329079801	1	58	295	83
7	61	27.0	1.10356858897	1	52	265	35
7	63	27.0	0.678620657904	1	28	261	14
7	75	27.0	0.708585290844	1	72	180	40
7	79	27.0	1.49010217769	1	34	66	5
8	29	NA 	 NA 	0	0	0	0
8	28	NA 	 NA 	0	0	0	0
8	55	30.0	0.775896469265	1	43	221	33
8	59	30.0	0.754025608465	1	31	252	34
8	81	30.0	0.826910545082	1	45	197	40
8	25	30.0	0.714210436547	1	18	261	16
8	43	30.0	0.668699648546	1	29	227	21
8	6	30.0	0.827673255216	1	56	208	33
8	35	30.0	0.728916727283	1	19	253	24
8	46	30.0	1.14976957881	1	18	108	4
8	36	30.0	0.472253498401	1	37	193	105
8	91	30.0	0.799888688268	1	11	130	3
8	100	30.0	0.483682935946	1	53	183	140
8	30	30.0	0.735323018239	1	47	201	33
8	1	30.0	0.728095908821	1	36	237	28
8	76	30.0	0.767308069221	1	23	151	13
8	18	30.0	0.812645486462	1	43	215	39
8	73	30.0	0.865897394495	1	44	185	22
8	5	30.0	1.02106838293	1	33	174	8
8	49	30.0	0.714687699742	1	45	185	22
8	48	29.0	0.346806048402	1	65	201	81
8	85	30.0	0.678139841333	1	26	201	15
8	58	30.0	0.988243987496	1	21	175	4
8	62	30.0	0.486261959652	1	51	181	115
8	92	30.0	0.447281656925	1	53	251	90
8	54	29.0	0.429518880049	1	67	239	65
8	16	30.0	0.741049090058	1	48	161	42
8	9	30.0	0.882429405137	1	13	78	2
8	4	30.0	0.525199900426	1	57	237	68
8	88	30.0	0.344528140454	1	51	218	153
8	17	30.0	0.94140892112	1	21	187	13
8	63	30.0	1.21184519721	1	33	96	5
8	20	30.0	0.799731752514	1	34	207	29
8	57	30.0	0.472512099135	1	47	213	148
8	70	30.0	0.734720141571	1	33	248	36
8	32	30.0	1.29816885655	1	12	106	5
8	11	30.0	0.764919122592	1	45	237	20
8	53	30.0	0.78455761389	1	26	197	19
8	22	30.0	1.17696681527	1	20	124	4
8	71	30.0	0.948528448884	1	34	177	29
8	0	30.0	0.529739111979	1	57	215	97
8	84	30.0	0.468939397992	1	64	222	110
8	15	30.0	0.750582367704	1	44	243	29
8	26	30.0	0.869511318967	1	30	156	24
8	7	30.0	0.340313604811	1	77	236	93
8	72	30.0	0.517307834148	1	52	187	111
8	44	30.0	0.72656336954	1	24	176	9
8	79	30.0	0.7403990389	1	53	187	44
8	10	30.0	0.485846131657	1	38	198	108
8	60	30.0	0.420720151669	1	52	202	79
8	74	30.0	0.773468620205	1	46	183	16
8	12	30.0	0.390995702496	1	52	225	111
8	98	30.0	0.442742447724	1	52	258	71
8	37	29.0	0.435653013664	1	68	172	104
8	8	30.0	0.517470426078	1	60	236	75
8	75	30.0	0.762465710349	1	50	229	47
8	40	30.0	0.422188898423	1	43	234	82
8	21	30.0	0.765588857337	1	20	223	12
8	65	30.0	0.768286745761	1	25	227	24
8	51	30.0	0.744369255696	1	38	202	51
8	95	30.0	0.396474164036	1	51	278	81
8	50	30.0	0.802185649442	1	40	200	42
8	78	30.0	0.364481795961	1	59	238	97
8	56	30.0	0.772011934914	1	34	204	34
8	2	30.0	0.773445252807	1	31	219	38
8	80	30.0	1.06352309218	1	39	129	13
8	90	30.0	1.1495056038	1	11	139	1
8	96	30.0	0.709210687517	1	39	259	50
8	93	30.0	0.40511786193	1	55	268	129
8	69	30.0	0.865999768944	1	40	198	16
8	77	30.0	0.698518516364	1	35	140	14
8	38	30.0	0.904049728883	1	7	104	4
8	23	30.0	0.75958296427	1	44	219	48
8	61	30.0	0.436799977743	1	82	188	139
8	24	30.0	0.496055074974	1	55	164	116
8	99	30.0	0.402585851686	1	46	211	110
8	39	30.0	1.28022577872	1	7	83	0
8	68	30.0	0.7541622999	1	53	253	67
8	67	30.0	0.431558061053	1	54	264	62
8	66	30.0	0.4838617069	1	39	186	122
8	89	30.0	0.8030624451	1	31	188	26
8	64	30.0	0.520036719777	1	67	203	67
8	97	30.0	1.28297576424	1	5	112	1
8	94	30.0	0.488232231974	1	47	204	108
8	13	30.0	0.396749800827	1	49	220	127
8	47	30.0	0.462052437345	1	54	235	118
8	87	30.0	0.954841198771	1	29	167	17
8	82	30.0	0.828545883805	1	38	169	33
8	41	30.0	0.70281884829	1	19	158	11
8	45	30.0	0.7412049682	1	36	262	33
8	3	30.0	0.769570480486	1	21	199	10
8	42	30.0	1.18917673898	1	8	131	1
8	33	30.0	0.800269940459	1	38	236	20
8	52	30.0	0.642646910897	1	68	222	46
8	19	30.0	1.24484027805	1	14	81	9
8	14	30.0	0.452437778572	1	47	211	87
8	27	30.0	1.05691559827	1	23	152	6
8	31	30.0	0.720540168626	1	33	214	29
8	34	30.0	0.734558319749	1	27	256	19
8	83	30.0	0.674706685053	1	37	217	19
8	86	30.0	0.77858521521	1	39	203	25
9	66	NA 	 NA 	0	0	0	0
9	90	20.0	0.823931241498	1	34	180	1
9	20	20.0	0.640100090587	1	72	274	99
9	18	20.0	0.424119533179	1	57	246	39
9	63	20.0	1.09794347507	1	34	163	10
9	2	20.0	1.21890565723	1	37	144	13
9	57	20.0	1.01547099206	1	17	186	5
9	77	20.0	1.25819053931	1	8	151	2
9	78	20.0	0.885309909476	1	30	270	31
9	85	20.0	1.01623911069	1	42	181	17
9	9	20.0	0.627846183198	1	86	258	146
9	12	20.0	1.19574887217	1	19	138	5
9	62	20.0	0.9840935233	1	42	224	34
9	24	20.0	0.59785170234	1	105	270	114
9	4	20.0	0.992501855824	1	25	200	21
9	51	20.0	0.991875243953	1	37	225	38
9	30	20.0	0.542741786538	1	60	234	96
9	98	20.0	0.965527353534	1	56	187	29
9	21	20.0	0.176582188178	1	84	253	137
9	43	20.0	0.896957733983	1	42	250	39
9	15	20.0	0.946235859437	1	35	219	42
9	88	20.0	0.549036930593	1	56	219	105
9	82	20.0	0.483551548569	1	72	257	68
9	29	20.0	0.640630451128	1	61	285	80
9	75	20.0	0.367488435239	1	60	341	37
9	50	20.0	0.614327580166	1	53	254	72
9	16	20.0	0.626417796893	1	65	255	74
9	92	20.0	0.968208903701	1	58	172	53
9	47	20.0	1.23534382265	1	29	132	3
9	39	20.0	0.741265043382	1	72	212	27
9	100	20.0	1.12208979625	1	29	182	11
9	41	20.0	0.611905684435	1	62	219	120
9	3	20.0	0.673178074757	1	61	226	64
9	23	20.0	0.683865925657	1	79	220	129
9	58	20.0	1.01204729306	1	57	216	43
9	97	20.0	1.20270767209	1	7	123	2
9	64	20.0	0.488027085782	1	75	232	74
9	54	20.0	0.785832833005	1	39	243	25
9	31	20.0	1.07786342052	1	51	185	18
9	70	20.0	0.651517687792	1	61	204	122
9	73	20.0	0.501454285701	1	112	230	91
9	27	20.0	0.919651777328	1	34	262	14
9	48	20.0	0.595510767347	1	37	223	74
9	5	20.0	0.82350394213	1	34	316	43
9	71	20.0	1.18266839152	1	20	196	6
9	32	20.0	0.886737284427	1	39	264	49
9	35	20.0	0.786809242594	1	43	194	23
9	46	20.0	0.883861012894	1	43	241	78
9	53	20.0	1.25907368618	1	9	107	3
9	96	20.0	0.861856481137	1	56	276	63
9	99	20.0	0.517869514778	1	64	274	95
9	40	20.0	0.560210376601	1	41	240	64
9	38	20.0	0.896623607613	1	36	299	59
9	13	20.0	1.07815648088	1	30	215	24
9	87	20.0	1.18560371722	1	24	159	9
9	33	20.0	0.934403435323	1	49	226	44
9	42	20.0	0.796238882332	1	29	235	38
9	86	20.0	0.858933849092	1	30	264	53
9	76	20.0	0.592137088623	1	71	186	77
9	36	20.0	1.62063956637	1	3	22	0
9	45	20.0	1.09131188116	1	34	213	19
9	72	20.0	0.772894911079	1	45	227	22
9	56	20.0	0.851622164196	1	52	255	76
9	65	20.0	0.65104515157	1	53	227	104
9	79	20.0	0.526720002647	1	43	210	79
9	81	20.0	1.21608017138	1	16	147	5
9	84	20.0	0.917870582045	1	45	177	58
9	94	20.0	0.826490319882	1	34	327	23
9	25	20.0	0.91504331176	1	40	248	34
9	59	20.0	1.1229339728	1	33	170	21
9	26	20.0	0.894014254634	1	32	232	27
9	8	20.0	0.884885656907	1	37	292	36
9	93	20.0	0.68691299323	1	72	214	99
9	74	20.0	1.09123606434	1	28	178	10
9	68	20.0	1.22168551965	1	39	132	11
9	91	20.0	0.839343285711	1	47	265	39
9	28	20.0	0.473773177054	1	82	252	85
9	19	20.0	0.932744776894	1	57	246	51
9	61	20.0	0.931598571936	1	33	252	8
9	67	20.0	0.669218466886	1	29	339	15
9	6	20.0	0.773303804636	1	41	200	18
9	60	20.0	0.779649135125	1	40	204	22
9	95	20.0	1.02173621868	1	25	203	18
9	89	20.0	1.06937205203	1	34	213	29
9	17	20.0	0.819391614162	1	21	179	11
9	0	20.0	0.873146185391	1	39	256	47
9	1	20.0	1.07252040182	1	32	231	20
9	7	20.0	0.944820274819	1	55	258	72
9	10	20.0	1.1569624203	1	20	187	10
9	11	20.0	0.691272177882	1	79	188	116
9	14	20.0	1.39817270354	1	13	91	2
9	22	20.0	1.26605739137	1	14	129	3
9	34	20.0	0.8289206339	1	43	278	42
9	37	20.0	1.01010562665	1	30	207	24
9	44	20.0	0.796865462016	1	30	327	32
9	49	20.0	0.946341776283	1	42	272	56
9	52	20.0	0.577398111138	1	70	230	107
9	55	20.0	0.422515466277	1	65	274	66
9	69	19.0	0.118089035065	1	42	295	80
9	80	20.0	0.805736836566	1	24	332	28
9	83	20.0	0.811860359383	1	45	316	61
