0	189	NA 	 NA 	0	0	0	0
0	168	NA 	 NA 	0	0	0	0
0	195	NA 	 NA 	0	0	0	0
0	283	0.0	0.05625473542	1	0	11	0
0	114	0.0	0.056254795671	1	0	11	0
0	151	0.0	0.057705467507	1	0	4	0
0	133	0.0	0.05698663721	1	0	5	0
0	243	0.0	0.056255139307	1	0	9	0
0	36	0.0	0.057442088765	1	0	10	0
0	65	0.0	0.056255164703	1	1	10	0
0	176	0.0	0.056987043462	1	0	3	0
0	298	0.0	0.057442185417	1	0	3	0
0	275	0.0	0.057441755232	1	0	4	0
0	185	0.0	0.057442068237	1	0	3	0
0	239	0.0	0.057562956751	1	0	7	0
0	42	0.0	0.058381483611	1	0	3	0
0	96	0.0	0.056255148412	1	0	9	0
0	244	0.0	0.058202531138	1	0	4	0
0	207	0.0	0.056255098325	1	0	8	0
0	92	0.0	0.057705960996	1	0	4	0
0	154	0.0	0.056254509453	1	0	13	0
0	252	0.0	0.058593576453	1	0	5	0
0	130	0.0	0.05744184213	1	0	3	0
0	85	0.0	0.05625520892	1	1	7	0
0	147	0.0	0.056255255443	1	1	4	0
0	211	0.0	0.056987050819	1	0	3	0
0	242	0.0	0.05744189206	1	0	4	0
0	295	0.0	0.056254853407	1	0	10	0
0	79	0.0	0.056255154467	1	0	8	0
0	91	0.0	0.056986847826	1	0	7	0
0	246	0.0	0.057562919755	1	0	5	0
0	261	0.0	0.057706035959	1	0	6	0
0	89	0.0	0.057441870573	1	0	4	0
0	209	0.0	0.057442058272	1	0	3	0
0	87	0.0	0.056254997935	1	0	8	0
0	11	0.0	0.057705941132	1	0	3	0
0	194	0.0	0.056986732081	1	0	6	0
0	236	0.0	0.057562428588	1	0	7	0
0	267	0.0	0.05756287726	1	0	7	0
0	37	0.0	0.05625515474	1	1	5	0
0	18	0.0	0.056986983568	1	0	4	0
0	159	0.0	0.056254547582	1	0	12	0
0	192	0.0	0.057441814306	1	0	5	0
0	155	0.0	0.057441558195	1	0	10	0
0	256	0.0	0.056254751868	1	0	11	0
0	129	0.0	0.056254447944	1	0	14	0
0	216	0.0	0.05625447412	1	0	15	0
0	48	0.0	0.056254786796	1	0	9	0
0	43	0.0	0.05770574987	1	0	4	0
0	212	0.0	0.056254452467	1	0	15	0
0	148	0.0	0.05625486291	1	0	10	0
0	100	0.0	0.056254594525	1	0	12	0
0	2	0.0	0.056255217248	1	1	7	0
0	150	0.0	0.056255224482	1	1	8	0
0	245	0.0	0.057441603714	1	0	6	0
0	164	0.0	0.057705461391	1	0	5	0
0	38	0.0	0.058381700791	1	0	4	0
0	203	0.0	0.056254904957	1	0	8	0
0	188	0.0	0.056255063859	1	0	7	0
0	84	0.0	0.056255129369	1	0	7	0
0	248	0.0	0.058402130404	1	0	1	0
0	75	0.0	0.058381444571	1	0	5	0
0	160	0.0	0.056254803804	1	0	8	0
0	229	0.0	0.056986804076	1	0	7	0
0	299	0.0	0.05770568745	1	0	6	0
0	226	0.0	0.056254839185	1	0	10	0
0	293	0.0	0.058203075318	1	0	4	0
0	67	0.0	0.056254965852	1	0	9	0
0	121	0.0	0.056986732931	1	0	7	0
0	240	0.0	0.057562884309	1	0	7	0
0	202	0.0	0.057562948097	1	0	5	0
0	177	0.0	0.05625451745	1	0	11	0
0	138	0.0	0.056255140086	1	0	8	0
0	115	0.0	0.056254878039	1	0	10	0
0	156	0.0	0.057441426236	1	0	7	0
0	41	0.0	0.057562691112	1	0	7	0
0	78	0.0	0.056254697987	1	0	12	0
0	132	0.0	0.056255003862	1	0	8	0
0	81	0.0	0.056255094003	1	0	7	0
0	110	0.0	0.056255139642	1	1	7	0
0	93	0.0	0.059207535636	1	0	1	0
0	180	0.0	0.056254788349	1	0	12	8
0	191	0.0	0.056254451797	1	0	12	0
0	4	0.0	0.056254804939	1	0	9	0
0	29	0.0	0.056987102264	1	0	7	0
0	20	0.0	0.057442058468	1	0	3	0
0	66	0.0	0.056255210698	1	1	7	0
0	7	0.0	0.056255206269	1	1	8	0
0	223	0.0	0.057562384704	1	0	8	0
0	174	0.0	0.056255104051	1	0	9	0
0	90	0.0	0.057441419955	1	0	7	0
0	167	0.0	0.056254504096	1	0	12	0
0	97	0.0	0.056254908038	1	0	8	0
0	143	0.0	0.056255238564	1	1	6	0
0	104	0.0	0.056255259101	1	1	3	0
0	173	0.0	0.057442160725	1	0	3	0
0	235	0.0	0.058381544368	1	0	5	0
0	218	0.0	0.05625480224	1	0	10	0
0	178	0.0	0.056255265023	1	1	6	0
0	45	0.0	0.056254796461	1	0	7	0
0	206	0.0	0.057562777703	1	0	7	0
0	280	0.0	0.057705516408	1	0	3	0
0	140	0.0	0.056255101874	1	0	14	0
0	71	0.0	0.056255214233	1	1	7	0
0	260	0.0	0.056255239001	1	1	7	0
0	149	0.0	0.05625476461	1	0	14	0
0	222	0.0	0.056255231214	1	1	7	0
0	103	0.0	0.057562732279	1	0	7	0
0	13	0.0	0.056255152671	1	0	13	0
0	112	0.0	0.058381513316	1	0	4	0
0	183	0.0	0.056254784721	1	0	9	0
0	225	0.0	0.056255133605	1	0	9	0
0	61	0.0	0.056254597621	1	0	11	0
0	24	0.0	0.056255076328	1	0	11	0
0	8	0.0	0.056254783597	1	0	13	0
0	49	0.0	0.056255141403	1	0	9	0
0	39	0.0	0.058381094533	1	0	5	0
0	297	0.0	0.057441814535	1	0	4	0
0	287	0.0	0.056255130564	1	0	8	0
0	52	0.0	0.057705821148	1	0	3	0
0	145	0.0	0.057705859498	1	0	4	0
0	105	0.0	0.05625508897	1	0	6	0
0	186	0.0	0.057705461539	1	0	4	0
0	56	0.0	0.057562776224	1	0	7	0
0	26	0.0	0.056255145171	1	0	12	0
0	157	0.0	0.056254975968	1	0	11	0
0	165	0.0	0.057562822364	1	0	5	0
0	54	0.0	0.057441570814	1	0	10	0
0	285	0.0	0.057705612237	1	0	7	0
0	274	0.0	0.056255002984	1	0	7	0
0	170	0.0	0.056255049982	1	0	9	0
0	291	0.0	0.057562566195	1	0	8	0
0	144	0.0	0.056254795703	1	0	9	0
0	12	0.0	0.057562877449	1	0	5	0
0	271	0.0	0.05770587169	1	0	4	0
0	184	0.0	0.057441982566	1	0	10	0
0	44	0.0	0.057705810452	1	0	3	0
0	250	0.0	0.056987046051	1	0	4	0
0	94	0.0	0.056255270225	1	1	6	0
0	68	0.0	0.056254855476	1	0	7	0
0	123	0.0	0.056254920013	1	0	12	0
0	35	0.0	0.056254892706	1	0	8	0
0	108	0.0	0.056255198238	1	1	7	0
0	57	0.0	0.057441510379	1	0	10	16
0	227	0.0	0.057705437409	1	0	5	0
0	131	0.0	0.058203203411	1	0	3	0
0	221	0.0	0.057705854202	1	0	3	0
0	59	0.0	0.0562551394	1	0	12	0
0	111	0.0	0.057705925654	1	0	7	0
0	118	0.0	0.057562640348	1	0	8	0
0	273	0.0	0.057705782246	1	0	3	0
0	277	0.0	0.056255125531	1	0	8	0
0	190	0.0	0.057442103791	1	0	8	17
0	3	0.0	0.058756043848	1	0	2	0
0	53	0.0	0.056254905241	1	0	10	0
0	127	0.0	0.056254709378	1	0	10	0
0	233	0.0	0.057442007502	1	0	4	0
0	288	0.0	0.057562864476	1	0	7	0
0	279	0.0	0.056254698111	1	0	11	0
0	269	0.0	0.056255185232	1	1	9	0
0	193	0.0	0.058593497796	1	0	3	0
0	15	0.0	0.056254793925	1	0	9	0
0	197	0.0	0.056254827184	1	0	10	0
0	231	0.0	0.057705767455	1	0	4	0
0	179	0.0	0.058755479367	1	0	3	0
0	278	0.0	0.057442137575	1	0	3	0
0	83	0.0	0.05838160495	1	0	5	0
0	122	0.0	0.056255154122	1	0	8	0
0	199	0.0	0.05770583095	1	0	3	0
0	120	0.0	0.057441936049	1	0	3	0
0	182	0.0	0.056254972216	1	0	8	0
0	17	0.0	0.056255078074	1	0	9	0
0	172	0.0	0.057442099997	1	0	4	0
0	213	0.0	0.05838134468	1	0	6	0
0	175	0.0	0.056254940262	1	0	8	0
0	76	0.0	0.056255164402	1	1	10	0
0	214	0.0	0.057706000884	1	0	6	0
0	198	0.0	0.056255103589	1	0	13	15
0	101	0.0	0.05625489126	1	0	8	0
0	181	0.0	0.058381127692	1	0	5	0
0	292	0.0	0.056254659841	1	0	11	0
0	296	0.0	0.056254889861	1	0	9	0
0	228	0.0	0.056254561724	1	0	12	0
0	99	0.0	0.056986564155	1	0	3	0
0	74	0.0	0.057562703447	1	0	5	0
0	196	0.0	0.056255037198	1	0	9	0
0	205	0.0	0.058381462776	1	0	3	0
0	135	0.0	0.05625498205	1	0	7	0
0	19	0.0	0.057441853509	1	0	4	0
0	166	0.0	0.05625480697	1	0	9	0
0	224	0.0	0.056254536643	1	0	13	0
0	22	0.0	0.057441882553	1	0	6	0
0	259	0.0	0.056254866799	1	0	9	0
0	247	0.0	0.056254841661	1	0	11	0
0	5	0.0	0.05770536222	1	0	5	0
0	264	0.0	0.056254621413	1	0	8	0
0	88	0.0	0.057562574361	1	0	8	0
0	55	0.0	0.056255224393	1	1	8	0
0	64	0.0	0.056986784609	1	0	3	0
0	69	0.0	0.056987005534	1	0	4	0
0	208	0.0	0.058381473405	1	0	5	0
0	21	0.0	0.05756282664	1	0	7	0
0	14	0.0	0.056255242928	1	1	8	0
0	107	0.0	0.057705888474	1	0	4	0
0	139	0.0	0.057562755176	1	0	7	0
0	10	0.0	0.056987075097	1	0	3	0
0	253	0.0	0.056254531025	1	0	15	0
0	255	0.0	0.056254984248	1	0	8	0
0	125	0.0	0.057562823358	1	0	9	0
0	219	0.0	0.057442003577	1	0	2	0
0	230	0.0	0.0574418623	1	0	8	0
0	86	0.0	0.056255076072	1	0	8	0
0	272	0.0	0.057562584834	1	0	6	0
0	33	0.0	0.056255183669	1	1	10	0
0	102	0.0	0.056254551515	1	0	9	0
0	136	0.0	0.056255055529	1	0	7	0
0	34	0.0	0.057442086215	1	0	3	0
0	232	0.0	0.056254462763	1	0	13	0
0	25	0.0	0.058593502944	1	0	5	0
0	28	0.0	0.056254896456	1	0	10	0
0	58	0.0	0.056255197901	1	1	11	0
0	128	0.0	0.05625463078	1	0	11	0
0	80	0.0	0.056255277046	1	1	7	0
0	27	0.0	0.057442104419	1	0	3	0
0	146	0.0	0.056255206697	1	0	9	0
0	158	0.0	0.057562810657	1	0	9	0
0	234	0.0	0.056254788991	1	0	9	0
0	47	0.0	0.056254531874	1	0	11	0
0	210	0.0	0.056986946526	1	0	7	0
0	73	0.0	0.056986335116	1	0	7	0
0	72	0.0	0.056255066922	1	0	11	0
0	134	0.0	0.056255156727	1	0	9	0
0	266	0.0	0.056255054592	1	0	13	0
0	265	0.0	0.058755517729	1	0	4	0
0	51	0.0	0.057441897568	1	0	8	0
0	282	0.0	0.05744195297	1	0	4	0
0	217	0.0	0.057562594065	1	0	7	0
0	126	0.0	0.056987024571	1	0	3	0
0	30	0.0	0.056255120692	1	0	10	0
0	106	0.0	0.057705984348	1	0	7	0
0	117	0.0	0.057706017799	1	0	6	0
0	268	0.0	0.059328299465	1	0	3	0
0	169	0.0	0.057441693625	1	0	8	19
0	62	0.0	0.057705884485	1	0	4	0
0	23	0.0	0.056254572293	1	0	9	0
0	60	0.0	0.056255109823	1	0	10	0
0	251	0.0	0.057441811873	1	0	7	0
0	162	0.0	0.056255021447	1	0	7	0
0	32	0.0	0.05744209882	1	0	7	0
0	113	0.0	0.057562571886	1	0	5	0
0	40	0.0	0.056986798336	1	0	8	0
0	289	0.0	0.057705771032	1	0	3	0
0	98	0.0	0.056987100409	1	0	7	0
0	220	0.0	0.05625459279	1	0	12	0
0	290	0.0	0.056255113577	1	0	13	0
0	1	0.0	0.05625527259	1	1	7	0
0	262	0.0	0.057442039835	1	0	8	0
0	153	0.0	0.056254846166	1	0	7	0
0	116	0.0	0.056254857067	1	0	7	0
0	249	0.0	0.057441529268	1	0	6	0
0	31	0.0	0.056255235098	1	1	6	0
0	215	0.0	0.056987110198	1	0	6	0
0	50	0.0	0.056255020872	1	0	7	0
0	9	0.0	0.058203158476	1	0	5	0
0	241	0.0	0.056987032537	1	0	4	0
0	263	0.0	0.056255182615	1	1	12	17
0	276	0.0	0.057441459472	1	0	5	0
0	77	0.0	0.05744195095	1	0	10	0
0	258	0.0	0.056255079074	1	0	13	0
0	254	0.0	0.057705698075	1	0	4	0
0	142	0.0	0.058402163259	1	0	1	0
0	281	0.0	0.05744152268	1	0	8	0
0	0	0.0	0.057442173462	1	0	10	0
0	137	0.0	0.056255137606	1	0	9	0
0	46	0.0	0.057562808571	1	0	7	0
0	70	0.0	0.057441712748	1	0	4	0
0	161	0.0	0.056254830784	1	0	8	0
0	63	0.0	0.05698713463	1	0	6	0
0	257	0.0	0.057851540794	1	0	2	0
0	119	0.0	0.056255116837	1	0	7	0
0	294	0.0	0.057441506471	1	0	6	0
0	187	0.0	0.057562726756	1	0	8	0
0	238	0.0	0.057441800053	1	0	8	0
0	109	0.0	0.05840211673	1	0	2	0
0	270	0.0	0.056255094523	1	0	7	0
0	286	0.0	0.057562918743	1	0	8	0
0	16	0.0	0.057442183097	1	0	10	0
0	284	0.0	0.057441831692	1	0	8	0
0	6	0.0	0.057441936108	1	0	8	16
0	237	0.0	0.056986628719	1	0	5	0
0	82	0.0	0.056254818055	1	0	11	0
0	95	0.0	0.057441782488	1	0	4	0
0	124	0.0	0.056254549854	1	0	15	0
0	141	0.0	0.057442076267	1	0	3	0
0	152	0.0	0.056254670591	1	0	13	0
0	163	0.0	0.056255079155	1	0	12	0
0	171	0.0	0.056255115636	1	0	12	0
0	200	0.0	0.056986551636	1	0	7	0
0	201	0.0	0.056254801388	1	0	13	0
0	204	0.0	0.057441566537	1	0	4	0
1	98	NA 	 NA 	0	0	0	0
1	122	NA 	 NA 	0	0	0	0
1	187	NA 	 NA 	0	0	0	0
1	42	NA 	 NA 	0	0	0	0
1	236	NA 	 NA 	0	0	0	0
1	208	NA 	 NA 	0	0	0	0
1	38	0.0	0.056137263631	1	1	15	0
1	215	0.0	0.056137278617	1	1	14	2
1	62	0.0	0.057441158904	1	0	4	0
1	89	0.0	0.056136598507	1	0	17	0
1	161	0.0	0.056137213462	1	0	19	0
1	292	0.0	0.057545207512	1	0	11	0
1	106	0.0	0.057964787739	1	0	6	0
1	150	0.0	0.057791716922	1	0	10	0
1	65	0.0	0.057440835464	1	0	11	0
1	52	0.0	0.057545016986	1	0	8	0
1	230	0.0	0.057440545871	1	0	10	0
1	176	0.0	0.057791863827	1	0	11	0
1	243	0.0	0.056137363331	1	1	12	0
1	216	0.0	0.056137276593	1	1	12	0
1	142	0.0	0.057545052549	1	0	4	0
1	101	0.0	0.057440926902	1	0	9	0
1	9	0.0	0.057441206803	1	0	15	0
1	145	0.0	0.057440807865	1	0	10	0
1	214	0.0	0.057791889443	1	0	10	0
1	30	0.0	0.057792090341	1	0	8	0
1	13	0.0	0.057791911585	1	0	8	0
1	245	0.0	0.057792025452	1	0	11	0
1	28	0.0	0.057665644203	1	0	13	3
1	51	0.0	0.057791696553	1	0	11	0
1	113	0.0	0.056136806954	1	0	17	0
1	181	0.0	0.057792080619	1	0	9	0
1	43	0.0	0.056136944698	1	0	17	0
1	222	0.0	0.057440604472	1	0	10	0
1	135	0.0	0.056137218266	1	1	11	0
1	151	0.0	0.057938507043	1	0	7	0
1	204	0.0	0.056137206707	1	0	12	0
1	198	0.0	0.057545130647	1	0	6	0
1	71	0.0	0.058867926522	1	0	10	0
1	129	0.0	0.057545010402	1	0	8	0
1	191	0.0	0.056137303709	1	1	14	2
1	237	0.0	0.058867995403	1	0	10	0
1	183	0.0	0.05754474418	1	0	13	0
1	263	0.0	0.056137224538	1	0	18	0
1	140	0.0	0.057545036619	1	0	10	0
1	206	0.0	0.058085054661	1	0	11	0
1	210	0.0	0.057544398104	1	0	12	0
1	155	0.0	0.056137235452	1	0	19	0
1	139	0.0	0.057440961817	1	0	6	0
1	56	0.0	0.056136894212	1	0	13	0
1	133	0.0	0.057544738034	1	0	8	0
1	177	0.0	0.056136909586	1	0	10	0
1	159	0.0	0.056136993865	1	0	17	0
1	134	0.0	0.057938501702	1	0	8	0
1	229	0.0	0.056137253971	1	1	14	2
1	225	0.0	0.056136916215	1	0	16	0
1	143	0.0	0.057665409871	1	0	13	0
1	282	0.0	0.057792150541	1	0	12	0
1	120	0.0	0.058728699332	1	0	8	0
1	167	0.0	0.056137237578	1	1	11	0
1	99	0.0	0.057440526184	1	0	11	0
1	274	0.0	0.056137178959	1	0	11	0
1	6	0.0	0.056136843743	1	0	15	0
1	166	0.0	0.056136945626	1	0	17	0
1	157	0.0	0.05613688527	1	0	18	0
1	26	0.0	0.057665517629	1	0	12	0
1	41	0.0	0.056137283201	1	1	15	0
1	92	0.0	0.057665632186	1	0	13	0
1	218	0.0	0.059961747023	1	0	0	0
1	158	0.0	0.056136579314	1	0	18	0
1	69	0.0	0.057545020053	1	0	7	0
1	2	0.0	0.05946094655	1	0	5	0
1	232	0.0	0.057441157915	1	0	6	0
1	80	0.0	0.057440594099	1	0	11	0
1	148	0.0	0.056136991634	1	0	15	0
1	190	0.0	0.056137106689	1	0	14	0
1	205	0.0	0.056136957774	1	0	14	0
1	227	0.0	0.058867970085	1	0	8	0
1	212	0.0	0.056137243663	1	1	14	0
1	149	0.0	0.056137317632	1	1	13	0
1	40	0.0	0.05613722839	1	1	12	0
1	146	0.0	0.057441175862	1	0	12	5
1	170	0.0	0.056137293963	1	1	13	0
1	114	0.0	0.056137229242	1	0	15	0
1	90	0.0	0.057544411511	1	0	12	0
1	162	0.0	0.057440870986	1	0	5	0
1	12	0.0	0.056137018771	1	0	12	0
1	54	0.0	0.056136998497	1	0	15	0
1	95	0.0	0.056137282973	1	1	15	0
1	268	0.0	0.056136869921	1	0	17	0
1	185	0.0	0.056136761594	1	0	12	0
1	37	0.0	0.056136893792	1	0	15	0
1	121	0.0	0.057665389391	1	0	15	0
1	16	0.0	0.056137330898	1	1	16	0
1	46	0.0	0.056137044099	1	0	11	0
1	103	0.0	0.056136893688	1	0	17	0
1	11	0.0	0.056136887673	1	0	13	0
1	31	0.0	0.057792339915	1	0	11	0
1	223	0.0	0.056137216025	1	1	13	0
1	130	0.0	0.056136635081	1	0	21	0
1	123	0.0	0.057792326999	1	0	11	0
1	36	0.0	0.057791772839	1	0	10	0
1	246	0.0	0.056137337297	1	1	14	0
1	94	0.0	0.057938275666	1	0	13	0
1	78	0.0	0.057441168009	1	0	7	0
1	118	0.0	0.057440874911	1	0	5	0
1	277	0.0	0.057440840117	1	0	9	0
1	53	0.0	0.056136883426	1	0	17	0
1	175	0.0	0.056137077259	1	0	13	0
1	261	0.0	0.056137266343	1	1	13	0
1	85	0.0	0.058867939048	1	0	9	0
1	154	0.0	0.056137112782	1	0	14	0
1	96	0.0	0.057441169376	1	0	15	0
1	73	0.0	0.056136640924	1	0	15	2
1	297	0.0	0.05744060502	1	0	12	5
1	231	0.0	0.057665557913	1	0	12	0
1	29	0.0	0.0574408225	1	0	11	0
1	219	0.0	0.056136634102	1	0	20	0
1	289	0.0	0.058682859313	1	0	10	7
1	5	0.0	0.05779202824	1	0	12	0
1	279	0.0	0.056136878142	1	0	18	0
1	107	0.0	0.057938482565	1	0	5	0
1	25	0.0	0.057544473814	1	0	12	0
1	259	0.0	0.057545331277	1	0	8	0
1	234	0.0	0.056136880247	1	0	15	0
1	160	0.0	0.056136817495	1	0	13	0
1	77	0.0	0.057544715208	1	0	9	0
1	178	0.0	0.057441023234	1	0	11	0
1	213	0.0	0.056137084636	1	0	19	0
1	119	0.0	0.056136959688	1	0	15	0
1	260	0.0	0.057791922204	1	0	12	0
1	233	0.0	0.057792021645	1	0	12	0
1	74	0.0	0.056136638849	1	0	21	0
1	278	0.0	0.056137025071	1	0	12	0
1	273	0.0	0.056137362871	1	1	14	0
1	108	0.0	0.057440849193	1	0	5	0
1	267	0.0	0.056137053554	1	0	19	0
1	262	0.0	0.056137359404	1	1	12	0
1	226	0.0	0.056136821658	1	0	16	0
1	280	0.0	0.056136543086	1	0	18	0
1	256	0.0	0.056136880428	1	0	15	0
1	1	0.0	0.056137006716	1	0	14	0
1	265	0.0	0.056136915017	1	0	15	0
1	239	0.0	0.057441115018	1	0	12	0
1	15	0.0	0.056136921118	1	0	17	0
1	68	0.0	0.057792008507	1	0	12	0
1	163	0.0	0.056137249215	1	1	11	0
1	67	0.0	0.057938505904	1	0	9	0
1	110	0.0	0.056137056053	1	0	12	0
1	271	0.0	0.056137190508	1	0	16	0
1	257	0.0	0.056136960781	1	0	14	0
1	173	0.0	0.057792184552	1	0	12	0
1	47	0.0	0.056136629093	1	0	20	0
1	20	0.0	0.057792270257	1	0	13	0
1	64	0.0	0.058867918752	1	0	10	0
1	179	0.0	0.056136987523	1	0	17	0
1	288	0.0	0.057440577068	1	0	11	0
1	63	0.0	0.057440849213	1	0	12	0
1	131	0.0	0.057441211171	1	0	11	0
1	269	0.0	0.058085093506	1	0	10	0
1	76	0.0	0.056136917265	1	0	16	0
1	203	0.0	0.057440955729	1	0	6	0
1	93	0.0	0.057545121721	1	0	6	0
1	186	0.0	0.057440996937	1	0	11	0
1	27	0.0	0.056137047865	1	0	12	0
1	44	0.0	0.057544677835	1	0	10	0
1	0	0.0	0.056137064608	1	0	20	0
1	201	0.0	0.056137366739	1	1	14	0
1	251	0.0	0.057441201644	1	0	13	0
1	82	0.0	0.058868278278	1	0	7	0
1	255	0.0	0.057792339948	1	0	7	0
1	132	0.0	0.056137348354	1	1	13	0
1	81	0.0	0.057440544574	1	0	9	0
1	23	0.0	0.056137255684	1	1	16	0
1	184	0.0	0.05613709463	1	0	14	14
1	58	0.0	0.056136846011	1	0	17	0
1	18	0.0	0.056137318135	1	1	12	0
1	165	0.0	0.057792134835	1	0	13	0
1	276	0.0	0.056137267525	1	1	11	0
1	182	0.0	0.05613706039	1	0	13	1
1	83	0.0	0.056136665688	1	0	16	0
1	8	0.0	0.057440841843	1	0	11	0
1	295	0.0	0.056137039904	1	0	17	0
1	224	0.0	0.057545146794	1	0	5	0
1	144	0.0	0.057440645871	1	0	11	0
1	258	0.0	0.057545098174	1	0	8	3
1	156	0.0	0.057792052873	1	0	10	0
1	247	0.0	0.056137310182	1	1	13	0
1	298	0.0	0.056137245452	1	1	14	0
1	299	0.0	0.057938068261	1	0	8	0
1	294	0.0	0.056137234809	1	0	14	0
1	125	0.0	0.056137224992	1	1	13	0
1	75	0.0	0.058085070978	1	0	10	0
1	202	0.0	0.056137082338	1	0	12	0
1	87	0.0	0.056137352304	1	1	11	0
1	168	0.0	0.056136882404	1	0	14	0
1	238	0.0	0.057938486395	1	0	4	0
1	21	0.0	0.0561369156	1	0	12	0
1	24	0.0	0.056136872896	1	0	15	0
1	124	0.0	0.056137303506	1	1	13	0
1	197	0.0	0.056137216451	1	1	14	0
1	272	0.0	0.056136562834	1	0	16	0
1	275	0.0	0.057791572265	1	0	14	0
1	136	0.0	0.05779216688	1	0	11	0
1	211	0.0	0.057665721606	1	0	14	0
1	171	0.0	0.057792034746	1	0	5	0
1	59	0.0	0.057792082937	1	0	10	0
1	128	0.0	0.056136734464	1	0	20	0
1	195	0.0	0.056136910363	1	0	15	0
1	48	0.0	0.057792067516	1	0	9	0
1	84	0.0	0.057791555587	1	0	9	0
1	50	0.0	0.058867996239	1	0	6	0
1	147	0.0	0.057545168721	1	0	4	0
1	109	0.0	0.05613729604	1	1	17	0
1	116	0.0	0.056136840592	1	0	17	0
1	141	0.0	0.056136564987	1	0	15	0
1	253	0.0	0.057440821628	1	0	7	0
1	244	0.0	0.057440703751	1	0	10	0
1	242	0.0	0.056137330617	1	1	13	6
1	285	0.0	0.058085147409	1	0	9	0
1	57	0.0	0.057791679239	1	0	14	0
1	252	0.0	0.057545342162	1	0	8	0
1	174	0.0	0.056137091412	1	0	12	0
1	91	0.0	0.05779206649	1	0	10	0
1	88	0.0	0.056136703031	1	0	22	0
1	248	0.0	0.057791753371	1	0	10	0
1	188	0.0	0.057441036151	1	0	11	0
1	250	0.0	0.057792083229	1	0	9	0
1	266	0.0	0.057545064852	1	0	9	0
1	14	0.0	0.056136542751	1	0	22	1
1	10	0.0	0.0561370806	1	0	14	0
1	100	0.0	0.057792065529	1	0	11	0
1	194	0.0	0.057440939252	1	0	7	0
1	34	0.0	0.057441111667	1	0	10	0
1	117	0.0	0.056137238104	1	1	12	0
1	127	0.0	0.058728698982	1	0	9	0
1	111	0.0	0.056137257485	1	1	13	0
1	102	0.0	0.058682763768	1	0	9	0
1	264	0.0	0.057938351665	1	0	11	0
1	209	0.0	0.05613688515	1	0	16	0
1	33	0.0	0.056137002002	1	0	17	0
1	291	0.0	0.056137373038	1	1	13	0
1	199	0.0	0.056136637418	1	0	16	0
1	60	0.0	0.056136904556	1	0	14	0
1	61	0.0	0.056136551767	1	0	14	0
1	270	0.0	0.057441210083	1	0	6	0
1	17	0.0	0.057964522968	1	0	11	0
1	189	0.0	0.05613723861	1	1	16	0
1	249	0.0	0.056137340186	1	1	10	0
1	293	0.0	0.057441168849	1	0	11	0
1	200	0.0	0.057964555884	1	0	12	0
1	296	0.0	0.056137256881	1	1	14	0
1	19	0.0	0.056136917481	1	0	16	0
1	220	0.0	0.056137278691	1	1	16	0
1	138	0.0	0.057545355733	1	0	7	0
1	137	0.0	0.056136605275	1	0	16	0
1	86	0.0	0.056137284666	1	1	15	0
1	35	0.0	0.0561372361	1	1	13	0
1	221	0.0	0.056137243832	1	0	12	0
1	254	0.0	0.056137218686	1	0	14	0
1	196	0.0	0.057545018776	1	0	4	2
1	281	0.0	0.056137374307	1	1	12	0
1	217	0.0	0.057544745106	1	0	9	0
1	70	0.0	0.057545008538	1	0	8	0
1	79	0.0	0.057792107207	1	0	9	0
1	164	0.0	0.057791672079	1	0	15	0
1	152	0.0	0.058682617695	1	0	10	0
1	240	0.0	0.058682688362	1	0	10	0
1	39	0.0	0.056136806485	1	0	12	0
1	104	0.0	0.057792338265	1	0	11	0
1	180	0.0	0.056137346373	1	1	13	0
1	172	0.0	0.057964362184	1	0	14	0
1	207	0.0	0.057792110094	1	0	13	0
1	153	0.0	0.056137133413	1	0	13	0
1	112	0.0	0.057964693899	1	0	10	3
1	105	0.0	0.056137202228	1	0	19	0
1	66	0.0	0.058728720051	1	0	10	0
1	32	0.0	0.057665721567	1	0	11	0
1	45	0.0	0.05766541025	1	0	9	0
1	126	0.0	0.057545233358	1	0	9	0
1	72	0.0	0.058729040291	1	0	8	0
1	169	0.0	0.057665723183	1	0	14	0
1	55	0.0	0.056137255876	1	1	18	0
1	192	0.0	0.057792085372	1	0	13	0
1	241	0.0	0.057665723471	1	0	12	0
1	193	0.0	0.05754501378	1	0	9	0
1	3	0.0	0.057938515942	1	0	3	0
1	4	0.0	0.057665720725	1	0	13	0
1	287	0.0	0.058868550451	1	0	7	0
1	290	0.0	0.057441145655	1	0	12	0
1	284	0.0	0.056137328118	1	1	10	0
1	49	0.0	0.056137380668	1	1	12	0
1	22	0.0	0.058682718862	1	0	10	0
1	97	0.0	0.057441261453	1	0	6	0
1	283	0.0	0.057545042694	1	0	4	0
1	115	0.0	0.057792159638	1	0	13	0
1	228	0.0	0.056137380332	1	1	14	0
1	7	0.0	0.058868291767	1	0	7	0
1	286	0.0	0.0575450953	1	0	7	0
1	235	0.0	0.058728827857	1	0	9	0
2	37	NA 	 NA 	0	0	0	0
2	256	NA 	 NA 	0	0	0	0
2	45	NA 	 NA 	0	0	0	0
2	188	NA 	 NA 	0	0	0	0
2	127	NA 	 NA 	0	0	0	0
2	7	NA 	 NA 	0	0	0	0
2	77	NA 	 NA 	0	0	0	0
2	260	0.0	0.057149702953	1	0	8	0
2	83	0.0	0.058372300054	1	0	7	0
2	182	0.0	0.057150040879	1	0	3	0
2	153	0.0	0.056288141785	1	0	17	0
2	169	0.0	0.057150230781	1	0	7	0
2	71	0.0	0.058405039977	1	0	8	0
2	126	0.0	0.058112093764	1	0	11	0
2	108	0.0	0.058577730873	1	0	2	0
2	79	0.0	0.057150022072	1	0	8	0
2	48	0.0	0.058405580774	1	0	11	0
2	115	0.0	0.05828428829	1	0	8	0
2	281	0.0	0.05811205015	1	0	10	0
2	173	0.0	0.058372225606	1	0	7	0
2	275	0.0	0.057150196196	1	0	2	0
2	78	0.0	0.058372009899	1	0	5	0
2	57	0.0	0.056287479738	1	0	20	0
2	81	0.0	0.058111860211	1	0	14	0
2	276	0.0	0.058505791752	1	0	12	0
2	172	0.0	0.05811197697	1	0	8	0
2	208	0.0	0.058111503446	1	0	13	0
2	283	0.0	0.056287686563	1	0	11	0
2	242	0.0	0.058371650801	1	0	6	0
2	211	0.0	0.058405019818	1	0	9	0
2	41	0.0	0.058371733727	1	0	15	0
2	98	0.0	0.058372070972	1	0	8	0
2	193	0.0	0.056287845345	1	0	10	0
2	263	0.0	0.058111954307	1	0	7	0
2	31	0.0	0.056288161069	1	1	15	0
2	29	0.0	0.057149989908	1	0	8	0
2	133	0.0	0.056288119758	1	0	16	0
2	80	0.0	0.056288313763	1	1	12	0
2	59	0.0	0.057149788675	1	0	2	0
2	271	0.0	0.058111838986	1	0	13	0
2	269	0.0	0.056287986472	1	0	13	0
2	73	0.0	0.056287484538	1	0	21	0
2	104	0.0	0.056287538355	1	0	19	0
2	233	0.0	0.056288172156	1	0	11	0
2	295	0.0	0.056287847291	1	0	13	0
2	111	0.0	0.056288220301	1	1	10	0
2	219	0.0	0.056288112513	1	0	11	0
2	36	0.0	0.056287780813	1	0	15	0
2	85	0.0	0.059168257798	1	0	6	0
2	279	0.0	0.057150237518	1	0	6	0
2	66	0.0	0.057149665379	1	0	3	0
2	248	0.0	0.05628754845	1	0	17	0
2	148	0.0	0.05837171254	1	0	14	0
2	74	0.0	0.057150102135	1	0	8	0
2	299	0.0	0.05715001635	1	0	3	0
2	222	0.0	0.058372241092	1	0	6	0
2	288	0.0	0.058371851333	1	0	13	0
2	52	0.0	0.057149878558	1	0	2	0
2	266	0.0	0.056287535336	1	0	20	0
2	129	0.0	0.056287832575	1	0	17	0
2	228	0.0	0.056287844491	1	0	15	0
2	92	0.0	0.05714947463	1	0	4	0
2	201	0.0	0.05628818562	1	1	12	0
2	146	0.0	0.05628753841	1	0	19	0
2	213	0.0	0.058371677095	1	0	14	0
2	286	0.0	0.058112009016	1	0	11	0
2	58	0.0	0.056288202574	1	0	11	0
2	216	0.0	0.056287982865	1	0	10	0
2	159	0.0	0.058284449574	1	0	8	0
2	51	0.0	0.056287499856	1	0	19	0
2	151	0.0	0.05811186012	1	0	13	0
2	240	0.0	0.056287956916	1	0	17	0
2	144	0.0	0.05811197704	1	0	7	0
2	138	NA 	 NA 	0	0	0	0
2	152	0.0	0.058505349014	1	0	9	0
2	95	0.0	0.056287939065	1	0	9	0
2	194	NA 	 NA 	0	0	0	0
2	13	0.0	0.056288172384	1	1	12	0
2	114	0.0	0.056287707812	1	0	13	0
2	217	0.0	0.056287972007	1	0	14	0
2	179	0.0	0.058111931748	1	0	6	0
2	1	0.0	0.058284440833	1	0	4	0
2	84	0.0	0.056287641736	1	0	16	0
2	224	0.0	0.056287824303	1	0	15	0
2	60	0.0	0.056288306118	1	1	12	0
2	265	0.0	0.056287882305	1	0	18	0
2	245	0.0	0.058371722288	1	0	8	0
2	166	0.0	0.056288187757	1	0	11	0
2	20	0.0	0.056288173352	1	1	11	0
2	131	0.0	0.056287479888	1	0	21	0
2	38	0.0	0.056288276202	1	1	3	0
2	223	0.0	0.058111917413	1	0	6	0
2	101	0.0	0.056287835389	1	0	17	0
2	239	0.0	0.056288181536	1	1	13	0
2	91	0.0	0.05828483963	1	0	5	0
2	280	0.0	0.0562875228	1	0	19	0
2	227	0.0	0.056288144478	1	1	14	0
2	5	0.0	0.058505683647	1	0	9	0
2	155	0.0	0.058284851989	1	0	3	0
2	196	0.0	0.057282759526	1	0	0	0
2	206	0.0	0.058111916783	1	0	14	0
2	284	0.0	0.058371667642	1	0	14	0
2	156	0.0	0.056287985844	1	0	11	0
2	150	0.0	0.056288022486	1	0	16	0
2	136	0.0	0.058111914992	1	0	6	0
2	50	0.0	0.056288196933	1	0	9	0
2	221	0.0	0.056287551843	1	0	21	0
2	63	0.0	0.059168582248	1	0	5	0
2	47	0.0	0.058284627873	1	0	6	0
2	186	0.0	0.056288177281	1	0	12	0
2	88	0.0	0.058111991127	1	0	6	0
2	11	0.0	0.056287806317	1	0	17	0
2	145	0.0	0.057150201796	1	0	9	0
2	162	0.0	0.058284667707	1	0	5	0
2	237	0.0	0.05628816199	1	0	5	0
2	177	0.0	0.056287971163	1	0	15	0
2	190	0.0	0.056288133867	1	0	12	0
2	130	0.0	0.056288286151	1	1	12	0
2	174	0.0	0.058405567121	1	0	9	0
2	55	0.0	0.056288028285	1	0	15	0
2	272	0.0	0.056288146902	1	1	16	2
2	232	0.0	0.057150040927	1	0	2	0
2	270	0.0	0.059168574341	1	0	6	0
2	90	0.0	0.056287581721	1	0	17	0
2	267	0.0	0.056287843377	1	0	14	0
2	27	0.0	0.057150178719	1	0	8	0
2	250	0.0	0.056288142518	1	1	12	0
2	19	0.0	0.056287850816	1	0	15	0
2	30	0.0	0.056288042516	1	0	16	0
2	142	0.0	0.058284605118	1	0	5	0
2	285	0.0	0.056287731267	1	0	15	0
2	35	0.0	0.057283281943	1	0	7	0
2	204	0.0	0.058112000445	1	0	9	0
2	109	0.0	0.058111354231	1	0	15	0
2	140	0.0	0.057150041074	1	0	9	0
2	15	0.0	0.057149959325	1	0	3	0
2	246	0.0	0.056288175795	1	0	11	0
2	99	0.0	0.056288118118	1	0	10	0
2	3	0.0	0.056287514615	1	0	19	0
2	132	0.0	0.058284549592	1	0	7	0
2	209	0.0	0.057149999046	1	0	8	0
2	4	0.0	0.056288176344	1	1	11	0
2	241	0.0	0.057149609765	1	0	3	0
2	214	0.0	0.056287876697	1	0	15	0
2	202	0.0	0.057149627091	1	0	3	0
2	120	0.0	0.05811179299	1	0	14	0
2	203	0.0	0.057149622289	1	0	4	0
2	122	0.0	0.056288030527	1	0	18	1
2	65	0.0	0.056288310157	1	1	11	0
2	251	0.0	0.056287616403	1	0	17	0
2	273	0.0	0.05715013503	1	0	8	0
2	230	0.0	0.057149936936	1	0	3	0
2	291	0.0	0.056288271482	1	1	9	0
2	247	0.0	0.05828453584	1	0	6	0
2	64	0.0	0.058405561804	1	0	9	0
2	16	0.0	0.056288009753	1	0	10	0
2	67	0.0	0.05828465903	1	0	6	0
2	110	0.0	0.058371710268	1	0	8	0
2	212	0.0	0.057150031759	1	0	2	0
2	105	0.0	0.056287572907	1	0	18	0
2	93	0.0	0.058111899921	1	0	9	0
2	282	0.0	0.058284526652	1	0	7	0
2	178	0.0	0.058371845883	1	0	11	0
2	125	0.0	0.056287850411	1	0	16	0
2	287	0.0	0.058111525458	1	0	13	0
2	26	0.0	0.056287833897	1	0	10	0
2	17	0.0	0.056288171832	1	1	16	0
2	225	0.0	0.057282856925	1	0	1	0
2	195	0.0	0.056287672048	1	0	12	0
2	154	0.0	0.056287720837	1	0	13	4
2	161	0.0	0.056287864084	1	0	11	0
2	24	0.0	0.056288304141	1	1	11	0
2	261	0.0	0.057149613111	1	0	5	0
2	243	0.0	0.058111964725	1	0	11	0
2	191	0.0	0.056288260366	1	1	3	0
2	89	0.0	0.056287545298	1	0	19	0
2	22	0.0	0.056287554429	1	0	19	0
2	107	0.0	0.059167996386	1	0	7	0
2	75	0.0	0.056287893113	1	0	17	0
2	68	0.0	0.056288205822	1	0	11	0
2	234	0.0	0.056288196327	1	1	17	2
2	255	0.0	0.056288149894	1	0	12	0
2	157	0.0	0.057149805227	1	0	3	0
2	257	0.0	0.057283320127	1	0	0	0
2	171	0.0	0.05628827971	1	1	15	0
2	18	0.0	0.057283301381	1	0	6	0
2	112	0.0	0.056288058482	1	0	13	0
2	254	0.0	0.056288317282	1	1	12	0
2	113	0.0	0.058371432408	1	0	13	0
2	175	0.0	0.057150091316	1	0	10	0
2	210	0.0	0.057150219662	1	0	6	0
2	262	0.0	0.058371971702	1	0	6	0
2	277	0.0	0.058111861975	1	0	9	0
2	56	0.0	0.056288223293	1	0	4	0
2	143	0.0	0.058794387759	1	0	1	0
2	82	0.0	0.056288056151	1	0	12	0
2	293	0.0	0.057150254021	1	0	6	0
2	53	0.0	0.056287895018	1	0	15	0
2	226	0.0	0.056287876231	1	0	9	0
2	28	0.0	0.056287827837	1	0	10	0
2	294	0.0	0.058371657939	1	0	7	0
2	205	0.0	0.058577697296	1	0	5	0
2	164	0.0	0.056288273506	1	1	12	0
2	44	0.0	0.056288031513	1	0	10	0
2	176	0.0	0.058284569461	1	0	7	0
2	290	0.0	0.056288164925	1	1	16	0
2	296	0.0	0.05715024621	1	0	2	0
2	189	0.0	0.058371634135	1	0	5	0
2	259	0.0	0.058284610678	1	0	6	0
2	249	0.0	0.056287600931	1	0	17	0
2	187	0.0	0.056287553476	1	0	19	0
2	253	0.0	0.058372067952	1	0	6	0
2	76	0.0	0.057149902873	1	0	2	0
2	268	0.0	0.056287575833	1	0	21	0
2	258	0.0	0.05714995676	1	0	3	0
2	139	0.0	0.056288160162	1	1	16	0
2	137	0.0	0.057149794913	1	0	10	0
2	100	0.0	0.057149642293	1	0	3	0
2	220	0.0	0.057150018218	1	0	9	0
2	167	0.0	0.058371971835	1	0	11	0
2	12	0.0	0.058405049432	1	0	8	0
2	180	0.0	0.059168478673	1	0	6	0
2	278	0.0	0.058794388964	1	0	1	0
2	168	0.0	0.05811206524	1	0	9	0
2	123	0.0	0.056288165889	1	1	15	0
2	198	0.0	0.058111867659	1	0	12	0
2	25	0.0	0.057150105009	1	0	3	0
2	165	0.0	0.056288273967	1	1	13	0
2	229	0.0	0.058284540405	1	0	6	0
2	14	0.0	0.057149962792	1	0	3	0
2	244	0.0	0.056287642252	1	0	16	12
2	21	0.0	0.058111903705	1	0	7	0
2	264	0.0	0.056288216654	1	1	13	0
2	292	0.0	0.057150216456	1	0	7	0
2	170	0.0	0.058371833838	1	0	7	0
2	298	0.0	0.057149875451	1	0	3	0
2	0	0.0	0.056287821141	1	0	18	0
2	134	0.0	0.058284469755	1	0	8	0
2	121	0.0	0.056287656073	1	0	17	0
2	289	0.0	0.058111947353	1	0	11	0
2	135	0.0	0.059168440399	1	0	10	0
2	69	0.0	0.058112136081	1	0	10	0
2	33	0.0	0.056287861439	1	0	8	0
2	72	0.0	0.056288267097	1	1	15	0
2	119	0.0	0.057149797499	1	0	2	0
2	40	0.0	0.056288009165	1	0	10	0
2	181	0.0	0.056287621006	1	0	17	0
2	128	0.0	0.058372242931	1	0	7	0
2	62	0.0	0.056287897722	1	0	15	0
2	200	0.0	0.058405605002	1	0	7	0
2	215	0.0	0.056288180258	1	1	16	0
2	61	0.0	0.056288196463	1	1	13	0
2	118	0.0	0.057149650885	1	0	3	0
2	117	0.0	0.058112027926	1	0	12	4
2	23	0.0	0.05628830951	1	1	3	0
2	163	0.0	0.058111586554	1	0	12	0
2	10	0.0	0.05714988647	1	0	3	0
2	87	0.0	0.05837198901	1	0	6	0
2	2	0.0	0.05628814462	1	0	9	0
2	192	0.0	0.056288187973	1	1	16	0
2	102	0.0	0.058284195772	1	0	8	0
2	236	0.0	0.056288098497	1	0	11	0
2	160	0.0	0.058284574195	1	0	6	0
2	231	0.0	0.056288240437	1	1	13	0
2	70	0.0	0.056287867768	1	0	8	0
2	42	0.0	0.057149647366	1	0	3	0
2	46	0.0	0.056287885682	1	0	9	0
2	96	0.0	0.056287530332	1	0	21	12
2	183	0.0	0.057149647519	1	0	3	0
2	116	0.0	0.05628820412	1	1	13	0
2	103	0.0	0.058371705074	1	0	8	0
2	43	0.0	0.056288222984	1	0	11	0
2	49	0.0	0.056287667536	1	0	15	0
2	149	0.0	0.058405590862	1	0	12	0
2	252	0.0	0.059167991298	1	0	6	0
2	184	0.0	0.057150136869	1	0	2	0
2	124	0.0	0.056287915793	1	0	14	0
2	34	0.0	0.056288195607	1	1	13	0
2	207	0.0	0.057150192806	1	0	2	0
2	94	0.0	0.058111809697	1	0	12	0
2	39	0.0	0.056288305274	1	1	10	0
2	8	0.0	0.056287865245	1	0	12	0
2	274	0.0	0.056287595459	1	0	20	0
2	106	0.0	0.058505824028	1	0	11	0
2	158	0.0	0.056287615913	1	0	18	0
2	6	0.0	0.057149705697	1	0	3	0
2	197	0.0	0.056288249729	1	1	13	2
2	9	0.0	0.058372067468	1	0	8	0
2	199	0.0	0.058505780619	1	0	12	0
2	32	0.0	0.05879382039	1	0	1	0
2	54	0.0	0.056288304307	1	1	14	0
2	218	0.0	0.05837161656	1	0	14	0
2	86	0.0	0.058371578364	1	0	8	0
2	235	0.0	0.056288261838	1	1	10	0
2	238	NA 	 NA 	0	0	0	0
2	97	0.0	0.05628819054	1	0	11	0
2	297	0.0	0.058372242406	1	0	7	1
2	141	0.0	0.058371411381	1	0	11	0
2	147	0.0	0.057149628287	1	0	2	0
2	185	0.0	0.057149955108	1	0	3	0
3	4	NA 	 NA 	0	0	0	0
3	50	NA 	 NA 	0	0	0	0
3	274	NA 	 NA 	0	0	0	0
3	219	NA 	 NA 	0	0	0	0
3	15	NA 	 NA 	0	0	0	0
3	86	NA 	 NA 	0	0	0	0
3	147	NA 	 NA 	0	0	0	0
3	90	NA 	 NA 	0	0	0	0
3	198	NA 	 NA 	0	0	0	0
3	129	NA 	 NA 	0	0	0	0
3	110	0.0	0.056015307551	1	0	6	0
3	126	0.0	0.057072301706	1	0	3	0
3	67	NA 	 NA 	0	0	0	0
3	85	0.0	0.056015041148	1	0	8	0
3	215	0.0	0.05714076566	1	0	9	0
3	40	0.0	0.056015356437	1	0	5	0
3	1	0.0	0.058011898535	1	0	7	0
3	163	0.0	0.056014659592	1	0	8	0
3	237	0.0	0.056014628678	1	0	16	0
3	117	0.0	0.057072358985	1	0	1	0
3	10	0.0	0.057072155119	1	0	1	0
3	76	0.0	0.057141185488	1	0	6	0
3	179	0.0	0.059520034016	1	0	4	0
3	125	0.0	0.056014993731	1	0	10	0
3	272	0.0	0.057072247556	1	0	5	0
3	81	NA 	 NA 	0	0	0	0
3	134	0.0	0.057241181089	1	0	3	0
3	35	0.0	0.056015034208	1	0	9	0
3	188	0.0	0.05601530721	1	0	13	0
3	220	0.0	0.056015321449	1	0	13	0
3	263	0.0	0.057241081778	1	0	0	0
3	41	0.0	0.056015166074	1	0	13	0
3	71	0.0	0.057071671603	1	0	3	0
3	226	0.0	0.057072445402	1	0	4	0
3	37	0.0	0.057020312769	1	0	7	0
3	9	0.0	0.059519987444	1	0	2	0
3	252	0.0	0.059519854576	1	0	4	0
3	290	0.0	0.060205886352	1	0	2	0
3	173	0.0	0.057072208082	1	0	1	0
3	128	0.0	0.057241300851	1	0	3	0
3	258	0.0	0.057071822412	1	0	1	0
3	182	0.0	0.057071804583	1	0	1	0
3	171	0.0	0.056015475397	1	1	2	0
3	176	0.0	0.05601534389	1	0	6	0
3	44	0.0	0.059520170507	1	0	4	0
3	279	0.0	0.057072070376	1	0	1	0
3	249	0.0	0.057072140753	1	0	0	0
3	6	0.0	0.057141340939	1	0	3	0
3	56	0.0	0.056015212237	1	0	4	0
3	100	0.0	0.057072112448	1	0	0	0
3	83	0.0	0.057019742806	1	0	10	0
3	79	0.0	0.056015199048	1	0	4	0
3	196	0.0	0.059519827045	1	0	1	0
3	162	0.0	0.056015017549	1	0	7	0
3	102	0.0	0.056014991892	1	0	13	0
3	213	0.0	0.056015431998	1	1	5	0
3	194	0.0	0.060205786376	1	0	2	0
3	97	0.0	0.058012202699	1	0	3	0
3	287	0.0	0.059519825846	1	0	1	0
3	244	0.0	0.057140967631	1	0	9	0
3	124	0.0	0.056015315499	1	0	6	0
3	8	0.0	0.056015048106	1	0	6	0
3	25	0.0	0.057019870355	1	0	11	0
3	189	0.0	0.056015317263	1	0	12	0
3	26	0.0	0.05707232293	1	0	3	0
3	165	0.0	0.05601509429	1	0	7	0
3	23	0.0	0.056015140236	1	0	13	0
3	18	0.0	0.058011846186	1	0	7	0
3	122	0.0	0.056014697719	1	0	13	0
3	137	0.0	0.056014897596	1	0	8	0
3	180	0.0	0.058011845282	1	0	4	0
3	259	0.0	0.057019653181	1	0	8	0
3	131	0.0	0.057020197929	1	0	4	0
3	57	0.0	0.05714095519	1	0	5	0
3	61	0.0	0.056015281276	1	0	12	0
3	271	0.0	0.057638550003	1	0	7	0
3	243	0.0	0.056015409094	1	1	10	0
3	78	0.0	0.057019630492	1	0	6	0
3	195	0.0	0.056015290805	1	0	11	0
3	52	0.0	0.05707157275	1	0	1	0
3	118	0.0	0.056015099721	1	0	5	0
3	260	0.0	0.057072267821	1	0	3	0
3	112	0.0	0.056014894326	1	0	14	0
3	30	0.0	0.056014982461	1	0	7	0
3	214	0.0	0.057241157992	1	0	0	0
3	12	0.0	0.057019799721	1	0	10	0
3	286	0.0	0.056015129852	1	0	8	0
3	294	0.0	0.056015465161	1	1	4	0
3	183	0.0	0.057072128774	1	0	0	0
3	49	0.0	0.056015389916	1	1	7	0
3	68	0.0	0.057020024069	1	0	10	0
3	95	0.0	0.057638884708	1	0	6	0
3	205	0.0	0.057019846985	1	0	10	0
3	255	0.0	0.059519861235	1	0	4	0
3	211	0.0	0.057020148092	1	0	5	0
3	174	0.0	0.056015009207	1	0	7	0
3	192	0.0	0.057071858447	1	0	0	0
3	216	0.0	0.056015016429	1	0	14	0
3	87	0.0	0.057020050475	1	0	9	0
3	273	0.0	0.056015334401	1	0	10	0
3	265	0.0	0.056014724413	1	0	14	8
3	77	0.0	0.056014651424	1	0	8	0
3	262	0.0	0.057020438909	1	0	10	0
3	291	0.0	0.056015384034	1	1	6	0
3	75	0.0	0.058600963285	1	0	3	0
3	256	0.0	0.057072256886	1	0	1	0
3	33	0.0	0.056015398926	1	1	7	0
3	130	0.0	0.057020199349	1	0	8	0
3	285	0.0	0.057072110818	1	0	1	0
3	140	0.0	0.056014981021	1	0	12	0
3	212	0.0	0.057020100618	1	0	5	0
3	181	0.0	0.056014652675	1	0	16	0
3	193	0.0	0.057071976711	1	0	5	0
3	276	0.0	0.056015113946	1	0	14	0
3	278	0.0	0.05801213717	1	0	4	0
3	166	0.0	0.057140696663	1	0	11	0
3	233	0.0	0.057020296913	1	0	7	0
3	98	0.0	0.057020445112	1	0	5	0
3	54	0.0	0.060677230928	1	0	1	0
3	153	0.0	0.056015436583	1	1	10	1
3	282	0.0	0.057072169584	1	0	1	0
3	297	0.0	0.057072223656	1	0	1	0
3	264	0.0	0.056015463275	1	1	8	0
3	121	0.0	0.057140675919	1	0	12	0
3	150	0.0	0.05707159011	1	0	3	0
3	202	0.0	0.057071822583	1	0	5	0
3	103	0.0	0.057020374227	1	0	8	0
3	281	0.0	0.056015069251	1	0	12	0
3	60	0.0	0.056014995373	1	0	10	0
3	266	0.0	0.056014976939	1	0	11	0
3	160	0.0	0.056015386187	1	1	13	0
3	96	0.0	0.057020123614	1	0	9	0
3	11	0.0	0.056015336762	1	0	13	0
3	248	0.0	0.056014702397	1	0	11	0
3	167	0.0	0.056015169678	1	0	9	0
3	94	0.0	0.058012013741	1	0	7	0
3	136	0.0	0.056015166354	1	0	10	0
3	168	0.0	0.057072181781	1	0	5	0
3	106	0.0	0.056014682792	1	0	9	0
3	53	0.0	0.056015058688	1	0	5	0
3	119	0.0	0.05702019512	1	0	4	0
3	242	0.0	0.059520183797	1	0	2	0
3	217	0.0	0.057072228969	1	0	1	0
3	250	0.0	0.058012161032	1	0	7	0
3	120	0.0	0.056014932179	1	0	12	0
3	267	0.0	0.056014997221	1	0	7	0
3	42	0.0	0.060205955689	1	0	2	0
3	275	0.0	0.056015027546	1	0	3	0
3	141	0.0	0.057020078182	1	0	6	0
3	142	0.0	0.056015099424	1	0	5	0
3	185	0.0	0.056015371292	1	1	4	0
3	296	0.0	0.057072460687	1	0	8	0
3	59	0.0	0.056015371615	1	1	8	0
3	201	0.0	0.057071874108	1	0	5	0
3	101	0.0	0.060205972578	1	0	2	0
3	253	0.0	0.057071664092	1	0	1	0
3	92	0.0	0.057241105793	1	0	0	0
3	63	0.0	0.056015186394	1	0	14	0
3	203	0.0	0.05702016204	1	0	11	0
3	31	0.0	0.056015212909	1	0	9	0
3	283	0.0	0.056015440278	1	1	5	0
3	190	0.0	0.056015343996	1	0	9	0
3	114	0.0	0.057141152877	1	0	6	0
3	22	0.0	0.059519514979	1	0	3	0
3	224	0.0	0.057071789603	1	0	1	0
3	268	0.0	0.056014758027	1	0	12	0
3	239	0.0	0.056015017294	1	0	13	0
3	238	0.0	0.059519850797	1	0	3	0
3	113	0.0	0.056015413893	1	1	9	0
3	3	0.0	0.056015125535	1	0	6	0
3	28	0.0	0.05601533825	1	0	6	0
3	204	0.0	0.056015446463	1	1	8	0
3	225	0.0	0.05714091419	1	0	6	0
3	17	0.0	0.057072139537	1	0	1	0
3	99	0.0	0.05707179575	1	0	3	0
3	115	0.0	0.056015424847	1	1	9	1
3	207	0.0	0.056015382395	1	1	10	0
3	104	0.0	0.058011712747	1	0	7	0
3	21	0.0	0.057141065416	1	0	9	0
3	14	0.0	0.058012118281	1	0	4	0
3	13	0.0	0.056014924271	1	0	14	0
3	254	0.0	0.057020169934	1	0	11	0
3	156	0.0	0.057020073854	1	0	8	0
3	227	0.0	0.056014760183	1	0	9	0
3	229	0.0	0.056015337297	1	0	9	0
3	155	0.0	0.057141198136	1	0	9	0
3	34	0.0	0.056015327194	1	0	9	0
3	91	0.0	0.056014982366	1	0	10	0
3	93	0.0	0.056014649722	1	0	14	0
3	208	0.0	0.057140690628	1	0	12	0
3	223	0.0	0.057020168173	1	0	7	0
3	261	0.0	0.057020155156	1	0	11	0
3	186	0.0	0.057072191404	1	0	1	0
3	47	0.0	0.05601542821	1	1	6	0
3	29	0.0	0.056015145131	1	0	7	0
3	292	0.0	0.057072092472	1	0	3	0
3	123	0.0	0.059519948323	1	0	3	0
3	169	0.0	0.057141164286	1	0	6	0
3	251	0.0	0.057140703831	1	0	11	0
3	45	0.0	0.056015200035	1	0	9	0
3	231	0.0	0.05801220403	1	0	7	0
3	16	0.0	0.056015243482	1	0	4	0
3	159	0.0	0.056015322046	1	0	9	0
3	65	0.0	0.057020146173	1	0	10	0
3	187	0.0	0.057019662513	1	0	7	0
3	36	0.0	0.056015221331	1	0	4	3
3	288	0.0	0.056014871123	1	0	6	0
3	2	0.0	0.058011859441	1	0	7	0
3	154	0.0	0.056015283541	1	0	8	0
3	138	0.0	0.057019605519	1	0	7	0
3	197	0.0	0.057019702624	1	0	8	0
3	161	0.0	0.056015310888	1	0	15	0
3	209	0.0	0.056014962668	1	0	13	0
3	157	0.0	0.057072271275	1	0	1	0
3	289	0.0	0.058012463414	1	0	5	0
3	241	0.0	0.057020356922	1	0	4	0
3	62	0.0	0.059519848024	1	0	4	0
3	172	0.0	0.058011851354	1	0	7	0
3	39	0.0	0.057072155299	1	0	7	0
3	38	0.0	0.058012007408	1	0	4	0
3	200	0.0	0.05707182991	1	0	3	0
3	170	0.0	0.057020333757	1	0	9	0
3	158	0.0	0.057020311095	1	0	10	0
3	228	0.0	0.056015335927	1	0	4	0
3	230	0.0	0.058012256917	1	0	4	0
3	107	0.0	0.056015205342	1	0	13	0
3	151	0.0	0.057020221164	1	0	10	0
3	199	0.0	0.058012151832	1	0	4	0
3	69	0.0	0.056015341331	1	0	9	0
3	293	0.0	0.056015354366	1	1	11	0
3	105	0.0	0.056015058341	1	0	12	0
3	135	0.0	0.05601472923	1	0	10	0
3	58	0.0	0.056014749146	1	0	10	0
3	143	0.0	0.05601521778	1	0	10	0
3	66	0.0	0.056015416333	1	1	9	0
3	127	0.0	0.057072311233	1	0	1	0
3	70	0.0	0.057072149866	1	0	0	0
3	222	0.0	0.058011861577	1	0	7	0
3	139	0.0	0.057020152858	1	0	6	0
3	206	0.0	0.057072002019	1	0	1	0
3	298	0.0	0.057020131722	1	0	9	0
3	164	0.0	0.056015403616	1	1	9	0
3	221	0.0	0.057071981922	1	0	1	0
3	55	0.0	0.057072065972	1	0	1	0
3	149	0.0	0.057241116517	1	0	0	0
3	74	0.0	0.05707231894	1	0	4	0
3	144	0.0	0.056014793056	1	0	9	0
3	210	0.0	0.056015435621	1	1	10	0
3	82	0.0	0.058011813	1	0	7	0
3	295	0.0	0.056015397237	1	1	10	0
3	43	0.0	0.05702004242	1	0	12	0
3	73	0.0	0.057019712554	1	0	6	0
3	111	0.0	0.057019678963	1	0	7	0
3	19	0.0	0.056015222437	1	0	14	0
3	235	0.0	0.059730659148	1	0	2	0
3	5	0.0	0.056015056096	1	0	11	0
3	246	0.0	0.057072224353	1	0	4	0
3	277	0.0	0.060205742724	1	0	2	0
3	269	0.0	0.057072207582	1	0	4	0
3	148	0.0	0.057019797235	1	0	10	0
3	240	0.0	0.058012255919	1	0	7	0
3	116	0.0	0.057020327998	1	0	8	0
3	108	0.0	0.058600875577	1	0	5	0
3	184	0.0	0.057141314952	1	0	3	0
3	133	0.0	0.057141111964	1	0	6	0
3	48	0.0	0.056015133158	1	0	15	0
3	236	0.0	0.05701988654	1	0	12	0
3	218	0.0	0.057071983721	1	0	3	0
3	80	0.0	0.057071802364	1	0	1	0
3	145	0.0	0.056014756951	1	0	15	0
3	178	0.0	0.057019962378	1	0	11	0
3	284	0.0	0.057071793359	1	0	1	0
3	32	0.0	0.057019863947	1	0	11	0
3	232	0.0	0.05601463972	1	0	17	0
3	280	0.0	0.056015447025	1	1	8	0
3	247	0.0	0.057019687534	1	0	8	0
3	191	0.0	0.057241278164	1	0	0	0
3	177	0.0	0.057241107149	1	0	0	0
3	24	0.0	0.058012185552	1	0	7	0
3	299	0.0	0.057072402585	1	0	1	0
3	0	0.0	0.057638014604	1	0	9	0
3	7	0.0	0.058012147407	1	0	7	0
3	20	0.0	0.056015101485	1	0	6	0
3	27	0.0	0.056015337731	1	0	12	0
3	46	0.0	0.05724119745	1	0	4	0
3	51	0.0	0.057020264824	1	0	10	0
3	64	0.0	0.056015076441	1	0	6	9
3	234	0.0	0.057241264172	1	0	3	0
3	72	0.0	0.056014673394	1	0	14	0
3	84	0.0	0.056014988411	1	0	12	0
3	88	0.0	0.056014873543	1	0	15	0
3	89	0.0	0.056015306768	1	0	12	0
3	245	0.0	0.056015453135	1	1	9	0
3	109	0.0	0.056014679976	1	0	15	0
3	257	0.0	0.057020153992	1	0	4	0
3	132	0.0	0.057241343765	1	0	1	0
3	146	0.0	0.056014992456	1	0	10	0
3	152	0.0	0.056015345854	1	0	6	0
3	270	0.0	0.056014991462	1	0	12	0
3	175	0.0	0.056015414075	1	1	4	0
4	40	NA 	 NA 	0	0	0	0
4	164	NA 	 NA 	0	0	0	0
4	111	NA 	 NA 	0	0	0	0
4	98	NA 	 NA 	0	0	0	0
4	71	NA 	 NA 	0	0	0	0
4	154	0.0	0.056048259501	1	0	11	0
4	35	0.0	0.056741119506	1	0	3	0
4	200	0.0	0.05604814765	1	0	16	0
4	59	0.0	0.056741303285	1	0	3	0
4	16	0.0	0.056740989166	1	0	3	0
4	150	0.0	0.057138622831	1	0	7	0
4	73	0.0	0.056048084179	1	0	15	0
4	27	0.0	0.056048594928	1	1	7	0
4	5	0.0	0.056048393969	1	0	8	0
4	260	0.0	0.057905357717	1	0	10	0
4	206	0.0	0.056048496991	1	0	7	0
4	183	0.0	0.057138632671	1	0	3	0
4	106	0.0	0.057785280636	1	0	6	0
4	123	0.0	0.056858199366	1	0	5	0
4	68	0.0	0.057785525405	1	0	12	0
4	142	0.0	0.05604783811	1	0	17	0
4	269	0.0	0.057138558225	1	0	7	0
4	77	0.0	0.056048035662	1	0	14	10
4	251	0.0	0.056740939023	1	0	3	0
4	210	0.0	0.058064719875	1	0	10	0
4	273	0.0	0.05701791094	1	0	5	0
4	171	0.0	0.057138299997	1	0	5	0
4	82	0.0	0.056988171134	1	0	8	0
4	99	0.0	0.056857994552	1	0	3	0
4	70	0.0	0.056048621178	1	1	11	0
4	230	0.0	0.056048548027	1	0	9	0
4	254	0.0	0.056987674522	1	0	4	0
4	54	0.0	0.0571384713	1	0	4	0
4	72	0.0	0.057017695608	1	0	3	0
4	168	0.0	0.056741349885	1	0	3	0
4	91	0.0	0.056857942994	1	0	2	0
4	231	0.0	0.0568583116	1	0	2	0
4	141	0.0	0.056048350393	1	0	11	0
4	165	0.0	0.056048429998	1	0	3	0
4	128	0.0	0.056048504888	1	1	13	1
4	79	0.0	0.05674133898	1	0	1	0
4	96	0.0	0.057018002893	1	0	2	0
4	270	0.0	0.056048604275	1	1	2	0
4	92	0.0	0.056048563369	1	0	11	0
4	6	0.0	0.056741131665	1	0	2	0
4	116	0.0	0.056048354277	1	0	7	0
4	223	0.0	0.056048318917	1	0	15	0
4	126	0.0	0.056048242851	1	0	5	0
4	290	0.0	0.056858371433	1	0	1	13
4	148	0.0	0.057784913324	1	0	9	0
4	63	0.0	0.056048520483	1	0	4	0
4	62	0.0	0.056857736792	1	0	3	0
4	215	0.0	0.056048613699	1	1	10	0
4	84	0.0	0.056741301012	1	0	1	0
4	139	0.0	0.056048511473	1	0	2	0
4	105	0.0	0.056048048008	1	0	3	0
4	216	0.0	0.057138625577	1	0	3	0
4	125	0.0	0.056741351567	1	0	4	0
4	102	0.0	0.056741228499	1	0	6	0
4	160	0.0	0.056047876853	1	0	7	0
4	114	0.0	0.05604850157	1	0	2	0
4	176	0.0	0.057906001406	1	0	7	0
4	199	0.0	0.056741154426	1	0	1	0
4	32	0.0	0.056048430859	1	0	10	0
4	182	0.0	0.056857989013	1	0	2	0
4	47	0.0	0.057785356624	1	0	10	0
4	44	0.0	0.056048186537	1	0	6	0
4	229	0.0	0.057785496344	1	0	12	0
4	185	0.0	0.056048202206	1	0	4	0
4	78	0.0	0.056741447775	1	0	3	0
4	205	0.0	0.056048358066	1	0	4	0
4	14	0.0	0.056048375444	1	0	6	0
4	42	0.0	0.056048558636	1	0	5	0
4	202	0.0	0.056048175286	1	0	14	0
4	191	0.0	0.056740732943	1	0	3	0
4	194	0.0	0.056048160618	1	0	7	0
4	195	0.0	0.057138631018	1	0	7	0
4	177	0.0	0.056858441518	1	0	5	0
4	253	0.0	0.057017951203	1	0	3	0
4	158	0.0	0.056740740576	1	0	3	0
4	259	0.0	0.056857985251	1	0	1	0
4	67	0.0	0.056048641297	1	1	2	0
4	236	0.0	0.057905868819	1	0	7	0
4	53	0.0	0.056741002415	1	0	4	0
4	258	0.0	0.057017654976	1	0	3	0
4	212	0.0	0.057906003252	1	0	6	0
4	297	0.0	0.05685832157	1	0	2	0
4	198	0.0	0.056857949417	1	0	1	0
4	124	0.0	0.056741605696	1	0	2	0
4	76	0.0	0.056858123809	1	0	4	0
4	233	0.0	0.056740970901	1	0	3	0
4	30	0.0	0.056047913491	1	0	12	0
4	118	0.0	0.056048236177	1	0	12	0
4	133	0.0	0.056857818251	1	0	2	0
4	221	0.0	0.056048497278	1	0	7	13
4	38	0.0	0.056741570058	1	0	9	0
4	120	0.0	0.05604815617	1	0	4	0
4	282	0.0	0.056858428905	1	0	6	0
4	24	0.0	0.056988638717	1	0	11	0
4	151	0.0	0.056048183514	1	0	9	0
4	153	0.0	0.056857917129	1	0	2	0
4	56	0.0	0.057017690887	1	0	5	0
4	155	0.0	0.056048162826	1	0	14	0
4	279	0.0	0.056048376294	1	0	8	0
4	288	0.0	0.056048180728	1	0	15	0
4	112	0.0	0.057785111473	1	0	9	0
4	74	0.0	0.057785404212	1	0	9	0
4	64	0.0	0.056047901402	1	0	12	0
4	103	0.0	0.056858179659	1	0	2	0
4	9	0.0	0.056048485234	1	0	11	0
4	143	0.0	0.0560480595	1	0	11	0
4	227	0.0	0.056858025786	1	0	2	0
4	278	0.0	0.056048483449	1	0	11	0
4	122	0.0	0.056048267682	1	0	6	0
4	152	0.0	0.056048118891	1	0	4	0
4	277	0.0	0.056048561007	1	1	13	0
4	275	0.0	0.056048401064	1	0	6	0
4	21	0.0	0.057138483299	1	0	8	0
4	3	0.0	0.056047920473	1	0	6	0
4	268	0.0	0.05604815661	1	0	6	0
4	94	0.0	0.056048617955	1	1	12	0
4	181	0.0	0.056048343828	1	0	10	0
4	241	0.0	0.056048179611	1	0	4	0
4	115	0.0	0.056741603659	1	0	2	0
4	174	0.0	0.056048479759	1	1	12	0
4	289	0.0	0.056858356928	1	0	4	0
4	276	0.0	0.057017952189	1	0	7	0
4	127	0.0	0.056048108526	1	0	14	0
4	83	0.0	0.056048202392	1	0	6	0
4	296	0.0	0.056740997084	1	0	4	0
4	179	0.0	0.056048529347	1	0	6	0
4	157	0.0	0.056048548708	1	0	4	0
4	66	0.0	0.056048450564	1	0	13	0
4	246	0.0	0.057138529591	1	0	8	0
4	45	0.0	0.056048640202	1	1	4	0
4	159	0.0	0.056741516021	1	0	10	0
4	137	0.0	0.056858294083	1	0	7	10
4	235	0.0	0.057018029293	1	0	0	0
4	19	0.0	0.056048202943	1	0	5	0
4	204	0.0	0.056048383421	1	0	8	0
4	188	0.0	0.056048188773	1	0	7	0
4	12	0.0	0.057138353478	1	0	4	0
4	242	0.0	0.056048494783	1	0	7	11
4	178	0.0	0.056048511912	1	1	13	0
4	220	0.0	0.057138384248	1	0	8	0
4	239	0.0	0.057784903029	1	0	9	0
4	75	0.0	0.056048162762	1	0	13	0
4	134	0.0	0.057138315806	1	0	8	0
4	88	0.0	0.056047813553	1	0	18	0
4	113	0.0	0.056048476365	1	0	14	0
4	228	0.0	0.056048137142	1	0	13	0
4	95	0.0	0.056857947295	1	0	1	0
4	144	0.0	0.056048616255	1	1	5	0
4	256	0.0	0.057138282778	1	0	3	0
4	295	0.0	0.056048595862	1	1	7	0
4	274	0.0	0.057784944608	1	0	8	0
4	147	0.0	0.056048602863	1	1	2	0
4	2	0.0	0.057138392328	1	0	8	0
4	101	0.0	0.056048627224	1	1	9	0
4	7	0.0	0.05604832689	1	0	11	0
4	207	0.0	0.056048309873	1	0	9	0
4	130	0.0	0.056047870804	1	0	16	0
4	209	0.0	0.056048325645	1	0	10	0
4	29	0.0	0.057138580568	1	0	7	0
4	219	0.0	0.056858406994	1	0	4	0
4	34	0.0	0.057018130845	1	0	5	0
4	146	0.0	0.057785525747	1	0	9	0
4	213	0.0	0.056048471424	1	0	9	0
4	121	0.0	0.056858324714	1	0	6	0
4	264	0.0	0.056048588536	1	1	3	0
4	293	0.0	0.057017934635	1	0	8	0
4	37	0.0	0.056741015835	1	0	4	0
4	110	0.0	0.056048136359	1	0	16	0
4	131	0.0	0.056048156146	1	0	7	0
4	257	0.0	0.056741335133	1	0	1	0
4	189	0.0	0.05604846372	1	0	10	0
4	109	0.0	0.056047843315	1	0	13	0
4	175	0.0	0.057905326957	1	0	9	0
4	46	0.0	0.056048494349	1	0	12	0
4	248	0.0	0.056048271391	1	0	10	0
4	10	0.0	0.057017617988	1	0	4	0
4	8	0.0	0.056858321162	1	0	2	0
4	184	0.0	0.057138317362	1	0	8	0
4	167	0.0	0.057905801098	1	0	9	0
4	190	0.0	0.057785359572	1	0	9	0
4	69	0.0	0.056047867155	1	0	12	0
4	173	0.0	0.057138630013	1	0	3	0
4	136	0.0	0.056741553888	1	0	8	0
4	108	0.0	0.056048482148	1	0	16	0
4	237	0.0	0.056048653248	1	1	4	0
4	201	0.0	0.057017644213	1	0	5	0
4	58	0.0	0.056048234013	1	0	10	0
4	55	0.0	0.057018264952	1	0	1	0
4	252	0.0	0.057138454833	1	0	3	0
4	80	0.0	0.05806473763	1	0	10	0
4	90	0.0	0.056741001633	1	0	3	0
4	267	0.0	0.056048234912	1	0	11	0
4	250	0.0	0.056048267502	1	0	9	0
4	117	0.0	0.057905489376	1	0	10	0
4	285	0.0	0.056048302725	1	0	10	0
4	163	0.0	0.056048601509	1	1	12	0
4	180	0.0	0.057138305124	1	0	8	0
4	280	0.0	0.056048484584	1	0	14	0
4	234	0.0	0.057784893231	1	0	9	0
4	161	0.0	0.056858505155	1	0	1	0
4	292	0.0	0.057931947895	1	0	0	0
4	245	0.0	0.057785344128	1	0	10	0
4	172	0.0	0.056048191861	1	0	6	0
4	81	0.0	0.056741586599	1	0	8	0
4	186	0.0	0.056048450124	1	0	13	0
4	232	0.0	0.056048568874	1	1	10	0
4	65	0.0	0.056857694322	1	0	2	0
4	119	0.0	0.056048294033	1	0	11	0
4	93	0.0	0.056048621609	1	1	6	0
4	266	0.0	0.057784792541	1	0	9	0
4	140	0.0	0.056048582907	1	1	12	0
4	291	0.0	0.056741423057	1	0	3	0
4	60	0.0	0.056740991088	1	0	4	0
4	97	0.0	0.057138522549	1	0	7	0
4	33	0.0	0.056048508809	1	0	11	0
4	243	0.0	0.056048482283	1	0	5	0
4	244	0.0	0.057906031689	1	0	2	0
4	18	0.0	0.057138359365	1	0	8	0
4	50	0.0	0.056048496296	1	1	11	0
4	187	0.0	0.057017685999	1	0	4	0
4	225	0.0	0.056741389442	1	0	3	0
4	107	0.0	0.056048365587	1	0	3	0
4	85	0.0	0.058065269115	1	0	4	0
4	193	0.0	0.05701796082	1	0	5	0
4	299	0.0	0.056048494096	1	0	11	0
4	28	0.0	0.057785217853	1	0	12	0
4	51	0.0	0.057905931247	1	0	6	0
4	145	0.0	0.056048493981	1	0	13	0
4	169	0.0	0.056048392865	1	0	11	0
4	149	0.0	0.056048310824	1	0	8	0
4	138	0.0	0.057785466156	1	0	12	0
4	20	0.0	0.05604864454	1	1	4	0
4	26	0.0	0.056048179397	1	0	11	0
4	135	0.0	0.056048434908	1	0	5	0
4	192	0.0	0.056858385266	1	0	4	0
4	1	0.0	0.05674092548	1	0	3	0
4	13	0.0	0.056988323247	1	0	2	0
4	249	0.0	0.057017981811	1	0	9	0
4	41	0.0	0.056741434775	1	0	3	0
4	224	0.0	0.057017944225	1	0	6	0
4	25	0.0	0.056857978069	1	0	2	0
4	39	0.0	0.057785510544	1	0	12	0
4	0	0.0	0.056048243528	1	0	14	0
4	284	0.0	0.058065078131	1	0	8	0
4	57	0.0	0.056741421855	1	0	6	0
4	263	0.0	0.058064747433	1	0	7	0
4	87	0.0	0.056048502783	1	0	11	0
4	48	0.0	0.056048150653	1	0	3	0
4	272	0.0	0.057905864854	1	0	6	0
4	238	0.0	0.056048231764	1	0	6	0
4	214	0.0	0.056988311714	1	0	2	0
4	281	0.0	0.057905674613	1	0	8	0
4	247	0.0	0.056858570974	1	0	1	0
4	283	0.0	0.056988445154	1	0	1	0
4	15	0.0	0.056857997859	1	0	2	0
4	36	0.0	0.056048388144	1	0	6	0
4	170	0.0	0.056047836586	1	0	18	0
4	31	0.0	0.057018005247	1	0	2	0
4	294	0.0	0.057906033027	1	0	3	0
4	298	0.0	0.056858419803	1	0	1	0
4	197	0.0	0.056741259195	1	0	1	0
4	49	0.0	0.057785380302	1	0	9	0
4	218	0.0	0.057138337477	1	0	8	0
4	129	0.0	0.056857892852	1	0	2	0
4	211	0.0	0.056741412075	1	0	3	0
4	226	0.0	0.05698772466	1	0	4	0
4	162	0.0	0.057785435847	1	0	9	0
4	132	0.0	0.056048380782	1	0	4	0
4	261	0.0	0.056740993293	1	0	4	0
4	4	0.0	0.05674139664	1	0	5	0
4	11	0.0	0.056858114973	1	0	0	0
4	262	0.0	0.057905802237	1	0	4	0
4	217	0.0	0.05674067269	1	0	1	0
4	156	0.0	0.056048557893	1	0	3	0
4	196	0.0	0.056740922804	1	0	3	0
4	89	0.0	0.057905986194	1	0	3	0
4	43	0.0	0.05698769955	1	0	4	0
4	17	0.0	0.057905825959	1	0	4	0
4	222	0.0	0.056858149994	1	0	1	0
4	286	0.0	0.057138598425	1	0	8	0
4	271	0.0	0.056741546368	1	0	2	11
4	52	0.0	0.056858013763	1	0	1	0
4	208	0.0	0.056741206256	1	0	1	0
4	22	0.0	0.05698862767	1	0	1	0
4	23	0.0	0.056858190714	1	0	1	0
4	61	0.0	0.056048466289	1	0	3	0
4	86	0.0	0.056741045148	1	0	3	0
4	240	0.0	0.056988606775	1	0	2	0
4	287	0.0	0.056741124259	1	0	2	0
4	100	0.0	0.056048540826	1	1	13	1
4	104	0.0	0.056741009355	1	0	2	0
4	255	0.0	0.056048649433	1	1	12	0
4	265	0.0	0.056047891016	1	0	16	0
4	166	0.0	0.056857979694	1	0	2	0
4	203	0.0	0.05604862609	1	1	12	0
5	81	NA 	 NA 	0	0	0	0
5	137	NA 	 NA 	0	0	0	0
5	37	NA 	 NA 	0	0	0	0
5	112	NA 	 NA 	0	0	0	0
5	131	NA 	 NA 	0	0	0	0
5	1	0.0	0.05735396256	1	0	6	0
5	83	0.0	0.057042237912	1	0	6	0
5	134	0.0	0.057288637626	1	0	7	0
5	126	0.0	0.057289251217	1	0	5	0
5	140	0.0	0.057041650439	1	0	6	0
5	33	0.0	0.057041687107	1	0	9	0
5	193	0.0	0.057041635962	1	0	7	0
5	205	0.0	0.057289025464	1	0	5	0
5	135	0.0	0.057106956574	1	0	3	0
5	252	0.0	0.059017669263	1	0	6	0
5	80	0.0	0.057042182006	1	0	7	0
5	108	0.0	0.057474864878	1	0	6	0
5	50	0.0	0.056037274394	1	1	9	0
5	72	0.0	0.056036711053	1	0	10	0
5	286	0.0	0.057354042536	1	0	6	0
5	144	0.0	0.057042018244	1	0	9	0
5	236	0.0	0.057353993188	1	0	5	0
5	260	0.0	0.057042031543	1	0	6	0
5	122	0.0	0.057475025388	1	0	6	0
5	159	0.0	0.056037316121	1	1	11	0
5	145	0.0	0.056037231377	1	1	10	0
5	204	0.0	0.05603715758	1	0	10	0
5	43	0.0	0.057327875486	1	0	7	0
5	65	0.0	0.057327729607	1	0	10	0
5	188	0.0	0.056036642801	1	0	12	0
5	128	0.0	0.056037152069	1	0	10	0
5	41	0.0	0.056036949635	1	0	8	0
5	75	0.0	0.05603700088	1	0	12	0
5	232	0.0	0.056037023136	1	0	7	0
5	297	0.0	0.057354184508	1	0	5	0
5	8	0.0	0.057327514709	1	0	7	0
5	45	0.0	0.05735340713	1	0	6	0
5	186	0.0	0.056037036416	1	0	9	0
5	292	0.0	0.057288909382	1	0	5	0
5	156	0.0	0.056036723516	1	0	10	10
5	74	0.0	0.056037134388	1	0	10	0
5	242	0.0	0.056036887599	1	0	11	0
5	107	0.0	0.056036678836	1	0	12	0
5	276	0.0	0.057289081083	1	0	7	0
5	277	0.0	0.056036986149	1	0	8	0
5	220	0.0	0.057474461896	1	0	7	0
5	160	0.0	0.056037152308	1	0	10	0
5	184	0.0	0.059985635669	1	0	2	0
5	285	0.0	0.056037163841	1	0	9	0
5	93	0.0	0.057327752011	1	0	5	0
5	146	0.0	0.057041593163	1	0	7	0
5	179	0.0	0.057327556163	1	0	11	0
5	244	0.0	0.056036762451	1	0	10	0
5	19	0.0	0.057289034371	1	0	10	0
5	175	0.0	0.056036917943	1	0	9	4
5	20	0.0	0.056037191652	1	1	10	0
5	13	0.0	0.056037209896	1	0	9	0
5	123	0.0	0.057041793082	1	0	5	0
5	287	0.0	0.057513872641	1	0	6	0
5	153	0.0	0.057474907189	1	0	7	0
5	10	0.0	0.056037069817	1	0	7	0
5	103	0.0	0.057513971011	1	0	10	0
5	280	0.0	0.057289166009	1	0	5	0
5	113	0.0	0.056036500178	1	0	10	1
5	66	0.0	0.05747483824	1	0	5	0
5	61	0.0	0.056037168566	1	0	11	0
5	176	0.0	0.057042157025	1	0	4	0
5	158	0.0	0.056036521999	1	0	16	0
5	254	0.0	0.057327844899	1	0	6	0
5	148	0.0	0.057327622057	1	0	10	0
5	165	0.0	0.056037140562	1	0	9	0
5	5	0.0	0.056037196641	1	1	9	0
5	223	0.0	0.057475011466	1	0	6	0
5	293	0.0	0.056037284108	1	1	7	0
5	149	0.0	0.057042039539	1	0	6	0
5	272	0.0	0.056036817026	1	0	9	0
5	194	0.0	0.056036475395	1	0	15	0
5	4	0.0	0.057041906263	1	0	6	0
5	64	0.0	0.05747470895	1	0	6	0
5	86	0.0	0.057288596253	1	0	8	0
5	269	0.0	0.056036850405	1	0	12	0
5	125	0.0	0.056036839738	1	0	10	0
5	24	0.0	0.057041791507	1	0	5	0
5	235	0.0	0.05735364127	1	0	6	0
5	155	0.0	0.056037142874	1	0	14	14
5	46	0.0	0.056037265259	1	1	11	0
5	250	0.0	0.056037223857	1	1	8	0
5	241	0.0	0.056037307244	1	1	7	1
5	95	0.0	0.056036465628	1	0	15	0
5	15	0.0	0.057288690563	1	0	6	0
5	157	0.0	0.056037010275	1	0	9	0
5	261	0.0	0.057289183359	1	0	9	0
5	31	0.0	0.056036846681	1	0	8	0
5	78	0.0	0.056036835562	1	0	11	2
5	39	0.0	0.057327548127	1	0	10	0
5	91	0.0	0.05603720614	1	0	13	0
5	207	0.0	0.056036964308	1	0	11	0
5	281	0.0	0.056036840562	1	0	10	0
5	42	0.0	0.057288582588	1	0	6	0
5	234	0.0	0.056037098003	1	0	11	0
5	29	0.0	0.057042041815	1	0	5	0
5	251	0.0	0.056037087237	1	0	8	0
5	238	0.0	0.057106937726	1	0	7	0
5	219	0.0	0.056037259908	1	1	9	0
5	271	0.0	0.057513902309	1	0	7	0
5	59	0.0	0.056036998884	1	0	11	6
5	267	0.0	0.057353952182	1	0	4	0
5	119	0.0	0.056037192653	1	0	9	0
5	245	0.0	0.056036828522	1	0	10	0
5	11	0.0	0.057514139568	1	0	8	0
5	117	0.0	0.057474426593	1	0	7	0
5	224	0.0	0.056037163106	1	0	11	0
5	138	0.0	0.056037146805	1	0	11	0
5	189	0.0	0.056037179403	1	0	14	0
5	296	0.0	0.057289045781	1	0	7	0
5	133	0.0	0.056037228048	1	1	10	0
5	229	0.0	0.05603658011	1	0	15	0
5	255	0.0	0.057514159392	1	0	7	0
5	164	0.0	0.056037216969	1	1	12	0
5	191	0.0	0.057289001177	1	0	7	0
5	121	0.0	0.056036919114	1	0	11	0
5	161	0.0	0.057041958617	1	0	6	0
5	77	0.0	0.05704221625	1	0	7	0
5	110	0.0	0.056037205841	1	1	10	10
5	265	0.0	0.057327886022	1	0	7	0
5	222	0.0	0.057327881265	1	0	9	0
5	18	0.0	0.05603653883	1	0	10	0
5	166	0.0	0.056036841626	1	0	10	0
5	197	0.0	0.057041856262	1	0	6	0
5	116	0.0	0.056036677746	1	0	11	0
5	124	0.0	0.057289167177	1	0	10	0
5	96	0.0	0.056037238049	1	1	8	0
5	213	0.0	0.057288951128	1	0	4	0
5	182	0.0	0.056037263217	1	1	11	0
5	237	0.0	0.056037292147	1	1	8	0
5	70	0.0	0.057288922836	1	0	6	0
5	151	0.0	0.057041611497	1	0	10	0
5	202	0.0	0.057288920717	1	0	4	0
5	52	0.0	0.057474783502	1	0	5	0
5	171	0.0	0.057327741484	1	0	6	0
5	104	0.0	0.057042089351	1	0	4	0
5	289	0.0	0.057353964308	1	0	4	0
5	115	0.0	0.057513538217	1	0	7	0
5	102	0.0	0.057513752967	1	0	4	0
5	200	0.0	0.057474446098	1	0	7	0
5	6	0.0	0.05735385718	1	0	7	0
5	82	0.0	0.057107286814	1	0	7	0
5	97	0.0	0.057513997466	1	0	10	0
5	132	0.0	0.056037100169	1	0	8	0
5	23	0.0	0.056037146966	1	0	12	0
5	256	0.0	0.056036992141	1	0	11	0
5	68	0.0	0.057041969924	1	0	6	0
5	142	0.0	0.057288987145	1	0	7	0
5	136	0.0	0.05603695172	1	0	8	0
5	218	0.0	0.056036814148	1	0	8	0
5	181	0.0	0.056037307051	1	1	11	1
5	298	0.0	0.057042195644	1	0	4	0
5	100	0.0	0.057041634127	1	0	6	0
5	17	0.0	0.057042266789	1	0	9	0
5	264	0.0	0.056037229991	1	1	7	0
5	21	0.0	0.057288587614	1	0	8	0
5	152	0.0	0.057327879993	1	0	9	0
5	89	0.0	0.056036925397	1	0	11	0
5	180	0.0	0.057353378647	1	0	7	0
5	99	0.0	0.057106998325	1	0	4	0
5	226	0.0	0.057288917995	1	0	5	0
5	185	0.0	0.057041702514	1	0	5	0
5	12	0.0	0.056036829959	1	0	10	0
5	279	0.0	0.056036770387	1	0	12	0
5	228	0.0	0.057289080233	1	0	10	0
5	195	0.0	0.057513939444	1	0	7	0
5	143	0.0	0.056036828379	1	0	10	0
5	76	0.0	0.057288973813	1	0	4	0
5	211	0.0	0.056036812138	1	0	10	0
5	196	0.0	0.05603666455	1	0	12	0
5	147	0.0	0.05603731562	1	1	8	0
5	217	0.0	0.0560372767	1	1	10	0
5	249	0.0	0.056036801006	1	0	9	0
5	7	0.0	0.05603683703	1	0	11	0
5	118	0.0	0.056037033992	1	0	11	0
5	240	0.0	0.056037104777	1	0	11	0
5	167	0.0	0.057474480947	1	0	6	0
5	141	0.0	0.056037036246	1	0	9	0
5	230	0.0	0.056036877499	1	0	14	0
5	154	0.0	0.056037189991	1	0	13	0
5	214	0.0	0.057288976457	1	0	4	0
5	130	0.0	0.056037260759	1	1	7	0
5	73	0.0	0.056037115503	1	0	12	0
5	168	0.0	0.057107060425	1	0	6	0
5	169	0.0	0.056036822123	1	0	9	15
5	30	0.0	0.056037213342	1	1	10	0
5	163	0.0	0.056036808844	1	0	13	0
5	294	0.0	0.057042110325	1	0	4	0
5	32	0.0	0.057042119521	1	0	7	0
5	60	0.0	0.056037295696	1	1	8	0
5	71	0.0	0.056036508943	1	0	17	0
5	27	0.0	0.056036568978	1	0	16	0
5	290	0.0	0.056037140698	1	0	12	0
5	295	0.0	0.057354086205	1	0	5	0
5	127	0.0	0.056036872915	1	0	10	0
5	266	0.0	0.056037212859	1	1	9	0
5	178	0.0	0.05728897518	1	0	7	0
5	114	0.0	0.056036851323	1	0	11	0
5	221	0.0	0.05603679368	1	0	11	0
5	247	0.0	0.057288910665	1	0	6	0
5	38	0.0	0.057041431327	1	0	7	0
5	90	0.0	0.056037301964	1	1	8	0
5	209	0.0	0.056036598852	1	0	16	23
5	208	0.0	0.058265337833	1	0	5	0
5	275	0.0	0.057353645738	1	0	5	0
5	227	0.0	0.057041950463	1	0	5	0
5	67	0.0	0.056037192241	1	0	13	0
5	174	0.0	0.057288575974	1	0	7	7
5	25	0.0	0.057327933787	1	0	8	0
5	106	0.0	0.056037131385	1	0	7	0
5	92	0.0	0.056036817137	1	0	11	0
5	291	0.0	0.057289191008	1	0	4	0
5	58	0.0	0.057288504986	1	0	7	0
5	284	0.0	0.056036527424	1	0	15	0
5	150	0.0	0.056037180167	1	0	11	0
5	84	0.0	0.056036527731	1	0	16	0
5	14	0.0	0.056036946711	1	0	10	0
5	192	0.0	0.056036532967	1	0	13	0
5	239	0.0	0.056037149785	1	0	14	0
5	172	0.0	0.056037062355	1	0	7	0
5	259	0.0	0.057042229434	1	0	8	0
5	173	0.0	0.05998618804	1	0	3	0
5	120	0.0	0.05747443157	1	0	8	0
5	111	0.0	0.056037193445	1	0	13	0
5	198	0.0	0.056037244537	1	1	7	0
5	49	0.0	0.0574743228	1	0	8	0
5	243	0.0	0.057353908819	1	0	6	0
5	56	0.0	0.056036555951	1	0	14	11
5	63	0.0	0.056037143704	1	0	9	0
5	129	0.0	0.056037122414	1	0	9	0
5	87	0.0	0.056037179836	1	0	11	0
5	162	0.0	0.056036865608	1	0	10	0
5	253	0.0	0.056036845058	1	0	12	0
5	183	0.0	0.056037164605	1	0	11	0
5	34	0.0	0.057289000411	1	0	4	0
5	233	0.0	0.056037309195	1	1	5	0
5	3	0.0	0.057327513942	1	0	6	0
5	270	0.0	0.05728859067	1	0	8	0
5	139	0.0	0.057353853001	1	0	7	0
5	22	0.0	0.056036502479	1	0	13	0
5	26	0.0	0.056036839998	1	0	11	0
5	16	0.0	0.056036857068	1	0	9	0
5	199	0.0	0.057288872186	1	0	10	0
5	55	0.0	0.056037299428	1	1	10	0
5	53	0.0	0.057353984523	1	0	4	0
5	94	0.0	0.056037283029	1	1	10	0
5	2	0.0	0.057353618507	1	0	5	0
5	216	0.0	0.059500518897	1	0	4	0
5	201	0.0	0.057474438145	1	0	7	0
5	170	0.0	0.057288994098	1	0	4	0
5	273	0.0	0.056036854676	1	0	11	2
5	57	0.0	0.057288978131	1	0	5	0
5	9	0.0	0.056037258528	1	1	7	0
5	101	0.0	0.056036808951	1	0	10	0
5	98	0.0	0.057353629259	1	0	5	0
5	187	0.0	0.05728857814	1	0	7	0
5	278	0.0	0.057328213756	1	0	8	0
5	190	0.0	0.057327880476	1	0	9	0
5	177	0.0	0.057288707191	1	0	4	0
5	268	0.0	0.059986192491	1	0	3	0
5	48	0.0	0.057106866815	1	0	9	0
5	88	0.0	0.056037159327	1	0	11	0
5	225	0.0	0.056036846367	1	0	11	0
5	248	0.0	0.057475018293	1	0	6	0
5	215	0.0	0.057041933568	1	0	4	0
5	210	0.0	0.05735362231	1	0	5	0
5	105	0.0	0.056037140424	1	0	10	0
5	54	0.0	0.056036555678	1	0	13	0
5	51	0.0	0.056036878664	1	0	10	0
5	274	0.0	0.057042005696	1	0	6	0
5	62	0.0	0.057042111355	1	0	9	0
5	0	0.0	0.057474620438	1	0	6	0
5	109	0.0	0.057327546514	1	0	10	0
5	246	0.0	0.057475023943	1	0	8	0
5	299	0.0	0.057042131319	1	0	6	0
5	35	0.0	0.056037303023	1	1	7	0
5	85	0.0	0.056037284343	1	1	10	0
5	288	0.0	0.057041605586	1	0	7	0
5	263	0.0	0.056037300312	1	1	8	0
5	28	0.0	0.056037278994	1	1	7	5
5	282	0.0	0.057289196409	1	0	4	0
5	262	0.0	0.056036507051	1	0	17	0
5	206	0.0	0.056036865531	1	0	10	0
5	40	0.0	0.056036853269	1	0	12	0
5	47	0.0	0.056036781668	1	0	9	18
5	79	0.0	0.056037188259	1	1	9	0
5	212	0.0	0.056036896002	1	0	11	0
5	36	0.0	0.056037136848	1	0	14	0
5	231	0.0	0.056037150668	1	0	12	0
5	258	0.0	0.056037027349	1	0	8	0
5	203	0.0	0.05735426994	1	0	9	0
5	257	0.0	0.056036876924	1	0	13	0
5	44	0.0	0.056037016622	1	0	12	0
5	69	0.0	0.056037206486	1	1	11	0
5	283	0.0	0.057354288058	1	0	9	2
6	37	NA 	 NA 	0	0	0	0
6	256	NA 	 NA 	0	0	0	0
6	188	NA 	 NA 	0	0	0	0
6	45	NA 	 NA 	0	0	0	0
6	127	NA 	 NA 	0	0	0	0
6	7	NA 	 NA 	0	0	0	0
6	79	NA 	 NA 	0	0	0	0
6	77	0.0	0.058031050829	1	0	9	0
6	153	0.0	0.056233214641	1	0	14	0
6	182	0.0	0.058593835348	1	0	2	0
6	83	0.0	0.058356075939	1	0	4	0
6	169	0.0	0.05835575417	1	0	5	0
6	126	0.0	0.058031339158	1	0	9	0
6	71	0.0	0.058346617128	1	0	9	0
6	115	0.0	0.058070252629	1	0	9	0
6	108	0.0	0.058932038452	1	0	2	0
6	48	0.0	0.058424424099	1	0	5	0
6	234	0.0	0.056233401743	1	1	7	0
6	57	0.0	0.05623272681	1	0	16	0
6	172	0.0	0.058031219515	1	0	11	0
6	281	0.0	0.058346215167	1	0	12	0
6	275	0.0	0.058593980438	1	0	0	0
6	130	0.0	0.058031144033	1	0	12	0
6	78	0.0	0.056744284811	1	0	1	0
6	279	0.0	0.058355734014	1	0	5	0
6	81	0.0	0.058031077851	1	0	8	0
6	73	0.0	0.056232775495	1	0	17	0
6	41	0.0	0.05674366192	1	0	2	0
6	260	0.0	0.058070408353	1	0	7	0
6	173	0.0	0.058356040012	1	0	4	0
6	263	0.0	0.058031173129	1	0	8	0
6	276	0.0	0.056744094432	1	0	1	0
6	80	0.0	0.058030825332	1	0	10	0
6	243	0.0	0.056744287025	1	0	6	0
6	283	0.0	0.056232918158	1	0	13	0
6	212	0.0	0.058030838477	1	0	11	0
6	193	0.0	0.056233075417	1	0	13	0
6	29	0.0	0.058069730208	1	0	8	0
6	59	0.0	0.058356080006	1	0	6	0
6	98	0.0	0.056743903698	1	0	1	0
6	133	0.0	0.058030719339	1	0	9	0
6	266	0.0	0.056232786654	1	0	16	0
6	159	0.0	0.058346155588	1	0	11	0
6	269	0.0	0.05623316329	1	0	12	0
6	271	0.0	0.05803107287	1	0	11	0
6	201	0.0	0.056233419935	1	0	6	0
6	295	0.0	0.056233067951	1	0	13	0
6	58	0.0	0.056233407662	1	1	13	0
6	131	0.0	0.056232710709	1	0	17	0
6	298	0.0	0.058593764165	1	0	4	0
6	223	0.0	0.056744213192	1	0	1	0
6	85	0.0	0.056744397355	1	0	5	0
6	249	0.0	0.056232825883	1	0	13	0
6	66	0.0	0.058070223385	1	0	6	0
6	52	0.0	0.058070286817	1	0	5	0
6	95	0.0	0.056233152543	1	0	11	0
6	241	0.0	0.056233106756	1	0	6	0
6	208	0.0	0.058030735911	1	0	11	0
6	186	0.0	0.056233512119	1	1	11	0
6	92	0.0	0.058070263971	1	0	8	0
6	74	0.0	0.058069719545	1	0	8	0
6	31	0.0	0.056233383057	1	1	12	0
6	36	0.0	0.056232971135	1	0	13	0
6	288	0.0	0.056743942753	1	0	1	0
6	218	0.0	0.056233091901	1	0	13	0
6	84	0.0	0.056232785752	1	0	13	0
6	214	0.0	0.056743642932	1	0	2	0
6	151	0.0	0.058031076719	1	0	8	0
6	286	0.0	0.058031264736	1	0	10	0
6	51	0.0	0.05623272759	1	0	15	0
6	90	0.0	0.056232932667	1	0	9	0
6	144	0.0	0.058031195747	1	0	8	0
6	148	0.0	0.056743868548	1	0	1	0
6	225	0.0	0.056232908566	1	0	14	0
6	138	NA 	 NA 	0	0	0	0
6	38	0.0	0.058070227171	1	0	7	0
6	146	0.0	0.056232752082	1	0	18	0
6	152	0.0	0.060264730938	1	0	1	0
6	179	0.0	0.058031150672	1	0	6	0
6	101	0.0	0.056233051835	1	0	15	0
6	129	0.0	0.056233063282	1	0	12	0
6	1	0.0	0.058346527223	1	0	11	0
6	111	0.0	0.056233473385	1	0	11	0
6	202	0.0	0.058070142564	1	0	6	0
6	194	0.0	0.058997496582	1	0	6	0
6	209	0.0	0.05806968701	1	0	9	0
6	60	0.0	0.05623351624	1	1	11	0
6	20	0.0	0.056233403084	1	0	5	0
6	104	0.0	0.056232796611	1	0	12	0
6	166	0.0	0.056233358742	1	1	8	0
6	246	0.0	0.05674440492	1	0	6	0
6	136	0.0	0.058031049741	1	0	8	0
6	91	0.0	0.05854502634	1	0	3	0
6	213	0.0	0.058070144847	1	0	9	0
6	13	0.0	0.058346196272	1	0	12	0
6	5	0.0	0.056744453511	1	0	6	0
6	65	0.0	0.058346190014	1	0	13	0
6	155	0.0	0.058070189473	1	0	6	0
6	47	0.0	0.058346698921	1	0	9	0
6	150	0.0	0.056233242708	1	0	6	0
6	210	0.0	0.058997484271	1	0	7	0
6	206	0.0	0.058031145884	1	0	12	0
6	267	0.0	0.056233058623	1	0	11	0
6	162	0.0	0.058346817232	1	0	6	0
6	222	0.0	0.056232783902	1	0	13	0
6	229	0.0	0.056233052969	1	0	11	0
6	280	0.0	0.056232737484	1	0	17	0
6	224	0.0	0.058031191721	1	0	11	0
6	240	0.0	0.056233417566	1	0	4	0
6	63	0.0	0.058356145531	1	0	4	0
6	284	0.0	0.056743858851	1	0	1	0
6	88	0.0	0.058031219644	1	0	6	0
6	265	0.0	0.056233091317	1	0	8	0
6	11	0.0	0.056233088206	1	0	6	0
6	50	0.0	0.056233426272	1	1	8	0
6	233	0.0	0.058070136758	1	0	9	0
6	174	0.0	0.058031406604	1	0	6	0
6	242	0.0	0.058070129435	1	0	6	0
6	55	0.0	0.056233220976	1	0	6	0
6	19	0.0	0.056233070401	1	0	11	0
6	3	0.0	0.056232746059	1	0	15	0
6	27	0.0	0.05806977493	1	0	11	0
6	204	0.0	0.058031218881	1	0	8	0
6	228	0.0	0.056233186034	1	0	7	0
6	217	0.0	0.056233222104	1	0	11	0
6	190	0.0	0.056233330499	1	0	14	0
6	251	0.0	0.056233428294	1	0	7	0
6	107	0.0	0.056744463737	1	0	4	0
6	273	0.0	0.058355633244	1	0	6	0
6	272	0.0	0.056233384366	1	1	13	0
6	215	0.0	0.05623304464	1	0	13	0
6	247	0.0	0.056233406742	1	0	9	0
6	28	0.0	0.056233366954	1	0	13	0
6	248	0.0	0.058070151679	1	0	10	0
6	110	0.0	0.056744401163	1	0	5	0
6	109	0.0	0.058030594468	1	0	12	0
6	35	0.0	0.05623350139	1	1	11	0
6	132	0.0	0.058070153341	1	0	9	0
6	67	0.0	0.058346764831	1	0	8	0
6	285	0.0	0.056232768362	1	0	18	0
6	177	0.0	0.056233198657	1	0	16	0
6	252	0.0	0.056232836655	1	0	11	0
6	120	0.0	0.058031097928	1	0	12	0
6	156	0.0	0.056233231759	1	0	13	0
6	64	0.0	0.05803140506	1	0	6	0
6	178	0.0	0.056744207589	1	0	1	0
6	231	0.0	0.058356149556	1	0	6	0
6	291	0.0	0.056233478051	1	0	7	0
6	122	0.0	0.056233354947	1	0	13	0
6	16	0.0	0.056233239697	1	0	14	0
6	238	0.0	0.056233389062	1	1	12	0
6	142	0.0	0.058070190156	1	0	8	0
6	93	0.0	0.058031129416	1	0	6	0
6	30	0.0	0.056233259657	1	0	16	0
6	270	0.0	0.058356337993	1	0	5	0
6	161	0.0	0.05623309236	1	0	13	0
6	99	0.0	0.056233366192	1	0	9	0
6	141	0.0	0.056743927904	1	0	5	0
6	255	0.0	0.056233383692	1	1	13	0
6	226	0.0	0.059183165095	1	0	5	0
6	75	0.0	0.056233139538	1	0	7	0
6	196	0.0	0.058346113163	1	0	14	0
6	195	0.0	0.056232907352	1	0	10	0
6	112	0.0	0.056233321493	1	0	10	0
6	287	0.0	0.05803079295	1	0	10	0
6	227	0.0	0.056233106191	1	0	9	0
6	24	0.0	0.056233549152	1	1	7	0
6	211	0.0	0.058593863681	1	0	4	0
6	145	0.0	0.058356084068	1	0	5	0
6	244	0.0	0.057332548777	1	0	9	0
6	261	0.0	0.058070399445	1	0	7	0
6	154	0.0	0.056232992887	1	0	12	0
6	157	0.0	0.058356068565	1	0	7	0
6	191	0.0	0.056233454349	1	1	12	0
6	17	0.0	0.056233386839	1	1	14	0
6	26	0.0	0.056233065153	1	0	14	0
6	89	0.0	0.056232760292	1	0	15	0
6	68	0.0	0.056233442727	1	1	12	0
6	22	0.0	0.056232782627	1	0	17	0
6	140	0.0	0.058593859041	1	0	4	0
6	114	0.0	0.056232921224	1	0	8	0
6	235	0.0	0.056233440495	1	1	11	0
6	113	0.0	0.056744082806	1	0	6	0
6	164	0.0	0.056233455365	1	0	4	0
6	56	0.0	0.058070156504	1	0	9	0
6	4	0.0	0.05623341398	1	0	7	0
6	82	0.0	0.05623332001	1	0	6	0
6	171	0.0	0.05623350967	1	1	12	0
6	257	0.0	0.058070076607	1	0	8	0
6	105	0.0	0.056232803074	1	0	18	0
6	143	0.0	0.058594091907	1	0	1	0
6	18	0.0	0.058069843448	1	0	9	0
6	277	0.0	0.058031097904	1	0	10	0
6	205	0.0	0.058932058941	1	0	3	0
6	170	0.0	0.058355744684	1	0	5	0
6	262	0.0	0.058356327304	1	0	3	0
6	282	0.0	0.058070036362	1	0	10	0
6	139	0.0	0.056233390122	1	1	13	0
6	293	0.0	0.058356294542	1	0	5	0
6	250	0.0	0.056232811696	1	0	11	0
6	259	0.0	0.058070338388	1	0	9	0
6	175	0.0	0.058355782509	1	0	6	0
6	198	0.0	0.058031080597	1	0	8	0
6	187	0.0	0.056232783436	1	0	18	0
6	15	0.0	0.058356186583	1	0	6	0
6	254	0.0	0.056744521552	1	0	1	0
6	53	0.0	0.056233104032	1	0	14	0
6	189	0.0	0.056744262191	1	0	6	0
6	44	0.0	0.056233226932	1	0	10	0
6	296	0.0	0.058356081361	1	0	4	0
6	294	0.0	0.056744325524	1	0	6	0
6	100	0.0	0.058070153341	1	0	6	0
6	245	0.0	0.056232852768	1	0	12	0
6	69	0.0	0.058346392697	1	0	10	0
6	0	0.0	0.056233050773	1	0	15	0
6	264	0.0	0.056233486605	1	1	8	0
6	176	0.0	0.058070263862	1	0	10	0
6	290	0.0	0.056233411107	1	1	13	0
6	180	0.0	0.058356094034	1	0	4	0
6	123	0.0	0.056233396066	1	1	14	0
6	134	0.0	0.058070126682	1	0	12	0
6	137	0.0	0.058355701966	1	0	8	0
6	268	0.0	0.056232805793	1	0	15	0
6	76	0.0	0.058070015731	1	0	9	0
6	289	0.0	0.058031180228	1	0	6	0
6	165	0.0	0.056233503225	1	1	13	0
6	135	0.0	0.056744186909	1	0	1	0
6	230	0.0	0.058346804994	1	0	11	0
6	167	NA 	 NA 	0	0	0	0
6	12	0.0	0.058346631876	1	0	8	0
6	278	0.0	0.05835631429	1	0	5	0
6	292	0.0	0.058355752545	1	0	5	0
6	168	0.0	0.058031275095	1	0	7	0
6	203	0.0	0.058070408655	1	0	6	0
6	297	0.0	0.058593676653	1	0	5	0
6	61	0.0	0.056233108181	1	0	7	0
6	21	0.0	0.058031190384	1	0	10	0
6	216	0.0	0.056233405342	1	1	12	0
6	40	0.0	0.056233258941	1	0	8	0
6	33	0.0	0.056233076472	1	0	11	0
6	25	0.0	0.058356302306	1	0	5	0
6	121	0.0	0.05623290562	1	0	13	0
6	117	0.0	0.058931984424	1	0	4	0
6	163	0.0	0.058030819945	1	0	10	0
6	192	0.0	0.056233414837	1	1	11	0
6	200	0.0	0.058424418704	1	0	5	0
6	181	0.0	0.05623283156	1	0	11	0
6	2	0.0	0.05623337329	1	1	11	0
6	149	0.0	0.058424445488	1	0	5	0
6	72	0.0	0.056233528968	1	1	1	0
6	119	0.0	0.059183176975	1	0	4	0
6	125	0.0	0.056233080371	1	0	7	0
6	118	0.0	0.058070261009	1	0	7	0
6	87	NA 	 NA 	0	0	0	0
6	128	0.0	0.058356065033	1	0	4	0
6	160	0.0	0.05807016513	1	0	8	0
6	232	0.0	0.056233430634	1	0	4	0
6	253	0.0	0.056744505151	1	0	4	0
6	70	0.0	0.056233097728	1	0	10	0
6	23	0.0	0.05623353947	1	1	9	0
6	96	0.0	0.056232747412	1	0	16	0
6	10	0.0	0.058069777409	1	0	7	0
6	14	0.0	0.05835620867	1	0	6	0
6	103	0.0	0.056744218935	1	0	5	0
6	42	0.0	0.058070124099	1	0	6	0
6	221	0.0	0.058355882253	1	0	5	0
6	62	0.0	0.056233129621	1	0	13	0
6	102	0.0	0.058069917285	1	0	13	0
6	183	0.0	0.058070018519	1	0	9	0
6	43	0.0	0.056233445549	1	1	11	0
6	106	0.0	0.058932030495	1	0	2	0
6	237	0.0	0.056233533707	1	1	3	0
6	49	0.0	0.056232881485	1	0	11	0
6	86	0.0	0.056744206937	1	0	6	0
6	94	0.0	0.058031033428	1	0	7	0
6	258	0.0	0.058356164673	1	0	6	0
6	116	0.0	0.056233437118	1	0	6	0
6	124	0.0	0.056233129099	1	0	13	0
6	46	0.0	0.056233115642	1	0	9	0
6	184	0.0	0.058070083772	1	0	9	0
6	39	0.0	0.056233481188	1	0	4	0
6	8	0.0	0.056233099418	1	0	14	0
6	207	0.0	0.058070066234	1	0	9	0
6	274	0.0	0.056232825419	1	0	15	0
6	158	0.0	0.056232845871	1	0	15	0
6	34	0.0	0.056233426567	1	0	6	0
6	6	0.0	0.058069992476	1	0	9	0
6	197	0.0	0.056233478717	1	1	16	0
6	9	0.0	0.056744105201	1	0	1	0
6	199	0.0	0.056743885802	1	0	1	0
6	32	0.0	0.058356344419	1	0	6	0
6	54	0.0	0.056743854559	1	0	4	0
6	219	0.0	0.056743852222	1	0	2	0
6	220	0.0	0.056232775258	1	0	13	0
6	236	0.0	0.056233498967	1	1	8	0
6	239	0.0	0.058069848122	1	0	7	0
6	97	0.0	0.056233420507	1	1	7	0
6	299	0.0	0.05835608696	1	0	4	0
6	147	0.0	0.058356292803	1	0	8	0
6	185	0.0	0.058356142948	1	0	6	0
7	103	NA 	 NA 	0	0	0	0
7	107	0.0	0.058555929983	1	0	6	0
7	40	0.0	0.057278473298	1	0	7	0
7	147	0.0	0.057278572811	1	0	6	0
7	99	0.0	0.057278676771	1	0	5	0
7	11	0.0	0.056026780093	1	0	9	0
7	18	NA 	 NA 	0	0	0	0
7	126	0.0	0.05602659899	1	0	9	0
7	188	0.0	0.058058437663	1	0	6	0
7	202	0.0	0.056797511588	1	0	4	0
7	262	0.0	0.056797604232	1	0	2	0
7	270	0.0	0.056026917946	1	1	6	0
7	100	0.0	0.056026779494	1	0	6	0
7	156	0.0	0.057278214077	1	0	8	0
7	42	0.0	0.056797064355	1	0	2	0
7	248	0.0	0.05880651154	1	0	0	0
7	30	0.0	0.056026916131	1	1	8	0
7	138	0.0	0.056026734075	1	0	6	0
7	5	0.0	0.056026783645	1	0	7	0
7	255	0.0	0.056026903915	1	1	7	0
7	134	0.0	0.06006509499	1	0	3	0
7	242	0.0	0.056026431808	1	0	11	0
7	17	0.0	0.05602661798	1	0	9	0
7	13	0.0	0.057278281482	1	0	6	0
7	48	0.0	0.057476963307	1	0	3	0
7	16	0.0	0.056026510007	1	0	10	0
7	163	0.0	0.05805287138	1	0	2	0
7	253	0.0	0.058058459884	1	0	10	0
7	246	0.0	0.05602655125	1	0	9	0
7	258	0.0	0.057278751603	1	0	4	0
7	182	0.0	0.057278652852	1	0	6	0
7	29	0.0	0.056026094839	1	0	12	0
7	125	0.0	0.058555812234	1	0	6	0
7	228	0.0	0.057278394738	1	0	8	0
7	184	0.0	0.056026602309	1	0	8	0
7	196	0.0	0.056026278454	1	0	12	0
7	45	0.0	0.058058433676	1	0	7	0
7	37	0.0	0.057278605809	1	0	7	0
7	10	0.0	0.056026620915	1	0	12	0
7	229	0.0	0.056026690405	1	0	9	0
7	263	0.0	0.058058530829	1	0	9	0
7	87	0.0	0.058053389827	1	0	1	0
7	272	0.0	0.056797639249	1	0	4	0
7	44	0.0	0.058058761772	1	0	8	0
7	8	0.0	0.056026328878	1	0	11	0
7	210	0.0	0.056797575536	1	0	3	0
7	60	0.0	0.057476932381	1	0	4	0
7	67	0.0	0.056026862093	1	1	9	0
7	24	0.0	0.057278249143	1	0	7	0
7	189	0.0	0.058058483089	1	0	6	0
7	64	0.0	0.057477025341	1	0	3	0
7	35	0.0	0.05602662304	1	0	7	0
7	70	0.0	0.056026607987	1	0	12	0
7	162	0.0	0.060276559703	1	0	1	0
7	273	0.0	0.057476991901	1	0	3	0
7	292	0.0	0.056026434371	1	0	7	0
7	75	0.0	0.05868625076	1	0	4	0
7	214	0.0	0.058555837146	1	0	5	0
7	84	0.0	0.056026513106	1	0	8	0
7	294	0.0	0.057476933082	1	0	3	0
7	260	0.0	0.058053563479	1	0	1	0
7	244	0.0	0.056797799165	1	0	3	0
7	78	0.0	0.056026647537	1	0	7	0
7	259	0.0	0.057476996097	1	0	2	0
7	204	0.0	0.056026708212	1	0	10	0
7	172	0.0	0.060065234792	1	0	2	0
7	46	0.0	0.056026524456	1	0	8	0
7	231	0.0	0.05602653939	1	0	10	0
7	76	0.0	0.056026210385	1	0	12	0
7	199	0.0	0.0560268298	1	1	8	0
7	209	NA 	 NA 	0	0	0	0
7	130	0.0	0.056797246908	1	0	4	0
7	251	0.0	0.056026735018	1	0	9	0
7	0	0.0	0.056026461078	1	0	9	0
7	33	0.0	0.056026462488	1	0	8	0
7	115	0.0	0.056026267721	1	0	13	0
7	220	0.0	0.057278230305	1	0	7	0
7	193	0.0	0.056026751436	1	1	10	0
7	281	0.0	0.058555865268	1	0	6	0
7	191	0.0	0.056026709514	1	0	10	0
7	177	0.0	0.056026105959	1	0	10	0
7	85	0.0	0.056797247171	1	0	5	0
7	234	0.0	0.05727829055	1	0	7	0
7	19	0.0	0.058058457572	1	0	10	0
7	83	0.0	0.057278599523	1	0	6	0
7	206	0.0	0.056797299403	1	0	6	0
7	211	0.0	0.058058120992	1	0	10	0
7	224	0.0	0.056026434604	1	0	15	0
7	2	0.0	0.056026786039	1	1	9	0
7	82	0.0	0.056026644882	1	0	9	0
7	169	0.0	0.056026795397	1	1	9	0
7	254	0.0	0.058555623539	1	0	6	0
7	104	0.0	0.056026436054	1	0	9	0
7	95	0.0	0.058058755928	1	0	8	0
7	15	0.0	0.05602636325	1	0	9	0
7	27	0.0	0.058555926824	1	0	6	0
7	283	0.0	0.057278579788	1	0	6	0
7	187	0.0	0.056026513791	1	0	12	0
7	133	0.0	0.056797744721	1	0	3	0
7	96	0.0	0.056026726028	1	0	7	0
7	132	0.0	0.056026662923	1	0	11	0
7	3	0.0	0.056026820694	1	1	8	0
7	170	0.0	0.056026748622	1	1	11	0
7	153	0.0	0.056797534606	1	0	2	0
7	7	0.0	0.058052929543	1	0	3	0
7	38	0.0	0.057278209485	1	0	7	0
7	143	0.0	0.056026813132	1	1	9	0
7	173	0.0	0.056797261842	1	0	4	0
7	129	0.0	0.056026140822	1	0	13	0
7	207	0.0	0.05602632305	1	0	9	0
7	290	0.0	0.056026839219	1	0	7	0
7	105	0.0	0.056026771075	1	0	9	0
7	142	0.0	0.058555909666	1	0	5	0
7	233	0.0	0.057278278789	1	0	8	0
7	72	0.0	0.056026772982	1	0	7	0
7	168	0.0	0.057477045099	1	0	7	0
7	90	0.0	0.058058758751	1	0	4	0
7	117	0.0	0.056026559424	1	0	10	0
7	88	0.0	0.056026440459	1	0	11	0
7	180	0.0	0.056797505074	1	0	4	0
7	185	0.0	0.056797543115	1	0	2	0
7	151	0.0	0.056026183686	1	0	13	0
7	56	0.0	0.05602676012	1	1	10	0
7	230	0.0	0.056026611807	1	0	9	0
7	221	0.0	0.058686382151	1	0	1	1
7	155	0.0	0.057763380584	1	0	2	0
7	31	0.0	0.056026133938	1	0	14	0
7	109	0.0	0.056026878487	1	1	8	0
7	43	0.0	0.058555834369	1	0	7	0
7	159	0.0	0.058686196807	1	0	4	0
7	116	0.0	0.057477023011	1	0	3	0
7	92	0.0	0.056026755948	1	0	9	0
7	81	0.0	0.056797813997	1	0	8	0
7	252	0.0	0.056026443274	1	0	10	0
7	249	0.0	0.056026716583	1	0	11	0
7	160	0.0	0.058686145311	1	0	4	0
7	80	0.0	0.056026622838	1	0	10	0
7	102	0.0	0.056026508066	1	0	8	0
7	291	0.0	0.056026098784	1	0	14	0
7	23	0.0	0.05602646067	1	0	9	0
7	225	0.0	0.058053456027	1	0	3	0
7	266	0.0	0.056026409332	1	0	11	0
7	86	0.0	0.058686161521	1	0	4	0
7	208	0.0	0.056797432866	1	0	2	0
7	124	0.0	0.056797786765	1	0	3	0
7	59	0.0	0.058058416082	1	0	6	0
7	175	0.0	0.056026900975	1	1	4	0
7	28	0.0	0.057278787075	1	0	3	0
7	280	0.0	0.057477130367	1	0	3	0
7	286	0.0	0.056026323938	1	0	15	0
7	217	0.0	0.060276366798	1	0	2	0
7	69	0.0	0.056026127778	1	0	14	0
7	297	0.0	0.05679704009	1	0	2	0
7	58	0.0	0.056797701189	1	0	3	0
7	141	0.0	0.058555815783	1	0	6	0
7	289	0.0	0.060276251184	1	0	2	0
7	195	0.0	0.057477072166	1	0	5	0
7	41	0.0	0.05679725425	1	0	5	0
7	237	0.0	0.058058102372	1	0	10	0
7	52	0.0	0.058058624714	1	0	5	0
7	144	0.0	0.056026109183	1	0	11	0
7	145	0.0	0.056026404121	1	0	11	0
7	118	0.0	0.056026096411	1	0	18	0
7	114	0.0	0.056026449404	1	0	11	0
7	239	0.0	0.05602675903	1	0	10	0
7	240	0.0	0.056026423356	1	0	12	0
7	20	0.0	0.056026912286	1	1	10	0
7	68	0.0	0.056026642172	1	0	9	0
7	127	0.0	0.056797435423	1	0	4	0
7	108	0.0	0.056026876165	1	1	7	0
7	97	0.0	0.057477168528	1	0	3	0
7	174	0.0	0.05679722117	1	0	5	0
7	295	0.0	0.056026861101	1	1	5	0
7	66	0.0	0.056026786061	1	0	6	0
7	139	0.0	0.056026762006	1	0	7	0
7	47	0.0	0.056026437076	1	0	10	0
7	236	0.0	0.056026298438	1	0	11	0
7	250	0.0	0.056026391796	1	0	14	0
7	150	0.0	0.057476942975	1	0	4	0
7	26	0.0	0.057278546834	1	0	6	0
7	34	0.0	0.056026769331	1	0	6	0
7	49	0.0	0.059654723562	1	0	0	0
7	200	0.0	0.058686118037	1	0	5	0
7	65	0.0	0.05602644654	1	0	7	0
7	161	0.0	0.056026434049	1	0	13	0
7	9	0.0	0.056797736901	1	0	3	0
7	265	0.0	0.056797269847	1	0	3	1
7	73	0.0	0.05805829311	1	0	10	0
7	164	0.0	0.056026765547	1	0	6	0
7	71	0.0	0.056026730236	1	0	8	0
7	110	0.0	0.056026429959	1	0	11	0
7	178	0.0	0.056026125779	1	0	13	0
7	54	0.0	0.057278224428	1	0	7	0
7	205	0.0	0.056026457975	1	0	7	0
7	219	0.0	0.056797525767	1	0	4	0
7	247	0.0	0.056026793021	1	0	9	0
7	32	0.0	0.058686133679	1	0	4	0
7	190	0.0	0.056026472243	1	0	8	0
7	1	0.0	0.058058408105	1	0	8	0
7	299	0.0	0.057278209824	1	0	7	0
7	63	0.0	0.056797689699	1	0	3	0
7	268	0.0	0.056797154016	1	0	3	0
7	298	0.0	0.057278238595	1	0	7	0
7	238	0.0	0.057278212086	1	0	7	0
7	25	0.0	0.058686147392	1	0	4	0
7	128	0.0	0.058058598641	1	0	5	0
7	267	0.0	0.056797200983	1	0	5	0
7	186	0.0	0.058053645785	1	0	2	0
7	94	0.0	0.056026320472	1	0	8	0
7	181	0.0	0.056026816346	1	1	10	0
7	279	0.0	0.05602688633	1	1	5	0
7	146	0.0	0.058058355057	1	0	7	0
7	269	0.0	0.057477110291	1	0	3	0
7	261	0.0	0.056026117164	1	0	13	0
7	192	0.0	0.056797765498	1	0	3	0
7	235	0.0	0.056026771907	1	1	10	0
7	55	0.0	0.056797420826	1	0	7	0
7	6	0.0	0.056026451283	1	0	7	0
7	53	0.0	0.056026417621	1	0	11	0
7	112	0.0	0.056797203341	1	0	4	0
7	152	0.0	0.056026428348	1	0	15	0
7	179	0.0	0.056026791401	1	0	6	0
7	123	0.0	0.057278261405	1	0	8	0
7	232	0.0	0.05679755372	1	0	6	0
7	226	0.0	0.058555658368	1	0	6	0
7	215	0.0	0.056026443336	1	0	9	0
7	264	0.0	0.056026633417	1	0	10	0
7	77	0.0	0.05727822956	1	0	7	0
7	197	0.0	0.05805815118	1	0	9	0
7	277	0.0	0.056026745879	1	0	9	0
7	213	0.0	0.056026215341	1	0	11	0
7	296	0.0	0.056796994799	1	0	4	0
7	176	0.0	0.057763215666	1	0	4	0
7	93	0.0	0.060276347105	1	0	2	0
7	275	0.0	0.056026697542	1	0	9	0
7	36	0.0	0.057278456807	1	0	7	0
7	12	0.0	0.05805832005	1	0	7	0
7	274	0.0	0.056026742365	1	0	9	8
7	57	0.0	0.056026529257	1	0	12	0
7	183	0.0	0.056026192429	1	0	11	0
7	131	0.0	0.058058543885	1	0	9	0
7	149	0.0	0.056026766782	1	0	9	1
7	50	0.0	0.058058094579	1	0	10	0
7	243	0.0	0.056797674078	1	0	3	0
7	111	0.0	0.056026889162	1	1	9	0
7	98	0.0	0.056026796558	1	0	9	0
7	167	0.0	0.05679729629	1	0	5	0
7	285	0.0	0.056026876179	1	1	8	0
7	106	0.0	0.056797094314	1	0	3	0
7	276	0.0	0.057278465308	1	0	6	0
7	120	0.0	0.056026493307	1	0	10	0
7	61	0.0	0.056026897182	1	1	7	0
7	136	0.0	0.058686032592	1	0	5	0
7	198	0.0	0.057477049695	1	0	5	0
7	218	0.0	0.057278216331	1	0	7	0
7	135	0.0	0.056026171431	1	0	11	0
7	278	0.0	0.056026423256	1	0	14	0
7	62	0.0	0.056797406897	1	0	3	0
7	257	0.0	0.058555367391	1	0	8	0
7	39	0.0	0.058058727769	1	0	8	0
7	89	0.0	0.056797628215	1	0	2	0
7	91	0.0	0.056797388211	1	0	3	0
7	122	0.0	0.056026756593	1	0	12	0
7	293	0.0	0.056026830344	1	0	6	0
7	158	0.0	0.056026779824	1	0	9	0
7	119	0.0	0.058058158953	1	0	8	0
7	287	0.0	0.05602664249	1	0	9	0
7	284	0.0	0.057278222103	1	0	7	0
7	171	0.0	0.058058625572	1	0	8	0
7	288	0.0	0.060276402138	1	0	2	0
7	165	0.0	0.0560265386	1	0	12	0
7	203	0.0	0.056026792735	1	0	9	0
7	148	0.0	0.056797618839	1	0	5	0
7	140	0.0	0.056026664699	1	0	9	0
7	101	0.0	0.058058511926	1	0	9	0
7	14	0.0	0.057278212326	1	0	7	0
7	201	0.0	0.056026804676	1	1	9	0
7	216	0.0	0.056026556206	1	0	10	0
7	212	0.0	0.058058503745	1	0	10	0
7	21	0.0	0.05679739448	1	0	2	0
7	241	0.0	0.058058652077	1	0	4	0
7	137	0.0	0.056797489456	1	0	3	0
7	227	0.0	0.0567975664	1	0	3	0
7	166	0.0	0.056026400098	1	0	8	0
7	79	0.0	0.056026737735	1	1	11	0
7	154	0.0	0.05602676045	1	0	9	0
7	271	0.0	0.057278397155	1	0	6	0
7	157	0.0	0.056797593272	1	0	3	0
7	51	0.0	0.056026826094	1	1	11	0
7	74	0.0	0.058555919768	1	0	6	0
7	22	0.0	0.058058440299	1	0	8	0
7	282	0.0	0.056797660568	1	0	4	0
7	223	0.0	0.056797568254	1	0	3	1
7	222	0.0	0.056797670226	1	0	3	8
7	245	0.0	0.056797379643	1	0	3	0
7	256	0.0	0.05727803074	1	0	8	0
7	113	0.0	0.058058450041	1	0	8	0
7	194	0.0	0.057278436511	1	0	7	0
7	4	0.0	0.058058298932	1	0	8	0
7	121	0.0	0.057278416613	1	0	7	0
8	50	NA 	 NA 	0	0	0	0
8	4	NA 	 NA 	0	0	0	0
8	217	NA 	 NA 	0	0	0	0
8	15	NA 	 NA 	0	0	0	0
8	274	NA 	 NA 	0	0	0	0
8	147	NA 	 NA 	0	0	0	0
8	86	NA 	 NA 	0	0	0	0
8	90	NA 	 NA 	0	0	0	0
8	110	NA 	 NA 	0	0	0	0
8	198	NA 	 NA 	0	0	0	0
8	129	NA 	 NA 	0	0	0	0
8	126	0.0	0.0561348242	1	1	9	0
8	85	0.0	0.056134391171	1	0	10	0
8	40	0.0	0.056134695222	1	1	9	0
8	213	0.0	0.056736750752	1	0	6	0
8	67	0.0	0.058779035262	1	0	0	0
8	236	0.0	0.056134001037	1	0	16	0
8	1	0.0	0.056788190699	1	0	3	0
8	117	0.0	0.058433684336	1	0	1	0
8	163	0.0	0.056134015536	1	0	13	0
8	10	0.0	0.05713345723	1	0	4	0
8	76	0.0	0.057022720437	1	0	5	0
8	102	0.0	0.056134301232	1	0	8	0
8	272	0.0	0.056788236444	1	0	3	0
8	134	0.0	0.058075078702	1	0	7	0
8	162	0.0	0.056134337565	1	0	9	2
8	125	0.0	0.056134350379	1	0	8	0
8	165	0.0	0.05613443734	1	0	11	0
8	81	0.0	0.06089179947	1	0	0	0
8	179	0.0	0.058221904818	1	0	6	0
8	100	0.0	0.057133125123	1	0	1	0
8	41	0.0	0.056134552489	1	0	12	0
8	35	0.0	0.056134352443	1	0	14	0
8	263	0.0	0.057133139508	1	0	4	0
8	71	0.0	0.056960801238	1	0	5	0
8	9	0.0	0.058221863606	1	0	7	0
8	176	0.0	0.056134752708	1	1	10	0
8	109	0.0	0.056133987049	1	0	16	0
8	128	0.0	0.058075216116	1	0	9	0
8	290	0.0	0.058342473388	1	0	3	0
8	37	0.0	0.057022145645	1	0	3	0
8	173	0.0	0.058075480091	1	0	4	0
8	224	0.0	0.05678851862	1	0	4	0
8	252	0.0	0.058075694657	1	0	8	0
8	182	0.0	0.057133130198	1	0	5	0
8	171	0.0	0.056134818727	1	1	8	0
8	258	0.0	0.058433399465	1	0	1	0
8	188	0.0	0.056134663723	1	0	10	0
8	25	0.0	0.056736218492	1	0	5	0
8	294	0.0	0.056134822781	1	1	6	0
8	218	0.0	0.056134662555	1	0	9	0
8	279	0.0	0.057133092393	1	0	1	0
8	6	0.0	0.058342502652	1	0	2	0
8	196	0.0	0.058075532194	1	0	7	0
8	83	0.0	0.056736137804	1	0	7	0
8	56	0.0	0.056134570076	1	0	9	0
8	44	0.0	0.058222025563	1	0	5	0
8	243	0.0	0.056736544675	1	0	5	0
8	98	0.0	0.056788475554	1	0	4	0
8	276	0.0	0.056134480338	1	0	13	0
8	137	0.0	0.056134257745	1	0	13	0
8	249	0.0	0.057133466904	1	0	5	0
8	211	0.0	0.056134747499	1	0	4	0
8	194	0.0	0.058075495597	1	0	5	0
8	124	0.0	0.056134671127	1	1	10	0
8	287	0.0	0.058075483811	1	0	7	0
8	209	0.0	0.057022402471	1	0	4	0
8	26	0.0	0.058075045497	1	0	8	0
8	18	0.0	0.05678819922	1	0	4	0
8	265	0.0	0.056134307591	1	0	7	0
8	167	0.0	0.056134803321	1	1	2	0
8	242	0.0	0.056134780791	1	1	5	0
8	97	0.0	0.056788481169	1	0	3	0
8	180	0.0	0.056788176039	1	0	3	0
8	271	0.0	0.056736470078	1	0	6	0
8	122	0.0	0.056134053356	1	0	15	0
8	205	0.0	0.05673653113	1	0	5	0
8	283	0.0	0.057133442852	1	0	1	0
8	262	0.0	0.057022449244	1	0	2	0
8	260	0.0	0.058075082321	1	0	8	0
8	57	0.0	0.057022549056	1	0	5	0
8	52	0.0	0.057132863651	1	0	5	0
8	286	0.0	0.05613445612	1	0	11	0
8	78	0.0	0.057022707215	1	0	5	0
8	112	0.0	0.056134236872	1	0	9	0
8	118	0.0	0.056134530644	1	0	9	0
8	131	0.0	0.057152500376	1	0	1	0
8	183	0.0	0.058433592832	1	0	0	0
8	214	0.0	0.056134431739	1	0	14	0
8	61	0.0	0.056134795739	1	1	8	0
8	79	0.0	0.056134554792	1	0	9	0
8	12	0.0	0.056736478041	1	0	5	0
8	189	0.0	0.056134673946	1	0	9	0
8	49	0.0	0.056134800219	1	1	8	0
8	68	0.0	0.05673616448	1	0	5	0
8	282	0.0	0.056134401549	1	0	9	0
8	259	0.0	0.057022741124	1	0	4	0
8	195	0.0	0.056134647453	1	0	8	0
8	95	0.0	0.057022444957	1	0	5	0
8	291	0.0	0.056134733977	1	0	9	0
8	77	0.0	0.05613400565	1	0	14	0
8	8	0.0	0.056134403362	1	0	10	0
8	87	0.0	0.05673604035	1	0	6	0
8	30	0.0	0.056134338043	1	0	10	0
8	174	0.0	0.056134365589	1	0	10	0
8	256	0.0	0.058433482521	1	0	1	0
8	33	0.0	0.056134745536	1	0	4	0
8	91	0.0	0.056134516554	1	0	4	0
8	181	0.0	0.056134065428	1	0	12	0
8	285	0.0	0.057133427399	1	0	3	0
8	75	0.0	0.05993993476	1	0	0	0
8	121	0.0	0.056736747753	1	0	6	0
8	264	0.0	0.056134820604	1	1	4	0
8	210	0.0	0.057152526734	1	0	1	0
8	278	0.0	0.056788483871	1	0	2	0
8	212	0.0	0.057133374615	1	0	2	0
8	103	0.0	0.056788518009	1	0	4	0
8	119	0.0	0.057152519024	1	0	1	0
8	146	0.0	0.056134348104	1	0	6	0
8	149	0.0	0.057133133976	1	0	3	0
8	42	0.0	0.058342515505	1	0	4	0
8	54	0.0	0.058342686195	1	0	3	0
8	150	0.0	0.056788797625	1	0	6	0
8	130	0.0	0.056788494059	1	0	4	0
8	203	0.0	0.056736136792	1	0	6	0
8	273	0.0	0.056134686244	1	0	9	0
8	202	0.0	0.056134819022	1	1	5	0
8	153	0.0	0.056134813231	1	1	2	0
8	255	0.0	0.058221704053	1	0	5	0
8	166	0.0	0.056736630122	1	0	8	0
8	94	0.0	0.056788426361	1	0	4	0
8	248	0.0	0.056134065192	1	0	15	0
8	11	0.0	0.056134651902	1	0	8	0
8	190	0.0	0.056134705495	1	0	5	0
8	232	0.0	0.056736532959	1	0	4	0
8	65	0.0	0.056736130871	1	0	6	0
8	241	0.0	0.058222038413	1	0	4	0
8	120	0.0	0.056134391691	1	0	7	0
8	13	0.0	0.056134200881	1	0	7	0
8	136	0.0	0.056134532339	1	0	5	0
8	192	0.0	0.057133302566	1	0	2	0
8	280	0.0	0.056134795915	1	1	3	0
8	297	0.0	0.058779026438	1	0	0	0
8	47	0.0	0.056134783847	1	1	3	0
8	193	0.0	0.056788447726	1	0	5	0
8	168	0.0	0.058778864566	1	0	1	0
8	60	0.0	0.056134349952	1	0	10	0
8	101	0.0	0.058342619447	1	0	2	0
8	88	0.0	0.056134481835	1	0	11	0
8	185	0.0	0.056134729057	1	1	10	0
8	59	0.0	0.056134765528	1	1	11	0
8	267	0.0	0.056134366786	1	0	4	0
8	296	0.0	0.056787855308	1	0	3	0
8	28	0.0	0.056134708845	1	0	8	0
8	250	0.0	0.056788453834	1	0	4	0
8	92	0.0	0.057133143486	1	0	3	0
8	275	0.0	0.056134386493	1	0	8	0
8	253	0.0	0.057133059939	1	0	6	0
8	106	0.0	0.056134058042	1	0	13	0
8	142	0.0	0.056134454438	1	0	8	0
8	201	0.0	0.056788593474	1	0	5	0
8	96	0.0	0.056788538236	1	0	4	0
8	64	0.0	0.056134432085	1	0	12	0
8	104	0.0	0.056787983309	1	0	3	0
8	53	0.0	0.056134421873	1	0	10	0
8	63	0.0	0.056134615815	1	0	9	0
8	261	0.0	0.056736133386	1	0	6	0
8	31	0.0	0.056134593989	1	0	4	2
8	268	0.0	0.056134106004	1	0	15	0
8	238	0.0	0.05613437324	1	0	7	3
8	141	0.0	0.056736475867	1	0	2	0
8	22	0.0	0.056134829925	1	1	7	0
8	14	0.0	0.056788463032	1	0	3	0
8	72	0.0	0.056134024358	1	0	10	0
8	34	0.0	0.056134682831	1	0	5	0
8	160	0.0	0.056134743028	1	0	9	0
8	17	0.0	0.057133178856	1	0	1	0
8	208	0.0	0.056736679372	1	0	8	0
8	156	0.0	0.056736713269	1	0	4	0
8	3	0.0	0.056134498803	1	0	9	0
8	204	0.0	0.05613476346	1	0	6	0
8	251	0.0	0.056736522464	1	0	7	0
8	215	0.0	0.058433495089	1	0	1	0
8	159	0.0	0.056134677515	1	0	7	0
8	207	0.0	0.056134737748	1	0	6	0
8	114	0.0	0.057022507032	1	0	3	0
8	99	0.0	0.056960822358	1	0	3	0
8	266	0.0	0.056134364783	1	0	13	0
8	292	0.0	0.058221762573	1	0	7	0
8	221	0.0	0.056736310584	1	0	6	0
8	23	0.0	0.056134336862	1	0	8	0
8	155	0.0	0.056736537122	1	0	5	0
8	115	0.0	0.056134780484	1	1	5	0
8	113	0.0	0.056134797982	1	1	5	0
8	237	0.0	0.058221705395	1	0	7	0
8	186	0.0	0.058433453217	1	0	1	0
8	225	0.0	0.05613412701	1	0	12	0
8	89	0.0	0.056134606315	1	0	9	0
8	223	0.0	0.056736469327	1	0	4	0
8	123	0.0	0.058221811624	1	0	7	0
8	45	0.0	0.056134555672	1	0	4	0
8	254	0.0	0.056736141959	1	0	6	0
8	135	0.0	0.056134084861	1	0	15	0
8	295	0.0	0.056134677424	1	0	8	0
8	197	0.0	0.056736363537	1	0	4	0
8	230	0.0	0.056788521025	1	0	2	0
8	21	0.0	0.056736480777	1	0	6	0
8	228	0.0	0.056134320325	1	0	12	0
8	16	0.0	0.056134603411	1	0	9	0
8	36	0.0	0.056134578252	1	0	10	0
8	58	0.0	0.056134104834	1	0	15	0
8	222	0.0	0.057132875916	1	0	2	0
8	240	0.0	0.057152491689	1	0	1	0
8	199	0.0	0.056788495491	1	0	2	0
8	39	0.0	0.056788180729	1	0	4	0
8	288	0.0	0.0561342306	1	0	11	0
8	169	0.0	0.057022729491	1	0	7	0
8	154	0.0	0.056134631824	1	0	4	0
8	289	0.0	0.057152488047	1	0	1	0
8	172	0.0	0.056788130146	1	0	3	0
8	140	0.0	0.0561343134	1	0	9	0
8	143	0.0	0.056134573417	1	0	4	0
8	170	0.0	0.056736392442	1	0	5	0
8	175	0.0	0.056134791527	1	1	10	0
8	55	0.0	0.057133421148	1	0	5	0
8	227	0.0	0.056134689293	1	0	5	0
8	152	0.0	0.056134691002	1	1	10	0
8	84	0.0	0.05613427844	1	0	12	0
8	161	0.0	0.056134671395	1	0	8	0
8	234	0.0	0.058075456232	1	0	7	0
8	107	0.0	0.056134520425	1	0	8	0
8	226	0.0	0.056134653512	1	0	9	0
8	29	0.0	0.056134494936	1	0	14	0
8	151	0.0	0.056736399098	1	0	5	0
8	158	0.0	0.056736386573	1	0	6	0
8	145	0.0	0.056134126034	1	0	11	0
8	187	0.0	0.057022737694	1	0	4	0
8	157	0.0	0.058433511168	1	0	1	0
8	2	0.0	0.056788142002	1	0	3	0
8	229	0.0	0.056788555771	1	0	4	0
8	206	0.0	0.057133251283	1	0	4	0
8	200	0.0	0.05713317593	1	0	8	0
8	138	0.0	0.056736195559	1	0	7	0
8	298	0.0	0.056736121258	1	0	6	0
8	257	0.0	0.057022427531	1	0	3	0
8	293	0.0	0.056134732885	1	0	8	0
8	132	0.0	0.058075232489	1	0	6	0
8	105	0.0	0.056134403458	1	0	8	0
8	93	0.0	0.056134090746	1	0	12	0
8	144	0.0	0.056134160279	1	0	13	0
8	38	0.0	0.059940158202	1	0	0	0
8	66	0.0	0.056134774357	1	1	7	0
8	0	0.0	0.056735915947	1	0	6	0
8	127	0.0	0.058433527307	1	0	1	0
8	70	0.0	0.057133035686	1	0	1	0
8	62	0.0	0.058221703115	1	0	6	0
8	27	0.0	0.05613468658	1	0	8	0
8	219	0.0	0.057133219483	1	0	3	0
8	7	0.0	0.056788488942	1	0	4	0
8	139	0.0	0.056736451064	1	0	2	0
8	43	0.0	0.056736727554	1	0	7	0
8	270	0.0	0.056134357332	1	0	6	0
8	220	0.0	0.056788145231	1	0	3	0
8	74	0.0	0.056788607271	1	0	4	0
8	111	0.0	0.056736398647	1	0	4	0
8	245	0.0	0.056134803022	1	1	4	0
8	244	0.0	0.056736104135	1	0	5	0
8	5	0.0	0.056134418775	1	0	6	0
8	73	0.0	0.056736301768	1	0	4	0
8	116	0.0	0.056788166831	1	0	4	0
8	239	0.0	0.056788568983	1	0	4	0
8	246	0.0	0.056960262523	1	0	2	0
8	148	0.0	0.056736475812	1	0	6	0
8	284	0.0	0.057132906381	1	0	2	0
8	269	0.0	0.056788721587	1	0	4	0
8	80	0.0	0.058433412541	1	0	1	3
8	82	0.0	0.056788162006	1	0	4	0
8	277	0.0	0.058342513422	1	0	2	0
8	178	0.0	0.056736171545	1	0	5	0
8	164	0.0	0.056134759253	1	0	6	0
8	69	0.0	0.056134727336	1	0	12	0
8	19	0.0	0.056134586624	1	0	7	0
8	184	0.0	0.058342518024	1	0	2	0
8	216	0.0	0.05713332946	1	0	9	0
8	108	0.0	0.05678814019	1	0	4	0
8	133	0.0	0.057022648909	1	0	5	0
8	32	0.0	0.05673613898	1	0	5	0
8	46	0.0	0.05822134796	1	0	7	0
8	48	0.0	0.056134497319	1	0	8	0
8	51	0.0	0.05673634282	1	0	6	0
8	235	0.0	0.056736576491	1	0	6	0
8	233	0.0	0.058221372991	1	0	7	0
8	281	0.0	0.056134802662	1	1	5	0
8	231	0.0	0.056134011631	1	0	15	0
8	20	0.0	0.056134457215	1	0	11	0
8	177	0.0	0.057133186628	1	0	3	0
8	191	0.0	0.058433516364	1	0	2	0
8	247	0.0	0.05702275548	1	0	4	0
8	24	0.0	0.056788514216	1	0	4	0
8	299	0.0	0.05843347822	1	0	1	0
9	4	NA 	 NA 	0	0	0	0
9	50	NA 	 NA 	0	0	0	0
9	15	NA 	 NA 	0	0	0	0
9	217	NA 	 NA 	0	0	0	0
9	274	NA 	 NA 	0	0	0	0
9	147	NA 	 NA 	0	0	0	0
9	90	NA 	 NA 	0	0	0	0
9	86	NA 	 NA 	0	0	0	0
9	110	NA 	 NA 	0	0	0	0
9	129	NA 	 NA 	0	0	0	0
9	198	0.0	0.056036647742	1	1	12	0
9	126	0.0	0.057742753186	1	0	12	0
9	40	0.0	0.056036524157	1	1	13	0
9	85	0.0	0.056036206404	1	0	16	0
9	213	0.0	0.057638995027	1	0	12	0
9	67	0.0	0.059784261462	1	0	2	0
9	236	0.0	0.05603580995	1	0	18	0
9	163	0.0	0.056035840567	1	0	19	0
9	1	0.0	0.057847396411	1	0	11	0
9	10	0.0	0.058416833603	1	0	6	0
9	117	0.0	0.059784163999	1	0	3	0
9	179	0.0	0.057863988408	1	0	8	0
9	272	0.0	0.058139677946	1	0	11	0
9	81	0.0	0.058823667019	1	0	0	0
9	134	0.0	0.057742834788	1	0	7	0
9	100	0.0	0.057847315781	1	0	6	0
9	125	0.0	0.056036174756	1	0	18	0
9	205	0.0	0.058020039552	1	0	9	0
9	76	0.0	0.05763944202	1	0	8	0
9	165	0.0	0.056036190274	1	0	15	0
9	35	0.0	0.056036179833	1	0	17	0
9	41	0.0	0.056036363283	1	0	18	0
9	176	0.0	0.056036603596	1	1	12	0
9	290	0.0	0.057864150809	1	0	5	0
9	188	0.0	0.05603648787	1	0	13	0
9	252	0.0	0.057743328749	1	0	10	0
9	263	0.0	0.057847271832	1	0	6	0
9	218	0.0	0.056036494436	1	1	13	0
9	37	0.0	0.058345046398	1	0	13	0
9	224	0.0	0.057847260069	1	0	10	0
9	71	0.0	0.057846914052	1	0	12	0
9	9	0.0	0.057743460836	1	0	8	0
9	195	0.0	0.056036468585	1	0	15	0
9	56	0.0	0.056036382567	1	0	12	0
9	128	0.0	0.057742884495	1	0	9	0
9	79	0.0	0.056036458668	1	0	17	0
9	182	0.0	0.057743392344	1	0	9	0
9	258	0.0	0.057847127643	1	0	7	0
9	173	0.0	0.057743431658	1	0	7	0
9	243	0.0	0.057639327515	1	0	9	0
9	44	0.0	0.057864090177	1	0	7	0
9	171	0.0	0.056036644262	1	1	9	0
9	249	0.0	0.057743469359	1	0	7	0
9	6	0.0	0.057639557465	1	0	5	0
9	83	0.0	0.057639495425	1	0	14	0
9	196	0.0	0.057743253762	1	0	7	0
9	294	0.0	0.056036649054	1	1	12	0
9	279	0.0	0.057847252065	1	0	6	0
9	273	0.0	0.056036526809	1	1	15	0
9	18	0.0	0.057847485217	1	0	11	0
9	102	0.0	0.056036173022	1	0	11	0
9	211	0.0	0.056036626501	1	1	11	0
9	194	0.0	0.057743136201	1	0	7	0
9	189	0.0	0.056036494966	1	0	13	0
9	260	0.0	0.058494974267	1	0	10	0
9	25	0.0	0.057639394861	1	0	13	0
9	288	0.0	0.057743212975	1	0	8	0
9	26	0.0	0.057742930469	1	0	11	0
9	124	0.0	0.056036496702	1	1	13	0
9	282	0.0	0.056036246444	1	0	16	0
9	98	0.0	0.058019794909	1	0	9	0
9	271	0.0	0.058345205118	1	0	11	0
9	122	0.0	0.0560358789	1	0	18	0
9	180	0.0	0.057847480196	1	0	11	0
9	23	0.0	0.056036312489	1	0	14	0
9	97	0.0	0.057847383735	1	0	8	0
9	209	0.0	0.057639302812	1	0	9	0
9	131	0.0	0.058345209218	1	0	8	0
9	57	0.0	0.057639187558	1	0	10	0
9	283	0.0	0.05841691309	1	0	3	0
9	291	0.0	0.056036526415	1	1	14	0
9	183	0.0	0.057847107038	1	0	6	0
9	242	0.0	0.056036585807	1	1	16	0
9	78	0.0	0.058344622499	1	0	9	0
9	112	0.0	0.056036064957	1	0	15	0
9	214	0.0	0.056036247351	1	0	19	0
9	8	0.0	0.056036233206	1	0	13	0
9	12	0.0	0.058020097333	1	0	7	0
9	118	0.0	0.05603635262	1	0	11	0
9	52	0.0	0.056036656803	1	1	12	0
9	61	0.0	0.056036617295	1	1	13	0
9	137	0.0	0.056036149483	1	0	20	0
9	49	0.0	0.056036625873	1	1	11	0
9	278	0.0	0.058019804419	1	0	9	0
9	77	0.0	0.05603582995	1	0	21	0
9	103	0.0	0.058019801661	1	0	9	0
9	87	0.0	0.058344815592	1	0	15	0
9	30	0.0	0.056036164345	1	0	16	0
9	140	0.0	0.056036239319	1	0	14	0
9	162	0.0	0.056036182316	1	0	14	0
9	75	0.0	0.057847497177	1	0	8	0
9	68	0.0	0.057639350799	1	0	13	0
9	262	0.0	0.057639398579	1	0	11	0
9	264	0.0	0.056036608025	1	1	13	0
9	130	0.0	0.058019846309	1	0	10	0
9	207	0.0	0.056036563497	1	1	16	0
9	265	0.0	0.056035903515	1	0	18	0
9	210	0.0	0.058345123638	1	0	10	0
9	64	0.0	0.056036257359	1	0	14	0
9	212	0.0	0.058416826324	1	0	4	0
9	119	0.0	0.058345205351	1	0	8	0
9	256	0.0	0.058416912823	1	0	4	0
9	208	0.0	0.057638964485	1	0	11	0
9	54	0.0	0.05786438455	1	0	4	0
9	190	0.0	0.056036525275	1	1	16	0
9	121	0.0	0.057638900319	1	0	14	0
9	181	0.0	0.056035836283	1	0	16	0
9	149	0.0	0.057847245616	1	0	7	0
9	286	0.0	0.058416813077	1	0	5	0
9	255	0.0	0.057743337563	1	0	9	0
9	202	0.0	0.057846679077	1	0	12	0
9	96	0.0	0.058019881134	1	0	11	0
9	276	0.0	0.056036305429	1	0	18	0
9	155	0.0	0.057639351259	1	0	8	0
9	60	0.0	0.056036176768	1	0	19	0
9	232	0.0	0.058345154492	1	0	10	0
9	11	0.0	0.056036518049	1	1	13	0
9	166	0.0	0.057638916549	1	0	14	0
9	150	0.0	0.057846920024	1	0	12	0
9	248	0.0	0.056035889846	1	0	18	0
9	153	0.0	0.056036587068	1	1	12	0
9	296	0.0	0.057847129944	1	0	13	0
9	250	0.0	0.058019801758	1	0	10	0
9	72	0.0	0.056035848992	1	0	18	0
9	95	0.0	0.058322272879	1	0	9	0
9	297	0.0	0.059784249305	1	0	2	0
9	174	0.0	0.056036209234	1	0	13	0
9	185	0.0	0.05603653687	1	1	13	0
9	42	0.0	0.057864277217	1	0	5	1
9	94	0.0	0.058019649468	1	0	10	0
9	192	0.0	0.057847457235	1	0	5	0
9	136	0.0	0.056036376357	1	0	17	0
9	13	0.0	0.056036074478	1	0	12	0
9	28	0.0	0.056036546373	1	1	13	0
9	215	0.0	0.058416910781	1	0	4	0
9	101	0.0	0.057864291434	1	0	4	0
9	120	0.0	0.056036063757	1	0	17	0
9	168	0.0	0.057846938632	1	0	11	0
9	267	0.0	0.056036184078	1	0	14	0
9	59	0.0	0.05603659173	1	1	14	0
9	106	0.0	0.056035904084	1	0	21	0
9	146	0.0	0.05603617364	1	0	12	0
9	92	0.0	0.057847275016	1	0	5	0
9	142	0.0	0.056036273309	1	0	10	0
9	275	0.0	0.056036208869	1	0	12	0
9	241	0.0	0.057864050946	1	0	6	0
9	201	0.0	0.057846859278	1	0	11	0
9	225	0.0	0.056036012737	1	0	16	0
9	141	0.0	0.058344996786	1	0	10	0
9	253	0.0	0.057743334567	1	0	10	0
9	284	0.0	0.056036621459	1	1	15	0
9	31	0.0	0.056036382683	1	0	13	0
9	104	0.0	0.057847158344	1	0	14	1
9	2	0.0	0.056036295255	1	0	14	0
9	63	0.0	0.056036418268	1	0	14	0
9	53	0.0	0.056036241277	1	0	13	0
9	115	0.0	0.056036606028	1	1	15	0
9	268	0.0	0.056035906381	1	0	19	0
9	197	0.0	0.058344706971	1	0	11	0
9	113	0.0	0.056036621647	1	1	13	0
9	21	0.0	0.057639409148	1	0	10	0
9	238	0.0	0.056036184856	1	0	15	0
9	17	0.0	0.057847342933	1	0	4	0
9	3	0.0	0.056036329735	1	0	16	0
9	251	0.0	0.057638919436	1	0	14	0
9	287	0.0	0.056036583419	1	1	16	0
9	109	0.0	0.056035860556	1	0	18	0
9	14	0.0	0.058019783583	1	0	10	0
9	33	0.0	0.056036593206	1	1	13	0
9	203	0.0	0.057638944227	1	0	15	0
9	223	0.0	0.057639146374	1	0	9	0
9	138	0.0	0.05763956184	1	0	11	0
9	22	0.0	0.056036657247	1	1	9	0
9	47	0.0	0.056036609391	1	1	15	0
9	99	0.0	0.05814018153	1	0	8	0
9	114	0.0	0.057639331167	1	0	7	0
9	167	0.0	0.056036350859	1	0	14	0
9	259	0.0	0.0583446652	1	0	10	0
9	16	0.0	0.056036394755	1	0	16	0
9	193	0.0	0.057846842595	1	0	12	0
9	221	0.0	0.057639340136	1	0	12	0
9	156	0.0	0.05834508792	1	0	12	0
9	266	0.0	0.056036190327	1	0	17	0
9	237	0.0	0.057743333722	1	0	9	0
9	36	0.0	0.056036346179	1	0	17	0
9	292	0.0	0.057743084635	1	0	11	0
9	145	0.0	0.056035939711	1	0	15	0
9	164	0.0	0.056036584797	1	1	15	0
9	29	0.0	0.056036289389	1	0	15	0
9	38	0.0	0.057847311359	1	0	11	0
9	170	0.0	0.058345042377	1	0	11	0
9	222	0.0	0.057847028426	1	0	9	0
9	186	0.0	0.058416871285	1	0	6	0
9	65	0.0	0.05763899427	1	0	15	0
9	151	0.0	0.057639517884	1	0	12	0
9	298	0.0	0.058344856996	1	0	14	0
9	123	0.0	0.057743455635	1	0	8	0
9	187	0.0	0.058344656668	1	0	9	0
9	240	0.0	0.058866469924	1	0	7	0
9	55	0.0	0.057743368727	1	0	8	0
9	230	0.0	0.058019843186	1	0	9	0
9	89	0.0	0.056036442112	1	0	15	0
9	227	0.0	0.056036516305	1	1	16	0
9	261	0.0	0.057638969249	1	0	15	0
9	34	0.0	0.056036556722	1	1	16	0
9	169	0.0	0.057639300717	1	0	9	0
9	88	0.0	0.056036199721	1	0	14	0
9	226	0.0	0.056036442419	1	0	14	0
9	161	0.0	0.056036506679	1	1	14	0
9	19	0.0	0.056036420468	1	0	20	0
9	154	0.0	0.056036460227	1	0	16	0
9	172	0.0	0.057847219385	1	0	10	0
9	280	0.0	0.058866526759	1	0	5	0
9	254	0.0	0.057638918318	1	0	15	0
9	39	0.0	0.057846864427	1	0	14	0
9	228	0.0	0.056036143364	1	0	17	0
9	200	0.0	0.057743328205	1	0	11	0
9	48	0.0	0.056036331736	1	0	20	0
9	159	0.0	0.056036507504	1	1	13	0
9	7	0.0	0.058019806822	1	0	11	1
9	135	0.0	0.056035910402	1	0	17	0
9	157	0.0	0.059784156207	1	0	3	0
9	229	0.0	0.058019888631	1	0	8	0
9	82	0.0	0.057847483092	1	0	13	0
9	107	0.0	0.056036376752	1	0	13	0
9	289	0.0	0.0560360871	1	0	16	0
9	295	0.0	0.05603654933	1	1	15	0
9	160	0.0	0.056036573474	1	1	11	0
9	257	0.0	0.057639327834	1	0	9	0
9	105	0.0	0.056036234685	1	0	15	0
9	219	0.0	0.057847348662	1	0	5	0
9	206	0.0	0.057847374396	1	0	7	0
9	281	0.0	0.056036628206	1	1	16	0
9	293	0.0	0.056036562442	1	1	13	0
9	175	0.0	0.056036600449	1	1	11	0
9	70	0.0	0.057847213011	1	0	7	0
9	91	0.0	0.056036318004	1	0	17	0
9	62	0.0	0.057743334199	1	0	9	0
9	220	0.0	0.057847235906	1	0	10	0
9	139	0.0	0.058345048641	1	0	10	0
9	0	0.0	0.058344666359	1	0	13	0
9	58	0.0	0.056035930048	1	0	19	0
9	152	0.0	0.056036492543	1	1	13	0
9	116	0.0	0.05784746469	1	0	12	0
9	132	0.0	0.057743019202	1	0	6	0
9	74	0.0	0.057847192648	1	0	11	0
9	73	0.0	0.05834470474	1	0	8	0
9	127	0.0	0.059784228283	1	0	3	0
9	111	0.0	0.058465064196	1	0	10	0
9	270	0.0	0.056036173803	1	0	15	0
9	244	0.0	0.057639398291	1	0	14	0
9	43	0.0	0.05801993584	1	0	11	0
9	80	0.0	0.057847086057	1	0	8	0
9	234	0.0	0.057743114989	1	0	8	0
9	158	0.0	0.057639360843	1	0	13	0
9	27	0.0	0.056036522697	1	1	14	0
9	84	0.0	0.056036100224	1	0	12	0
9	93	0.0	0.05603591629	1	0	21	0
9	245	0.0	0.056036629958	1	1	13	0
9	5	0.0	0.05603624598	1	0	15	0
9	144	0.0	0.056035974172	1	0	19	0
9	246	0.0	0.058139687405	1	0	10	0
9	285	0.0	0.057847057986	1	0	9	0
9	269	0.0	0.057847175571	1	0	11	1
9	108	0.0	0.057847490296	1	0	13	0
9	239	0.0	0.058019902067	1	0	8	4
9	204	0.0	0.056036622121	1	1	14	0
9	277	0.0	0.057864146946	1	0	4	1
9	69	0.0	0.056036556909	1	1	14	0
9	216	0.0	0.057847346293	1	0	10	0
9	199	0.0	0.058019816647	1	0	9	0
9	235	0.0	0.05802000319	1	0	10	0
9	184	0.0	0.057639555827	1	0	5	0
9	148	0.0	0.058020046873	1	0	10	0
9	45	0.0	0.056036381216	1	0	14	0
9	133	0.0	0.057639353566	1	0	8	0
9	233	0.0	0.057742890478	1	0	8	0
9	51	0.0	0.057639357063	1	0	13	0
9	178	0.0	0.057639375491	1	0	13	0
9	231	0.0	0.056035832203	1	0	17	0
9	66	0.0	0.056036606083	1	1	9	0
9	46	0.0	0.05774272673	1	0	11	0
9	191	0.0	0.057743478369	1	0	6	0
9	247	0.0	0.058344680641	1	0	9	0
9	177	0.0	0.057847315655	1	0	4	0
9	143	0.0	0.056036398961	1	0	13	0
9	20	0.0	0.056036282365	1	0	13	0
9	24	0.0	0.058019837158	1	0	10	0
9	32	0.0	0.057639399776	1	0	13	0
9	299	0.0	0.059784189895	1	0	3	3
