0	52	NA 	 NA 	0	0	0	0
0	35	NA 	 NA 	0	0	0	0
0	2	NA 	 NA 	0	0	0	0
0	21	0.0	0.056229006273	1	0	6	0
0	5	0.0	0.058848665534	1	0	2	0
0	83	0.0	0.05725980823	1	0	5	0
0	56	0.0	0.060701688048	1	0	3	0
0	32	0.0	0.056228784926	1	0	7	0
0	87	0.0	0.057260080634	1	0	5	0
0	48	0.0	0.06070210294	1	0	3	0
0	28	0.0	0.060701667925	1	0	3	0
0	24	0.0	0.056228443653	1	0	14	0
0	81	0.0	0.056228635092	1	0	11	0
0	37	0.0	0.060702210205	1	0	2	0
0	68	0.0	0.057090998805	1	0	4	0
0	98	0.0	0.060600843819	1	0	7	0
0	66	0.0	0.056228840335	1	0	9	0
0	59	0.0	0.057259525693	1	0	3	0
0	27	0.0	0.060721274653	1	0	3	0
0	26	0.0	0.056229213954	1	1	5	0
0	91	0.0	0.056229038257	1	0	7	0
0	64	0.0	0.056229187363	1	1	6	0
0	12	0.0	0.057260081652	1	0	4	0
0	22	0.0	0.056228787281	1	0	9	0
0	47	0.0	0.060600327861	1	0	5	0
0	46	0.0	0.056228822382	1	1	6	0
0	41	0.0	0.057259535712	1	0	3	0
0	1	0.0	0.060600563443	1	0	6	0
0	69	0.0	0.060600883669	1	0	4	0
0	53	0.0	0.056228572795	1	0	11	0
0	40	0.0	0.057259765789	1	0	5	0
0	54	0.0	0.056229183091	1	1	4	0
0	89	0.0	0.060600930351	1	0	5	0
0	29	0.0	0.057090957422	1	0	5	0
0	39	0.0	0.056229186592	1	0	6	0
0	4	0.0	0.056229261372	1	1	4	0
0	97	0.0	0.060721535167	1	0	3	0
0	57	0.0	0.056228742656	1	0	7	0
0	16	0.0	0.057260145831	1	0	2	0
0	58	0.0	0.056228782042	1	0	7	0
0	23	0.0	0.060600410269	1	0	5	0
0	10	0.0	0.056228451398	1	0	10	0
0	38	0.0	0.057259517427	1	0	5	0
0	49	0.0	0.056229270416	1	1	4	0
0	95	0.0	0.05622880209	1	0	7	0
0	85	0.0	0.056228880945	1	1	4	0
0	75	0.0	0.056229103509	1	1	4	0
0	20	0.0	0.056228967622	1	0	6	0
0	71	0.0	0.060600499951	1	0	6	0
0	43	0.0	0.0607021976	1	0	2	0
0	60	0.0	0.056228799455	1	0	8	0
0	17	0.0	0.060601106851	1	0	3	0
0	76	0.0	0.056228624142	1	0	10	0
0	18	0.0	0.06070221903	1	0	1	0
0	36	0.0	0.058849281185	1	0	3	0
0	13	0.0	0.056228858933	1	0	9	0
0	14	0.0	0.05725950817	1	0	5	0
0	63	0.0	0.056228789891	1	0	10	0
0	67	0.0	0.057259569734	1	0	3	0
0	84	0.0	0.060600817044	1	0	6	0
0	34	0.0	0.056228764751	1	0	8	0
0	72	0.0	0.060702018785	1	0	2	0
0	80	0.0	0.057091030346	1	0	6	0
0	8	0.0	0.056228955453	1	1	6	0
0	70	0.0	0.056229269329	1	1	6	0
0	61	0.0	0.057091008611	1	0	4	0
0	78	0.0	0.056228800413	1	0	10	0
0	7	0.0	0.057090528635	1	0	4	0
0	31	0.0	0.060600882694	1	0	6	0
0	11	0.0	0.060702077692	1	0	2	0
0	50	0.0	0.056229079983	1	1	9	0
0	82	0.0	0.057259950646	1	0	4	0
0	51	0.0	0.05709047465	1	0	3	0
0	45	0.0	0.05622914178	1	0	8	0
0	55	0.0	0.056228912627	1	0	8	0
0	42	0.0	0.056229078802	1	0	6	0
0	19	0.0	0.056229283189	1	1	7	0
0	6	0.0	0.056229252483	1	1	2	0
0	9	0.0	0.057090945423	1	0	2	0
0	0	0.0	0.056229127258	1	0	6	0
0	79	0.0	0.057090947816	1	0	1	0
0	73	0.0	0.056229192519	1	1	4	0
0	99	0.0	0.057259751744	1	0	5	0
0	92	0.0	0.056228792853	1	0	7	0
0	62	0.0	0.056229135503	1	1	6	0
0	88	0.0	0.056228922805	1	1	8	0
0	74	0.0	0.061212592001	1	0	2	0
0	3	0.0	0.057260187198	1	0	3	0
0	96	0.0	0.056229274091	1	1	5	0
0	15	0.0	0.056228974784	1	0	6	1
0	77	0.0	0.056229053574	1	0	8	0
0	94	0.0	0.056229231362	1	1	4	1
0	65	0.0	0.056229151102	1	0	6	0
0	25	0.0	0.056229131576	1	0	4	0
0	30	0.0	0.057260143556	1	0	4	0
0	33	0.0	0.060600696734	1	0	5	0
0	90	0.0	0.057259575559	1	0	4	0
0	44	0.0	0.057090586158	1	0	2	0
0	86	0.0	0.061212565611	1	0	2	0
0	93	0.0	0.060600993303	1	0	3	0
1	6	NA 	 NA 	0	0	0	0
1	42	NA 	 NA 	0	0	0	0
1	71	NA 	 NA 	0	0	0	0
1	23	0.0	0.05611099879	1	0	1	0
1	53	0.0	0.057388782357	1	0	1	0
1	55	0.0	0.05611082431	1	0	4	0
1	78	0.0	0.056111039017	1	0	1	0
1	67	0.0	0.056110891774	1	0	4	0
1	12	0.0	0.056111140172	1	0	2	0
1	68	0.0	0.056111065467	1	0	1	0
1	85	0.0	0.056817040234	1	0	2	0
1	3	0.0	0.056110963555	1	0	2	0
1	87	0.0	0.056110867133	1	0	2	0
1	64	NA 	 NA 	0	0	0	0
1	77	0.0	0.057389192209	1	0	1	0
1	80	0.0	0.056465864425	1	0	0	0
1	51	0.0	0.056111074552	1	0	1	0
1	21	0.0	0.056817197339	1	0	2	0
1	18	NA 	 NA 	0	0	0	0
1	76	0.0	0.05708968971	1	0	0	0
1	79	0.0	0.05611059118	1	0	3	0
1	70	0.0	0.056465702015	1	0	0	0
1	7	0.0	0.056466053931	1	0	2	0
1	26	0.0	0.056466353462	1	0	2	0
1	94	0.0	0.05646601065	1	0	0	0
1	1	0.0	0.056465696141	1	0	0	0
1	62	0.0	0.056110979578	1	0	3	0
1	40	NA 	 NA 	0	0	0	0
1	37	0.0	0.056466215451	1	0	0	0
1	48	NA 	 NA 	0	0	0	0
1	13	0.0	0.057388704122	1	0	1	0
1	73	0.0	0.056111069586	1	0	1	0
1	28	NA 	 NA 	0	0	0	0
1	29	0.0	0.056110560028	1	0	5	0
1	61	0.0	0.057089995969	1	0	0	0
1	63	0.0	0.057090079494	1	0	0	0
1	39	0.0	0.056816764583	1	0	3	0
1	25	0.0	0.056111034529	1	0	1	0
1	19	0.0	0.057388990533	1	0	1	0
1	24	0.0	0.056111359444	1	1	1	0
1	0	0.0	0.056111263887	1	0	1	0
1	92	0.0	0.056111373647	1	1	2	0
1	27	0.0	0.056111277832	1	1	2	0
1	36	0.0	0.056111300626	1	0	3	0
1	10	0.0	0.056111079031	1	0	1	0
1	5	0.0	0.056466034122	1	0	0	0
1	47	0.0	0.056465721732	1	0	0	0
1	8	0.0	0.056111216967	1	0	4	0
1	38	0.0	0.057089889337	1	0	0	0
1	49	0.0	0.056110834603	1	0	2	0
1	83	0.0	0.056110592174	1	0	3	0
1	60	0.0	0.056110534513	1	0	2	0
1	59	0.0	0.05611136031	1	1	2	0
1	95	0.0	0.056466019067	1	0	0	0
1	69	0.0	0.056466204214	1	0	2	0
1	32	0.0	0.056465695094	1	0	0	0
1	33	0.0	0.057090317573	1	0	0	0
1	11	0.0	0.056111221756	1	0	2	0
1	45	NA 	 NA 	0	0	0	0
1	50	0.0	0.056110804978	1	0	2	0
1	30	0.0	0.056817351915	1	0	2	0
1	99	0.0	0.057089962528	1	0	0	0
1	43	0.0	0.056110889917	1	0	4	0
1	14	0.0	0.056111127916	1	0	1	0
1	41	0.0	0.056110671017	1	0	1	0
1	16	0.0	0.056111290603	1	0	3	0
1	84	0.0	0.056110911078	1	0	3	0
1	2	0.0	0.056466098395	1	0	1	0
1	89	0.0	0.056111229864	1	0	3	0
1	20	NA 	 NA 	0	0	0	0
1	54	0.0	0.057090022337	1	0	0	0
1	97	NA 	 NA 	0	0	0	0
1	56	0.0	0.057090007279	1	0	0	0
1	86	0.0	0.057090089204	1	0	0	0
1	66	0.0	0.05611135031	1	1	0	0
1	17	0.0	0.056110767837	1	0	2	0
1	52	0.0	0.056111119867	1	0	2	0
1	74	0.0	0.056111247255	1	0	1	0
1	44	0.0	0.056110957594	1	0	2	0
1	9	0.0	0.057389351709	1	0	2	0
1	46	0.0	0.060135134044	1	0	0	0
1	35	0.0	0.057090180788	1	0	0	0
1	98	0.0	0.056111260311	1	0	3	0
1	88	0.0	0.056110855492	1	0	4	0
1	82	0.0	0.057090137233	1	0	0	0
1	90	NA 	 NA 	0	0	0	0
1	57	0.0	0.060135157108	1	0	0	0
1	81	0.0	0.056111235909	1	0	3	0
1	15	0.0	0.056817270396	1	0	1	0
1	75	0.0	0.057389037075	1	0	1	0
1	34	0.0	0.056111262839	1	0	1	0
1	22	0.0	0.056111273271	1	0	2	0
1	65	0.0	0.057389125731	1	0	1	0
1	96	NA 	 NA 	0	0	0	0
1	93	0.0	0.056111333463	1	1	0	0
1	4	NA 	 NA 	0	0	0	0
1	72	0.0	0.056111338219	1	1	3	0
1	31	0.0	0.057089744326	1	0	0	0
1	58	0.0	0.057089703139	1	0	0	0
1	91	0.0	0.057089869966	1	0	0	0
2	36	NA 	 NA 	0	0	0	0
2	49	0.0	0.058665462185	1	0	5	5
2	76	0.0	0.05734452928	1	0	3	0
2	86	0.0	0.056274852287	1	0	6	0
2	94	0.0	0.056275183986	1	0	2	0
2	71	0.0	0.056275174846	1	0	5	0
2	32	0.0	0.057725401459	1	0	5	0
2	43	0.0	0.056274960949	1	0	6	0
2	16	0.0	0.056274755107	1	0	12	0
2	26	0.0	0.057487875651	1	0	1	0
2	23	0.0	0.058665360881	1	0	9	0
2	96	0.0	0.0562745605	1	0	13	0
2	63	0.0	0.056274737308	1	0	9	0
2	55	0.0	0.058665357322	1	0	3	0
2	21	0.0	0.059127344766	1	0	3	0
2	34	0.0	0.056274475112	1	0	11	0
2	69	0.0	0.056275144655	1	1	5	0
2	19	0.0	0.056275274357	1	1	8	0
2	5	0.0	0.056274534985	1	0	14	0
2	72	0.0	0.059676638749	1	0	2	0
2	25	0.0	0.056275057917	1	0	10	0
2	0	0.0	0.056274976155	1	0	2	0
2	70	0.0	0.057725381134	1	0	5	0
2	93	0.0	0.061802242744	1	0	0	0
2	75	0.0	0.056274844221	1	0	6	0
2	56	0.0	0.056275184018	1	1	8	0
2	3	0.0	0.056275171825	1	0	3	0
2	53	0.0	0.05627521927	1	1	1	0
2	41	0.0	0.057487899507	1	0	0	0
2	66	0.0	0.05627491392	1	0	7	0
2	97	0.0	0.056275056384	1	0	10	0
2	11	0.0	0.057487826009	1	0	0	0
2	15	0.0	0.056274763232	1	0	4	0
2	90	0.0	0.05627501182	1	0	6	0
2	98	0.0	0.056275243463	1	1	8	0
2	17	0.0	0.056274813093	1	0	5	0
2	95	0.0	0.057344621376	1	0	3	0
2	89	0.0	0.059676174565	1	0	3	0
2	79	0.0	0.057344603369	1	0	3	0
2	39	0.0	0.056274819677	1	0	9	0
2	78	0.0	0.057344800668	1	0	2	0
2	82	0.0	0.056274526595	1	0	11	0
2	65	0.0	0.056275090027	1	0	8	0
2	18	0.0	0.059676732797	1	0	2	0
2	6	0.0	0.05627504961	1	0	2	0
2	47	0.0	0.057725554836	1	0	6	5
2	28	0.0	0.056275144151	1	0	2	0
2	87	0.0	0.056274582304	1	0	4	0
2	48	0.0	0.056275321793	1	1	7	0
2	80	0.0	0.059676855494	1	0	2	0
2	45	0.0	0.056274965496	1	0	3	0
2	8	0.0	0.05772558821	1	0	5	0
2	9	0.0	0.057345192534	1	0	4	0
2	51	NA 	 NA 	0	0	0	0
2	37	0.0	0.056275171695	1	0	10	0
2	57	0.0	0.056275192889	1	1	8	0
2	83	0.0	0.057344444678	1	0	3	0
2	33	0.0	0.056275243045	1	1	9	0
2	42	0.0	0.056275286573	1	1	5	0
2	46	0.0	0.059126970661	1	0	5	0
2	61	0.0	0.057725596673	1	0	1	0
2	54	0.0	0.058665451172	1	0	5	0
2	40	0.0	0.057345118062	1	0	2	0
2	68	0.0	0.056275198383	1	1	5	0
2	77	0.0	0.057344750595	1	0	4	0
2	31	0.0	0.059676602525	1	0	2	0
2	1	0.0	0.056275243205	1	1	4	0
2	52	0.0	0.056275231056	1	1	4	0
2	27	0.0	0.059676141474	1	0	4	0
2	7	0.0	0.059127141588	1	0	5	0
2	59	0.0	0.059127384142	1	0	4	0
2	20	0.0	0.059676724462	1	0	2	0
2	24	0.0	0.056275020489	1	0	3	0
2	67	0.0	0.056275186462	1	1	4	0
2	85	0.0	0.056274725978	1	0	10	0
2	4	0.0	0.056274919821	1	0	7	0
2	64	0.0	0.056275150912	1	0	8	0
2	88	0.0	0.057487807652	1	0	1	0
2	92	0.0	0.057344805703	1	0	7	0
2	74	0.0	0.056275243316	1	1	3	0
2	44	0.0	0.05734513278	1	0	3	0
2	22	0.0	0.056275181954	1	0	4	0
2	50	0.0	0.057725690248	1	0	5	0
2	38	0.0	0.058665461679	1	0	2	0
2	13	0.0	0.057487923245	1	0	1	0
2	99	0.0	0.059676673111	1	0	2	0
2	81	0.0	0.061801589227	1	0	0	0
2	84	0.0	0.056275191766	1	1	9	0
2	73	0.0	0.056275162334	1	1	8	0
2	62	0.0	0.056274514864	1	0	7	0
2	29	0.0	0.05627484913	1	0	4	0
2	10	0.0	0.056274952196	1	0	8	0
2	60	0.0	0.05748756544	1	0	1	0
2	12	0.0	0.05912715629	1	0	5	0
2	14	0.0	0.057345046382	1	0	2	0
2	35	0.0	0.058665499562	1	0	5	0
2	91	0.0	0.057488025147	1	0	1	0
2	58	0.0	0.059127101508	1	0	5	0
2	30	0.0	0.061801924352	1	0	0	0
2	2	0.0	0.057487969852	1	0	0	0
3	50	NA 	 NA 	0	0	0	0
3	41	NA 	 NA 	0	0	0	0
3	17	NA 	 NA 	0	0	0	0
3	3	0.0	0.059038187297	1	0	1	0
3	23	0.0	0.056002019554	1	0	3	0
3	14	0.0	0.056002184099	1	0	2	0
3	37	0.0	0.057748189364	1	0	3	0
3	83	0.0	0.0573061142	1	0	3	0
3	30	0.0	0.056786377083	1	0	4	0
3	40	0.0	0.056002361707	1	1	3	0
3	54	0.0	0.057306460727	1	0	1	0
3	72	0.0	0.057449023939	1	0	2	0
3	93	0.0	0.057305863013	1	0	2	0
3	61	0.0	0.057305804676	1	0	4	0
3	10	0.0	0.059795648994	1	0	0	0
3	95	0.0	0.056002415402	1	1	2	0
3	81	0.0	0.056002093808	1	0	3	0
3	1	0.0	0.057747826863	1	0	2	0
3	80	0.0	0.05600173028	1	0	3	0
3	38	0.0	0.056002090897	1	0	7	0
3	77	0.0	0.056002343924	1	0	5	0
3	25	0.0	0.056001997902	1	0	3	0
3	62	0.0	0.057747831971	1	0	2	0
3	8	0.0	0.056785591973	1	0	0	0
3	76	0.0	0.05600173448	1	0	8	0
3	28	0.0	0.057305886216	1	0	5	0
3	87	0.0	0.057747789879	1	0	2	0
3	73	0.0	0.056002403145	1	1	6	0
3	89	0.0	0.057306317285	1	0	3	0
3	43	0.0	0.056002469774	1	1	5	0
3	34	0.0	0.056001931838	1	0	2	0
3	24	0.0	0.056002361979	1	1	2	0
3	44	0.0	0.056002058536	1	0	7	0
3	60	0.0	0.057306305473	1	0	5	0
3	51	0.0	0.056002316798	1	0	6	0
3	0	0.0	0.057491656974	1	0	1	0
3	18	0.0	0.056002283096	1	0	6	0
3	11	0.0	0.057747724866	1	0	4	0
3	79	0.0	0.056001767639	1	0	5	0
3	7	0.0	0.056001982752	1	0	6	0
3	27	0.0	0.056002423226	1	1	5	0
3	94	0.0	0.056002164509	1	0	1	0
3	75	0.0	0.056002132492	1	0	4	0
3	19	0.0	0.056002403777	1	1	4	0
3	63	0.0	0.057306271715	1	0	2	0
3	32	0.0	0.056786203699	1	0	1	0
3	57	0.0	0.056002448647	1	1	4	0
3	59	0.0	0.057492049494	1	0	0	0
3	91	0.0	0.056001707214	1	0	4	0
3	22	0.0	0.057491859973	1	0	0	0
3	65	0.0	0.056001905963	1	0	7	0
3	71	0.0	0.057306392144	1	0	6	0
3	16	0.0	0.05600211233	1	0	6	0
3	86	0.0	0.056002304965	1	0	2	0
3	47	0.0	0.056002285046	1	0	6	0
3	69	0.0	0.057306322501	1	0	5	0
3	74	0.0	0.05600164603	1	0	9	0
3	36	0.0	0.056002397234	1	0	4	0
3	58	0.0	0.056001726933	1	0	8	0
3	78	0.0	0.056002327406	1	0	3	0
3	92	0.0	0.057306211888	1	0	6	0
3	21	0.0	0.056002382289	1	1	6	0
3	84	0.0	0.057448516491	1	0	2	0
3	53	0.0	0.057491912001	1	0	1	0
3	90	0.0	0.056001982857	1	0	2	0
3	82	0.0	0.05730586699	1	0	1	0
3	67	0.0	0.056002427582	1	1	2	0
3	4	0.0	0.059831688067	1	0	0	0
3	55	0.0	0.05600218384	1	0	5	0
3	68	0.0	0.056786179648	1	0	1	0
3	12	0.0	0.056002014197	1	0	2	0
3	45	0.0	0.056002356181	1	1	6	0
3	88	0.0	0.056001858983	1	0	3	0
3	9	0.0	0.056002051343	1	0	7	0
3	5	0.0	0.057305827151	1	0	1	0
3	13	0.0	0.057448815788	1	0	1	0
3	29	0.0	0.0560020469	1	0	7	0
3	42	0.0	0.056002425626	1	1	1	0
3	49	0.0	0.056001904386	1	0	4	0
3	15	0.0	0.056785971636	1	0	3	0
3	64	0.0	0.056001690422	1	0	7	0
3	2	0.0	0.056001652196	1	0	8	0
3	39	0.0	0.056002318546	1	0	4	0
3	70	0.0	0.056002343015	1	0	3	0
3	96	0.0	0.059831660616	1	0	0	0
3	35	0.0	0.057306111642	1	0	3	0
3	6	0.0	0.056785798881	1	0	1	0
3	33	NA 	 NA 	0	0	0	0
3	31	0.0	0.05600164242	1	0	4	0
3	56	0.0	0.057747858608	1	0	2	0
3	98	0.0	0.057448782103	1	0	1	0
3	52	0.0	0.056001962917	1	0	8	0
3	85	0.0	0.056002368006	1	0	5	0
3	48	0.0	0.057306050132	1	0	3	0
3	66	0.0	0.057449194941	1	0	1	0
3	97	0.0	0.057448568009	1	0	2	0
3	20	0.0	0.057491853355	1	0	0	0
3	46	0.0	0.059037961105	1	0	1	0
3	26	0.0	0.059831577467	1	0	0	0
3	99	0.0	0.059038033909	1	0	1	0
4	19	NA 	 NA 	0	0	0	0
4	61	NA 	 NA 	0	0	0	0
4	57	NA 	 NA 	0	0	0	0
4	64	0.0	0.056009208939	1	0	4	0
4	14	0.0	0.057482427527	1	0	2	0
4	70	0.0	0.057482281979	1	0	3	0
4	85	0.0	0.059822091095	1	0	0	0
4	2	0.0	0.059822134832	1	0	1	0
4	95	0.0	0.056701977824	1	0	0	0
4	31	NA 	 NA 	0	0	0	0
4	16	0.0	0.057482409144	1	0	1	0
4	63	0.0	0.058399439477	1	0	3	0
4	7	0.0	0.056009388405	1	0	2	0
4	46	0.0	0.056009484868	1	0	5	0
4	68	0.0	0.056009333796	1	0	2	0
4	4	0.0	0.05600891632	1	0	4	0
4	69	0.0	0.056702286475	1	0	0	0
4	13	NA 	 NA 	0	0	0	0
4	10	0.0	0.056009148638	1	0	2	0
4	91	0.0	0.057638582026	1	0	1	0
4	59	0.0	0.057482278018	1	0	0	0
4	24	0.0	0.056009486512	1	0	2	0
4	98	0.0	0.056702268164	1	0	0	0
4	11	0.0	0.059822372937	1	0	0	0
4	38	0.0	0.059822171539	1	0	0	0
4	53	0.0	0.058399752016	1	0	2	0
4	62	0.0	0.056008942585	1	0	6	0
4	48	0.0	0.056702389346	1	0	1	0
4	54	0.0	0.056009650432	1	1	3	0
4	9	0.0	0.05600902144	1	0	6	0
4	33	0.0	0.056009296123	1	0	2	0
4	86	0.0	0.056009270965	1	0	3	0
4	92	0.0	0.056009006746	1	0	3	0
4	96	0.0	0.056009487659	1	0	4	0
4	29	0.0	0.056009614273	1	1	0	0
4	20	0.0	0.056008867523	1	0	6	0
4	73	0.0	0.056009473771	1	0	3	0
4	55	0.0	0.056009196944	1	0	3	0
4	23	0.0	0.056009223335	1	0	2	0
4	34	0.0	0.056009560559	1	1	3	0
4	40	0.0	0.056701977951	1	0	0	0
4	51	0.0	0.056701971726	1	0	1	0
4	50	0.0	0.05763805392	1	0	0	0
4	87	0.0	0.058399790423	1	0	2	0
4	72	0.0	0.05600883354	1	0	5	0
4	83	0.0	0.056009490267	1	1	1	0
4	45	0.0	0.057637961065	1	0	0	0
4	3	0.0	0.057638071917	1	0	0	0
4	75	0.0	0.058399566138	1	0	1	0
4	74	0.0	0.056702443445	1	0	0	0
4	99	0.0	0.056009187412	1	0	6	0
4	35	0.0	0.056701938037	1	0	0	0
4	17	0.0	0.059822007613	1	0	0	0
4	8	0.0	0.056009531887	1	0	2	0
4	21	0.0	0.056009147782	1	0	2	0
4	58	0.0	0.056009358871	1	0	3	0
4	26	0.0	0.056009014741	1	0	4	0
4	93	0.0	0.056009384577	1	0	1	0
4	27	0.0	0.056009474242	1	0	2	0
4	28	0.0	0.057953623909	1	0	0	0
4	88	0.0	0.05600910719	1	0	3	0
4	47	0.0	0.059822030232	1	0	0	0
4	94	0.0	0.058399226962	1	0	1	0
4	89	0.0	0.058399743679	1	0	2	0
4	30	0.0	0.056009439904	1	0	1	0
4	52	0.0	0.056702129963	1	0	1	0
4	36	0.0	0.056009487821	1	0	4	0
4	42	0.0	0.057481967257	1	0	3	0
4	78	0.0	0.056008953715	1	0	5	0
4	39	0.0	0.056008830482	1	0	4	0
4	0	0.0	0.057638420057	1	0	0	0
4	66	0.0	0.056009467619	1	0	5	0
4	18	0.0	0.05600922656	1	0	2	0
4	49	0.0	0.057638242058	1	0	0	0
4	76	0.0	0.056702563078	1	0	1	0
4	37	0.0	0.056009249447	1	0	2	0
4	1	0.0	0.056009366366	1	0	3	0
4	56	0.0	0.056009166544	1	0	1	0
4	84	0.0	0.056009639963	1	1	0	0
4	82	0.0	0.056009020764	1	0	3	0
4	90	0.0	0.056009303829	1	0	3	0
4	12	0.0	0.05600929355	1	0	4	0
4	60	0.0	0.05670245276	1	0	1	0
4	80	0.0	0.057481951654	1	0	2	0
4	97	0.0	0.056009516046	1	0	2	0
4	67	0.0	0.057637948593	1	0	0	0
4	5	0.0	0.056009446912	1	1	2	0
4	15	0.0	0.056702511359	1	0	1	0
4	71	0.0	0.056009190602	1	0	3	0
4	41	0.0	0.056009284144	1	0	4	0
4	81	0.0	0.056009223415	1	0	3	0
4	6	0.0	0.057638285825	1	0	0	0
4	79	0.0	0.056009562359	1	0	2	0
4	77	0.0	0.056009586793	1	1	3	0
4	43	0.0	0.057481890786	1	0	4	0
4	32	0.0	0.059822332196	1	0	0	0
4	44	0.0	0.05982220818	1	0	1	0
4	25	0.0	0.056702298114	1	0	0	0
4	22	0.0	0.056009235391	1	0	6	0
4	65	0.0	0.056009524984	1	1	4	0
5	74	NA 	 NA 	0	0	0	0
5	76	NA 	 NA 	0	0	0	0
5	81	NA 	 NA 	0	0	0	0
5	3	NA 	 NA 	0	0	0	0
5	10	NA 	 NA 	0	0	0	0
5	55	0.0	0.057288882694	1	0	4	0
5	77	0.0	0.056050183618	1	0	4	0
5	38	0.0	0.057575025956	1	0	2	0
5	7	0.0	0.05675564007	1	0	2	0
5	44	0.0	0.056756001155	1	0	0	0
5	95	0.0	0.056050297278	1	1	2	0
5	67	0.0	0.05604998272	1	0	4	0
5	0	0.0	0.05730205535	1	0	2	0
5	26	0.0	0.056049566247	1	0	6	0
5	78	0.0	0.061107942532	1	0	0	0
5	33	0.0	0.056049580204	1	0	8	0
5	27	NA 	 NA 	0	0	0	0
5	39	NA 	 NA 	0	0	0	0
5	5	0.0	0.056050204469	1	1	4	0
5	72	0.0	0.056050236806	1	1	5	0
5	29	0.0	0.057301600166	1	0	3	0
5	60	0.0	0.056049500158	1	0	7	0
5	24	0.0	0.057289205396	1	0	2	0
5	68	0.0	0.057301588359	1	0	3	0
5	94	0.0	0.05728904174	1	0	2	0
5	96	0.0	0.057301779447	1	0	3	0
5	31	0.0	0.057575133508	1	0	0	0
5	18	0.0	0.056755651623	1	0	2	0
5	89	0.0	0.057302038015	1	0	2	0
5	90	0.0	0.056050128373	1	0	6	0
5	20	0.0	0.056050265772	1	1	0	0
5	54	0.0	0.056050196394	1	1	4	0
5	69	0.0	0.056050161962	1	0	5	0
5	14	0.0	0.05605007327	1	0	4	0
5	11	0.0	0.056049710278	1	0	7	0
5	42	0.0	0.057301901815	1	0	3	0
5	57	0.0	0.056050201451	1	1	4	0
5	28	0.0	0.057301972541	1	0	3	0
5	25	0.0	0.057301539187	1	0	5	0
5	16	0.0	0.056755602506	1	0	2	0
5	36	0.0	0.056050216406	1	1	5	0
5	17	0.0	0.056049985836	1	0	4	0
5	98	0.0	0.056050164198	1	0	6	0
5	34	0.0	0.05605026051	1	1	2	0
5	9	0.0	0.057955682606	1	0	1	0
5	4	0.0	0.057289205762	1	0	3	0
5	15	0.0	0.056756230371	1	0	2	0
5	49	0.0	0.056050286143	1	1	2	0
5	58	0.0	0.05605029324	1	1	2	0
5	66	0.0	0.056049574073	1	0	7	0
5	73	0.0	0.056049818564	1	0	6	0
5	85	0.0	0.057301456745	1	0	5	0
5	97	0.0	0.05675624111	1	0	3	0
5	64	0.0	0.058790454368	1	0	1	0
5	8	0.0	0.056049965508	1	0	4	0
5	91	0.0	0.056049874505	1	0	5	0
5	51	0.0	0.056755939613	1	0	0	0
5	80	0.0	0.057575082085	1	0	0	0
5	21	0.0	0.056050309874	1	1	5	0
5	35	0.0	0.05605015097	1	0	4	0
5	65	0.0	0.057301859439	1	0	1	0
5	52	0.0	0.056755500762	1	0	2	0
5	62	0.0	0.056049533454	1	0	6	0
5	23	0.0	0.056050262017	1	1	5	0
5	46	0.0	0.056755964211	1	0	0	0
5	22	0.0	0.056050014944	1	0	5	0
5	70	0.0	0.057301778356	1	0	3	0
5	19	0.0	0.056050105381	1	0	4	0
5	71	0.0	0.056050129639	1	1	2	0
5	1	0.0	0.057288934147	1	0	4	0
5	86	0.0	0.056049822126	1	0	4	0
5	6	0.0	0.057955706427	1	0	1	0
5	12	0.0	0.057301581279	1	0	4	0
5	59	0.0	0.056049931303	1	0	3	0
5	87	0.0	0.057575129807	1	0	0	0
5	37	0.0	0.056049786884	1	0	5	0
5	92	0.0	0.056756148966	1	0	0	0
5	99	0.0	0.056755986236	1	0	2	0
5	50	0.0	0.056050216761	1	0	5	0
5	93	0.0	0.056755630032	1	0	2	0
5	48	0.0	0.0560496363	1	0	6	0
5	43	0.0	0.056049828403	1	0	6	0
5	56	0.0	0.059612894812	1	0	0	0
5	45	0.0	0.056755691672	1	0	3	0
5	88	0.0	0.056755830556	1	0	0	0
5	82	0.0	0.057288954985	1	0	3	0
5	2	0.0	0.057288503443	1	0	4	0
5	13	0.0	0.057302104355	1	0	3	0
5	30	0.0	0.056049994939	1	0	4	0
5	47	0.0	0.056050040318	1	0	6	0
5	53	0.0	0.056050112882	1	0	4	0
5	63	0.0	0.056050188502	1	0	6	0
5	40	0.0	0.056755972616	1	0	2	0
5	84	0.0	0.056755959869	1	0	0	0
5	83	0.0	0.057288917214	1	0	2	0
5	75	0.0	0.056049987068	1	0	8	0
5	41	0.0	0.056756076286	1	0	0	0
5	79	0.0	0.058790749638	1	0	1	0
5	32	0.0	0.056050172621	1	0	6	0
5	61	0.0	0.057301979297	1	0	3	0
6	29	NA 	 NA 	0	0	0	0
6	18	NA 	 NA 	0	0	0	0
6	54	NA 	 NA 	0	0	0	0
6	1	NA 	 NA 	0	0	0	0
6	88	0.0	0.056168050722	1	0	5	0
6	13	0.0	0.056861166337	1	0	0	0
6	80	NA 	 NA 	0	0	0	0
6	70	0.0	0.059724336088	1	0	3	0
6	45	0.0	0.057836310874	1	0	4	0
6	47	0.0	0.057835757039	1	0	2	0
6	71	0.0	0.056168080191	1	0	2	0
6	58	0.0	0.056168074093	1	0	7	0
6	52	0.0	0.056861463991	1	0	1	0
6	16	0.0	0.056168263465	1	0	4	0
6	93	0.0	0.056168122448	1	0	5	0
6	64	0.0	0.056168541296	1	1	1	0
6	35	0.0	0.056168082944	1	0	7	0
6	7	0.0	0.057836092123	1	0	4	0
6	39	0.0	0.056167726967	1	0	8	0
6	82	0.0	0.056860915781	1	0	1	0
6	75	0.0	0.056167737968	1	0	7	0
6	73	0.0	0.056860746243	1	0	1	0
6	33	0.0	0.059724896221	1	0	1	0
6	77	0.0	0.056168219509	1	0	7	0
6	22	0.0	0.057836399169	1	0	2	0
6	32	0.0	0.056168495109	1	1	7	0
6	96	0.0	0.056168264432	1	1	5	0
6	42	0.0	0.056167815272	1	0	5	0
6	60	0.0	0.057835791539	1	0	4	0
6	61	0.0	0.056860954228	1	0	2	0
6	57	0.0	0.059525950902	1	0	6	0
6	98	0.0	0.056168175645	1	0	2	0
6	3	0.0	0.059525913549	1	0	3	0
6	50	0.0	0.056168239891	1	0	5	0
6	0	NA 	 NA 	0	0	0	0
6	90	0.0	0.059526061418	1	0	5	0
6	37	0.0	0.056167746737	1	0	9	0
6	85	0.0	0.056168158299	1	0	2	0
6	67	0.0	0.056168015215	1	0	7	0
6	63	0.0	0.056168073294	1	0	5	0
6	12	0.0	0.05616850329	1	1	8	0
6	43	0.0	0.056168377128	1	0	9	0
6	97	0.0	0.056168212983	1	0	4	0
6	94	0.0	0.056168458384	1	1	5	0
6	27	0.0	0.05616849062	1	1	2	0
6	15	0.0	0.0578357248	1	0	2	0
6	10	0.0	0.056168425243	1	1	7	0
6	62	0.0	0.05616808695	1	0	5	0
6	84	0.0	0.056167726817	1	0	5	0
6	72	0.0	0.059526196079	1	0	5	0
6	87	0.0	0.05616819901	1	0	4	0
6	81	0.0	0.05616839725	1	1	2	0
6	48	0.0	0.057836087266	1	0	0	0
6	23	0.0	0.059526189374	1	0	4	0
6	86	0.0	0.057835806193	1	0	3	0
6	17	0.0	0.056860788081	1	0	2	0
6	4	0.0	0.056168117397	1	0	9	0
6	53	0.0	0.056168396019	1	1	4	0
6	20	0.0	0.056168502834	1	1	8	0
6	59	0.0	0.059724480707	1	0	2	0
6	19	0.0	0.0561679853	1	0	7	0
6	56	0.0	0.057835917133	1	0	3	0
6	2	0.0	0.057836215311	1	0	1	0
6	28	0.0	0.059526009279	1	0	3	0
6	51	0.0	0.056167740361	1	0	7	0
6	83	0.0	0.057836063356	1	0	5	0
6	69	0.0	0.056168462877	1	0	2	0
6	74	0.0	0.05686095585	1	0	1	0
6	21	0.0	0.056860866782	1	0	2	0
6	6	0.0	0.057836088823	1	0	2	0
6	46	0.0	0.056167898581	1	0	4	0
6	68	0.0	0.056860901163	1	0	2	0
6	11	0.0	0.056168038662	1	0	8	0
6	49	0.0	0.056861258719	1	0	2	0
6	8	0.0	0.056168244048	1	0	3	0
6	36	0.0	0.056168207767	1	0	8	0
6	89	0.0	0.061739775325	1	0	0	0
6	40	0.0	0.056168097728	1	0	7	0
6	55	0.0	0.05616835501	1	0	8	0
6	66	0.0	0.056168350756	1	0	9	0
6	78	0.0	0.056168416889	1	1	6	0
6	41	0.0	0.057836127059	1	0	2	0
6	9	0.0	0.057836396904	1	0	4	0
6	92	0.0	0.05616824625	1	1	5	0
6	25	0.0	0.056168296609	1	0	1	0
6	91	0.0	0.05783613173	1	0	1	0
6	5	0.0	0.056861235164	1	0	1	0
6	31	0.0	0.061739687778	1	0	0	0
6	76	0.0	0.056168345495	1	0	9	0
6	95	0.0	0.056168163795	1	0	9	0
6	24	0.0	0.056168106246	1	0	8	0
6	26	0.0	0.056168038697	1	0	7	0
6	14	0.0	0.056167919734	1	0	6	0
6	79	0.0	0.059724762813	1	0	3	0
6	30	0.0	0.057836100766	1	0	1	0
6	44	0.0	0.056861200387	1	0	1	0
6	34	0.0	0.059724423283	1	0	3	0
6	99	0.0	0.056861134059	1	0	1	0
6	65	0.0	0.06158459958	1	0	1	0
6	38	0.0	0.057836398853	1	0	7	0
7	76	NA 	 NA 	0	0	0	0
7	74	NA 	 NA 	0	0	0	0
7	81	NA 	 NA 	0	0	0	0
7	3	NA 	 NA 	0	0	0	0
7	10	NA 	 NA 	0	0	0	0
7	77	0.0	0.055974791181	1	1	3	0
7	55	0.0	0.057187753685	1	0	6	0
7	38	0.0	0.058582350362	1	0	3	0
7	7	0.0	0.056901599772	1	0	4	0
7	95	0.0	0.055974905102	1	1	4	0
7	44	0.0	0.059443163564	1	0	3	0
7	33	0.0	0.055974163851	1	0	9	0
7	67	0.0	0.055974605814	1	0	5	0
7	42	0.0	0.056901637159	1	0	2	0
7	26	0.0	0.055974198168	1	0	6	0
7	5	0.0	0.055974777488	1	0	4	0
7	0	0.0	0.057967340733	1	0	3	0
7	34	0.0	0.055974850817	1	1	3	0
7	78	0.0	0.057187809178	1	0	0	0
7	27	0.0	0.059641899583	1	0	2	0
7	39	0.0	0.060850895217	1	0	0	0
7	29	0.0	0.05690176495	1	0	5	0
7	24	0.0	0.05718768421	1	0	0	0
7	60	0.0	0.055974113698	1	0	10	0
7	72	0.0	0.055974847087	1	1	3	0
7	68	0.0	0.057967255631	1	0	3	0
7	90	0.0	0.055974705186	1	0	6	0
7	18	0.0	0.056901121881	1	0	2	0
7	89	0.0	0.05871203932	1	0	2	0
7	16	0.0	0.056901258167	1	0	4	0
7	94	0.0	0.057187790077	1	0	3	0
7	31	0.0	0.058582435915	1	0	2	0
7	96	0.0	0.057967220906	1	0	3	0
7	69	0.0	0.05597475979	1	0	5	0
7	14	0.0	0.055974721315	1	0	7	0
7	54	0.0	0.055974803673	1	1	6	0
7	11	0.0	0.05597431642	1	0	6	0
7	57	0.0	0.055974794251	1	0	6	0
7	28	0.0	0.057967877188	1	0	1	0
7	15	0.0	0.056901624011	1	0	1	0
7	17	0.0	0.055974600293	1	0	4	0
7	98	0.0	0.055974755133	1	0	6	0
7	20	0.0	0.055974837149	1	1	5	0
7	25	0.0	0.056901687392	1	0	4	0
7	36	0.0	0.055974794494	1	0	7	0
7	9	0.0	0.0569015758	1	0	2	0
7	64	0.0	0.05796745727	1	0	3	0
7	62	0.0	0.055974139517	1	0	6	0
7	66	0.0	0.055974204191	1	0	8	0
7	58	0.0	0.055974919908	1	1	3	0
7	73	0.0	0.055974423867	1	0	9	0
7	4	0.0	0.058582050518	1	0	5	0
7	49	0.0	0.055974896368	1	1	2	0
7	97	0.0	0.055974893006	1	1	6	0
7	8	0.0	0.055974582612	1	0	4	0
7	91	0.0	0.055974479343	1	0	7	0
7	80	0.0	0.058582383715	1	0	3	0
7	51	0.0	0.059443148491	1	0	2	0
7	52	0.0	0.056901572115	1	0	4	0
7	65	0.0	0.05871203773	1	0	0	0
7	21	0.0	0.057187043298	1	0	3	0
7	85	0.0	0.056901475811	1	0	4	0
7	23	0.0	0.055974863486	1	1	4	0
7	22	0.0	0.055974598487	1	0	7	0
7	59	0.0	0.055974522886	1	0	4	0
7	70	0.0	0.058711722829	1	0	2	0
7	19	0.0	0.055974762865	1	1	5	0
7	35	0.0	0.055974753167	1	1	5	0
7	86	0.0	0.055974423606	1	0	4	0
7	71	0.0	0.055974744958	1	1	3	0
7	12	0.0	0.05690155093	1	0	3	0
7	6	0.0	0.05690155793	1	0	1	0
7	37	0.0	0.055974387653	1	0	5	0
7	1	0.0	0.057187782028	1	0	3	0
7	92	0.0	0.059443333617	1	0	3	0
7	50	0.0	0.055974822112	1	0	4	0
7	48	0.0	0.055974239302	1	0	8	0
7	87	0.0	0.05858245011	1	0	1	0
7	99	0.0	0.056901468459	1	0	2	0
7	46	0.0	0.059641742984	1	0	2	0
7	93	0.0	0.057593320084	1	0	3	0
7	43	0.0	0.05597444268	1	0	5	0
7	30	0.0	0.055974569872	1	0	6	0
7	56	0.0	0.057967817099	1	0	0	0
7	88	0.0	0.059641446415	1	0	2	0
7	82	0.0	0.057187793017	1	0	3	0
7	45	0.0	0.056901038687	1	0	1	0
7	53	0.0	0.055974678733	1	0	5	0
7	13	0.0	0.057967616647	1	0	3	0
7	2	0.0	0.057187169299	1	0	3	0
7	40	0.0	0.056901277979	1	0	2	0
7	83	0.0	0.060850944816	1	0	0	0
7	47	0.0	0.055974653993	1	0	7	0
7	75	0.0	0.05597458355	1	0	6	0
7	63	0.0	0.055974819485	1	1	6	0
7	84	0.0	0.056901365994	1	0	1	0
7	41	0.0	0.059443252577	1	0	3	0
7	32	0.0	0.05597475786	1	0	5	0
7	79	0.0	0.057967760736	1	0	2	0
7	61	0.0	0.057967081832	1	0	3	0
8	28	NA 	 NA 	0	0	0	0
8	55	NA 	 NA 	0	0	0	0
8	59	NA 	 NA 	0	0	0	0
8	81	0.0	0.056134641997	1	1	7	0
8	43	0.0	0.058257542017	1	0	4	0
8	25	0.0	0.058413353794	1	0	1	0
8	46	0.0	0.058533974009	1	0	2	0
8	6	0.0	0.058534095968	1	0	3	0
8	30	0.0	0.056134533876	1	0	8	6
8	1	0.0	0.058413072951	1	0	1	0
8	35	0.0	0.058413072908	1	0	2	0
8	76	0.0	0.058413535841	1	0	2	0
8	18	0.0	0.059444354688	1	0	4	0
8	48	0.0	0.056134372568	1	0	9	0
8	5	0.0	0.059444451711	1	0	2	0
8	91	0.0	0.058413265941	1	0	1	0
8	73	0.0	0.058534270764	1	0	3	0
8	62	0.0	0.056134403897	1	0	6	0
8	49	0.0	0.05819252283	1	0	4	0
8	36	0.0	0.05613435212	1	0	5	0
8	58	0.0	0.058683876225	1	0	4	0
8	16	0.0	0.056134334412	1	0	10	0
8	9	0.0	0.05842996997	1	0	2	0
8	17	0.0	0.058192600402	1	0	0	0
8	4	0.0	0.056134722749	1	1	7	0
8	54	0.0	0.056134791716	1	1	6	0
8	63	0.0	0.058534325965	1	0	5	0
8	85	0.0	0.058192553774	1	0	3	0
8	20	0.0	0.058684091263	1	0	7	0
8	88	0.0	0.056134332991	1	0	9	0
8	70	0.0	0.058192190993	1	0	8	0
8	57	0.0	0.056134420423	1	0	7	0
8	32	0.0	0.060803163928	1	0	1	0
8	53	0.0	0.058413525771	1	0	2	0
8	71	0.0	0.058684000761	1	0	5	0
8	29	0.0	0.05613437946	1	0	5	0
8	92	0.0	0.058412864993	1	0	2	0
8	11	0.0	0.058192181399	1	0	5	0
8	22	0.0	0.059444636318	1	0	3	0
8	0	0.0	0.056134377728	1	0	7	0
8	26	0.0	0.056134439685	1	0	6	0
8	72	0.0	0.056134565433	1	1	4	0
8	15	0.0	0.058534057844	1	0	1	0
8	7	0.0	0.056134684769	1	1	4	0
8	74	0.0	0.058192427212	1	0	6	0
8	79	0.0	0.056134576619	1	0	8	0
8	44	0.0	0.058257507947	1	0	2	0
8	12	0.0	0.056134441578	1	0	5	0
8	75	0.0	0.056134770615	1	1	5	0
8	21	0.0	0.058413669077	1	0	4	5
8	60	0.0	0.056134518135	1	0	7	0
8	84	0.0	0.056134416696	1	0	4	0
8	40	0.0	0.056134660077	1	1	5	0
8	65	0.0	0.05613481249	1	1	3	0
8	37	0.0	0.056134555973	1	0	8	0
8	51	0.0	0.056134550382	1	0	6	0
8	10	0.0	0.056134379424	1	0	5	0
8	56	0.0	0.056134660674	1	1	7	0
8	80	0.0	0.058192402442	1	0	6	6
8	2	0.0	0.056134516207	1	0	6	0
8	50	0.0	0.058684013307	1	0	4	0
8	95	0.0	0.056134733595	1	1	7	0
8	98	0.0	0.056134715699	1	1	3	0
8	99	0.0	0.056134331491	1	0	7	0
8	77	0.0	0.060919410575	1	0	2	0
8	90	0.0	0.059444523287	1	0	4	0
8	96	0.0	0.056134611228	1	1	4	0
8	8	0.0	0.056134360235	1	0	7	0
8	68	0.0	0.058684108534	1	0	4	0
8	24	0.0	0.056134148313	1	0	9	0
8	47	0.0	0.056134375344	1	0	4	0
8	78	0.0	0.05613467266	1	1	5	0
8	64	0.0	0.056133994006	1	0	10	0
8	38	0.0	0.058429927736	1	0	3	0
8	93	0.0	0.056134666447	1	1	3	0
8	39	0.0	0.058534132848	1	0	1	0
8	67	0.0	0.056134777163	1	1	6	0
8	97	0.0	0.060803221104	1	0	1	0
8	69	0.0	0.059444533648	1	0	4	0
8	13	0.0	0.056134365823	1	0	4	0
8	66	0.0	0.056134097812	1	0	5	0
8	45	0.0	0.05841309318	1	0	3	0
8	89	0.0	0.056134728004	1	1	7	0
8	61	0.0	0.056133996351	1	0	10	0
8	41	0.0	0.058429821187	1	0	2	0
8	23	0.0	0.058413360106	1	0	4	0
8	94	0.0	0.056134173344	1	0	6	0
8	82	0.0	0.056134651476	1	1	6	0
8	87	0.0	0.058192478486	1	0	4	0
8	42	0.0	0.060803295374	1	0	1	0
8	3	0.0	0.058413668422	1	0	4	0
8	52	0.0	0.056134662232	1	1	5	0
8	33	0.0	0.05927864322	1	0	5	0
8	19	0.0	0.058192450526	1	0	2	0
8	86	0.0	0.058257745211	1	0	6	0
8	83	0.0	0.058192752878	1	0	3	0
8	14	0.0	0.056134385603	1	0	6	0
8	34	0.0	0.058192146186	1	0	6	0
8	27	0.0	0.058192657641	1	0	6	0
8	31	0.0	0.056134454001	1	0	7	5
9	90	NA 	 NA 	0	0	0	0
9	18	NA 	 NA 	0	0	0	0
9	20	NA 	 NA 	0	0	0	0
9	2	0.0	0.060086884116	1	0	2	0
9	63	0.0	0.058618388925	1	0	0	0
9	77	0.0	0.060086807884	1	0	2	0
9	85	0.0	0.058146535329	1	0	1	0
9	9	0.0	0.056075233986	1	0	8	0
9	62	0.0	0.058145952471	1	0	4	0
9	57	0.0	0.057223153215	1	0	2	0
9	78	0.0	0.056075523498	1	0	9	0
9	12	0.0	0.058145984297	1	0	3	0
9	4	0.0	0.056075614523	1	1	4	0
9	51	0.0	0.058146320501	1	0	1	0
9	98	0.0	0.056075617869	1	1	1	0
9	43	0.0	0.057223038949	1	0	2	0
9	21	0.0	0.056074952231	1	0	9	0
9	88	0.0	0.056075067136	1	0	9	0
9	24	0.0	0.056075284812	1	1	6	0
9	30	0.0	0.056074969046	1	0	6	0
9	82	0.0	0.056075619384	1	1	2	0
9	29	0.0	0.056075272564	1	1	5	0
9	75	0.0	0.056075501221	1	1	1	0
9	15	0.0	0.056075630704	1	1	7	0
9	16	0.0	0.056074844505	1	0	8	0
9	47	0.0	0.061394209459	1	0	0	0
9	92	0.0	0.057223609361	1	0	6	0
9	39	0.0	0.058175811571	1	0	2	0
9	50	0.0	0.056075246533	1	0	7	0
9	3	0.0	0.056075188779	1	0	6	0
9	97	0.0	0.058618302138	1	0	0	0
9	58	0.0	0.058617790213	1	0	0	0
9	23	0.0	0.056075101733	1	0	8	0
9	54	0.0	0.058617720897	1	0	0	0
9	70	0.0	0.056075286048	1	0	3	0
9	41	0.0	0.056074829814	1	0	8	0
9	73	0.0	0.056075154652	1	0	5	0
9	5	0.0	0.057223273852	1	0	3	0
9	31	0.0	0.058146344038	1	0	4	0
9	27	0.0	0.060207888862	1	0	5	0
9	96	0.0	0.056075618128	1	1	7	0
9	32	0.0	0.056075473714	1	0	9	0
9	64	0.0	0.056075170988	1	0	2	0
9	38	0.0	0.056075416772	1	0	8	0
9	71	0.0	0.060086950973	1	0	4	0
9	48	0.0	0.05607487363	1	0	9	0
9	53	0.0	0.058618195484	1	0	0	0
9	13	0.0	0.058145981849	1	0	4	0
9	35	0.0	0.058618214798	1	0	1	0
9	40	0.0	0.056075052899	1	0	7	0
9	86	0.0	0.05607530879	1	0	9	0
9	46	0.0	0.056075429784	1	0	9	0
9	36	0.0	0.058725659539	1	0	1	0
9	42	0.0	0.056075506262	1	0	5	0
9	26	0.0	0.056075489383	1	0	5	0
9	76	0.0	0.056074890009	1	0	9	0
9	66	0.0	0.058146515737	1	0	1	0
9	72	0.0	0.058618380366	1	0	1	0
9	56	0.0	0.058145854426	1	0	4	0
9	45	0.0	0.058146258669	1	0	3	0
9	87	0.0	0.058146416547	1	0	1	0
9	99	0.0	0.056075306606	1	0	5	0
9	25	0.0	0.056075518285	1	1	7	0
9	84	0.0	0.056075359827	1	0	9	0
9	94	0.0	0.057223362525	1	0	2	0
9	93	0.0	0.056075221478	1	0	10	0
9	59	0.0	0.058618082816	1	0	2	0
9	79	0.0	0.056075163161	1	0	7	0
9	81	0.0	0.057223605707	1	0	5	0
9	33	0.0	0.056075648292	1	1	7	0
9	65	0.0	0.056075276921	1	0	7	0
9	91	0.0	0.056075290483	1	0	7	0
9	8	0.0	0.056075577845	1	1	6	0
9	19	0.0	0.056075566959	1	1	4	0
9	74	0.0	0.058618197254	1	0	0	0
9	68	NA 	 NA 	0	0	0	0
9	67	0.0	0.058725569724	1	0	1	0
9	61	0.0	0.057223347295	1	0	1	0
9	28	0.0	0.056075351147	1	0	3	0
9	6	0.0	0.061393663221	1	0	0	0
9	60	0.0	0.058618293197	1	0	2	0
9	55	0.0	0.056074999069	1	0	6	0
9	11	0.0	0.056075132135	1	0	9	0
9	17	0.0	0.058725858893	1	0	1	0
9	83	0.0	0.056075618578	1	1	3	0
9	44	0.0	0.057223324807	1	0	3	0
9	69	0.0	0.056074866463	1	0	6	0
9	95	0.0	0.058175976119	1	0	3	0
9	14	0.0	0.058146552128	1	0	1	0
9	34	0.0	0.057223345443	1	0	3	0
9	7	0.0	0.058146127904	1	0	3	0
9	0	0.0	0.056075655599	1	1	2	0
9	49	0.0	0.058146267933	1	0	1	0
9	52	0.0	0.05607522102	1	0	7	0
9	89	0.0	0.058145703615	1	0	6	0
9	37	0.0	0.057222966046	1	0	4	0
9	10	0.0	0.058146290087	1	0	1	0
9	1	0.0	0.058145908845	1	0	3	0
9	80	0.0	0.057223299189	1	0	3	0
9	22	0.0	0.058146234103	1	0	0	0
