0	51	NA 	 NA 	0	0	0	0
0	134	0.0	0.057467712489	1	0	4	0
0	63	0.0	0.056752359915	1	0	2	0
0	86	0.0	0.060017975183	1	0	0	0
0	156	0.0	0.057220934218	1	0	2	0
0	121	0.0	0.056216162164	1	0	5	0
0	188	0.0	0.056215824399	1	0	6	0
0	164	0.0	0.056753170998	1	0	4	0
0	32	0.0	0.056215804647	1	0	6	0
0	58	0.0	0.057653769501	1	0	5	0
0	154	0.0	0.056753211606	1	0	2	0
0	2	0.0	0.056752918859	1	0	2	0
0	165	0.0	0.056752996146	1	0	2	0
0	47	0.0	0.056216199264	1	1	7	0
0	92	0.0	0.056753181929	1	0	2	0
0	135	0.0	0.056216005013	1	0	4	0
0	69	0.0	0.05621619631	1	1	7	0
0	20	0.0	0.057982130308	1	0	1	0
0	168	0.0	0.057653615315	1	0	4	0
0	38	0.0	0.056215499933	1	0	9	0
0	189	0.0	0.060018015144	1	0	0	0
0	45	0.0	0.058189536548	1	0	3	0
0	196	0.0	0.057221009965	1	0	4	0
0	186	0.0	0.057220576745	1	0	4	0
0	30	0.0	0.056216190976	1	1	7	0
0	110	0.0	0.057467717881	1	0	4	0
0	187	0.0	0.057467819198	1	0	6	0
0	84	0.0	0.056752958919	1	0	1	0
0	106	0.0	0.057221055719	1	0	4	0
0	119	0.0	0.057467915435	1	0	5	0
0	198	0.0	0.058189577597	1	0	2	0
0	46	0.0	0.056215784615	1	0	8	0
0	163	0.0	0.056215727584	1	0	7	0
0	193	0.0	0.057220976909	1	0	3	0
0	89	0.0	0.056215443547	1	0	9	0
0	52	0.0	0.057467902379	1	0	4	0
0	34	0.0	0.056216167346	1	0	6	0
0	97	0.0	0.057982067695	1	0	1	0
0	178	0.0	0.056216236001	1	1	7	0
0	172	0.0	0.056753021376	1	0	1	0
0	101	0.0	0.056215932653	1	0	3	0
0	176	0.0	0.056216126238	1	0	3	0
0	49	0.0	0.056216143242	1	0	7	0
0	7	0.0	0.057653258876	1	0	5	0
0	107	0.0	0.056215990426	1	0	4	0
0	190	0.0	0.056216100814	1	0	7	0
0	48	0.0	0.056753180539	1	0	1	0
0	170	0.0	0.057467917326	1	0	6	0
0	132	0.0	0.057467562431	1	0	5	0
0	25	0.0	0.056216117089	1	0	5	0
0	175	0.0	0.057981888841	1	0	1	0
0	181	0.0	0.056215537179	1	0	10	0
0	11	0.0	0.05806869578	1	0	4	0
0	9	0.0	0.057982079083	1	0	1	0
0	81	0.0	0.056216128981	1	0	8	0
0	167	0.0	0.057220910968	1	0	3	0
0	82	0.0	0.057220870989	1	0	4	0
0	177	0.0	0.056215858816	1	0	3	0
0	124	0.0	0.056216027439	1	0	6	0
0	141	0.0	0.056216096625	1	0	3	0
0	129	0.0	0.056216183069	1	1	3	0
0	150	0.0	0.056215492639	1	0	11	0
0	100	0.0	0.056215649193	1	0	10	0
0	16	0.0	0.056215774252	1	0	9	0
0	78	0.0	0.056215786117	1	0	6	0
0	94	0.0	0.056215856964	1	0	4	0
0	192	0.0	0.057653420943	1	0	5	0
0	35	0.0	0.05855026162	1	0	1	0
0	50	0.0	0.056215557167	1	0	6	0
0	56	0.0	0.056752921188	1	0	2	0
0	118	0.0	0.056215825691	1	0	6	0
0	114	0.0	0.05746797728	1	0	5	0
0	80	0.0	0.056216127011	1	0	4	0
0	113	0.0	0.056215790363	1	0	7	0
0	4	0.0	0.056215940128	1	0	4	0
0	98	0.0	0.056752743321	1	0	1	0
0	147	0.0	0.057653307396	1	0	5	0
0	18	0.0	0.057220848161	1	0	4	0
0	87	0.0	0.056215821334	1	0	7	0
0	160	0.0	0.057653855729	1	0	5	0
0	21	0.0	0.057220857369	1	0	3	0
0	130	0.0	0.056216244932	1	1	8	0
0	96	NA 	 NA 	0	0	0	0
0	182	0.0	0.05765368825	1	0	5	0
0	57	0.0	0.056215465169	1	0	10	17
0	139	0.0	0.057220889684	1	0	2	0
0	133	0.0	0.057221217039	1	0	6	0
0	36	0.0	0.056752555255	1	0	1	0
0	137	0.0	0.056216131128	1	0	5	0
0	44	NA 	 NA 	0	0	0	0
0	40	0.0	0.057220413293	1	0	4	0
0	91	0.0	0.056215845273	1	0	8	0
0	15	0.0	0.056752954075	1	0	2	0
0	24	0.0	0.05621583238	1	0	7	0
0	41	0.0	0.056752638353	1	0	2	0
0	93	0.0	0.057220738654	1	0	2	0
0	102	0.0	0.056215874646	1	0	5	0
0	13	0.0	0.056215854646	1	0	6	0
0	143	0.0	0.056216119343	1	0	6	0
0	158	0.0	0.056215797259	1	0	2	0
0	1	0.0	0.056215869728	1	0	6	0
0	108	0.0	0.058709713108	1	0	0	0
0	157	0.0	0.057220944363	1	0	4	0
0	26	0.0	0.05722061283	1	0	3	0
0	99	0.0	0.057468082233	1	0	5	0
0	199	0.0	0.057220607165	1	0	4	0
0	127	0.0	0.057221021218	1	0	4	0
0	31	0.0	0.056752818374	1	0	2	0
0	28	0.0	0.058069274711	1	0	3	0
0	117	0.0	0.057653579082	1	0	2	0
0	95	0.0	0.05621614411	1	0	8	0
0	109	0.0	0.057705406162	1	0	4	0
0	67	0.0	0.057468129856	1	0	2	0
0	123	0.0	0.056215807279	1	0	6	0
0	171	0.0	0.058709445043	1	0	2	0
0	145	0.0	0.056215777529	1	0	7	0
0	29	0.0	0.057653472643	1	0	4	0
0	180	0.0	0.057220872195	1	0	4	0
0	70	0.0	0.057467586417	1	0	7	0
0	53	0.0	0.056753038856	1	0	1	0
0	111	0.0	0.056753042804	1	0	2	0
0	166	0.0	0.0567522959	1	0	2	0
0	33	0.0	0.058068698552	1	0	3	0
0	8	0.0	0.056216190613	1	0	5	0
0	76	0.0	0.056215788826	1	0	3	0
0	185	0.0	0.056215801891	1	0	4	0
0	23	0.0	0.057653778577	1	0	5	0
0	120	0.0	0.056216242192	1	1	2	0
0	162	0.0	0.056216139257	1	0	9	0
0	142	0.0	0.057220826111	1	0	4	0
0	27	0.0	0.056215803009	1	0	7	0
0	125	0.0	0.056215767573	1	0	7	0
0	64	0.0	0.056215808356	1	0	7	0
0	126	0.0	0.056216265551	1	1	3	0
0	66	0.0	0.056216001638	1	0	7	0
0	159	0.0	0.058550266533	1	0	1	0
0	149	0.0	0.05722059798	1	0	5	0
0	88	0.0	0.060017874256	1	0	0	0
0	138	0.0	0.057220636327	1	0	5	0
0	61	0.0	0.057982129437	1	0	1	0
0	151	0.0	0.056215797103	1	0	7	0
0	77	0.0	0.056215820321	1	0	7	0
0	90	0.0	0.057220927437	1	0	3	0
0	54	0.0	0.056216231726	1	1	2	0
0	146	0.0	0.057467867395	1	0	5	0
0	68	0.0	0.056215794544	1	0	4	0
0	197	0.0	0.056216279024	1	1	3	0
0	42	0.0	0.056216109136	1	0	7	0
0	116	0.0	0.056216080007	1	0	7	0
0	62	0.0	0.056215631823	1	0	9	0
0	0	0.0	0.056753057975	1	0	4	0
0	60	0.0	0.056215874549	1	0	6	0
0	131	0.0	0.057467861957	1	0	6	0
0	179	0.0	0.05621625856	1	1	3	0
0	39	0.0	0.060018036872	1	0	0	0
0	122	0.0	0.056216021418	1	0	5	0
0	73	0.0	0.056216239731	1	1	4	0
0	184	0.0	0.057467514094	1	0	7	0
0	55	0.0	0.057467496508	1	0	6	0
0	22	0.0	0.05675298694	1	0	2	0
0	59	0.0	0.056215971026	1	0	7	0
0	174	0.0	0.056215914189	1	0	7	0
0	194	0.0	0.056215976178	1	0	7	0
0	173	0.0	0.05621622205	1	1	3	0
0	169	NA 	 NA 	0	0	0	0
0	85	0.0	0.056752983648	1	0	1	0
0	72	0.0	0.056215539015	1	0	10	0
0	161	0.0	0.057653615569	1	0	3	0
0	155	0.0	0.056216188197	1	1	5	0
0	153	0.0	0.0562159256	1	0	6	0
0	14	0.0	0.05722077627	1	0	2	0
0	5	0.0	0.057220609038	1	0	5	0
0	71	0.0	0.0562161629	1	1	7	0
0	43	0.0	0.056216024279	1	0	7	0
0	105	0.0	0.057220997346	1	0	4	0
0	183	0.0	0.056216275776	1	1	6	0
0	140	0.0	0.057220591599	1	0	4	0
0	136	0.0	0.056752633227	1	0	2	0
0	65	0.0	0.056215707765	1	0	8	0
0	115	0.0	0.056216018545	1	0	4	0
0	148	0.0	0.057467902492	1	0	5	0
0	191	0.0	0.05722076483	1	0	3	0
0	17	0.0	0.057220604969	1	0	3	0
0	75	0.0	0.056215783623	1	0	4	0
0	10	0.0	0.056216169364	1	0	4	0
0	128	0.0	0.056216009693	1	0	5	0
0	83	0.0	0.056215937461	1	0	10	0
0	74	0.0	0.057982112286	1	0	1	0
0	6	0.0	0.057653535094	1	0	4	17
0	112	0.0	0.057982094742	1	0	1	0
0	195	0.0	0.056216002983	1	0	4	0
0	144	0.0	0.057220641261	1	0	5	0
0	37	0.0	0.058709448202	1	0	2	0
0	152	0.0	0.057653604243	1	0	3	0
0	12	0.0	0.057468163812	1	0	2	0
0	19	0.0	0.056752956493	1	0	2	0
0	79	0.0	0.056752446127	1	0	2	0
0	3	0.0	0.05621615711	1	1	7	0
0	104	0.0	0.056215922531	1	0	9	0
0	103	0.0	0.057221040122	1	0	2	0
1	82	NA 	 NA 	0	0	0	0
1	104	NA 	 NA 	0	0	0	0
1	37	NA 	 NA 	0	0	0	0
1	171	0.0	0.057778982908	1	0	5	0
1	68	0.0	0.056085211862	1	0	9	0
1	87	NA 	 NA 	0	0	0	0
1	145	0.0	0.056466006741	1	0	1	0
1	193	0.0	0.058793035964	1	0	6	0
1	88	0.0	0.057285079856	1	0	7	0
1	5	0.0	0.056465722976	1	0	1	0
1	134	0.0	0.059189555082	1	0	2	0
1	122	0.0	0.057284929955	1	0	6	0
1	2	0.0	0.05796445572	1	0	3	0
1	117	0.0	0.056085120564	1	0	9	0
1	174	0.0	0.056085278482	1	0	4	0
1	121	0.0	0.056085306249	1	1	7	0
1	125	0.0	0.056466088357	1	0	1	0
1	4	0.0	0.057964607678	1	0	2	0
1	92	0.0	0.057778953833	1	0	5	0
1	78	0.0	0.056085236383	1	0	7	0
1	39	0.0	0.056085028784	1	0	5	0
1	177	0.0	0.058792566038	1	0	6	0
1	16	0.0	0.057284504929	1	0	7	0
1	85	0.0	0.05608528032	1	1	9	0
1	3	0.0	0.056085297685	1	0	5	0
1	12	0.0	0.056465441251	1	0	1	0
1	50	0.0	0.057779064356	1	0	4	0
1	46	0.0	0.056084654025	1	0	16	0
1	97	0.0	0.05646614894	1	0	7	0
1	98	0.0	0.057284991705	1	0	6	0
1	19	0.0	0.056085353377	1	1	6	0
1	107	0.0	0.058792417575	1	0	7	0
1	110	0.0	0.057284729127	1	0	7	0
1	199	0.0	0.057284882792	1	0	3	0
1	167	0.0	0.058792900622	1	0	6	0
1	58	0.0	0.056085349405	1	1	7	0
1	11	0.0	0.05728523104	1	0	11	0
1	69	0.0	0.057779287626	1	0	4	0
1	79	0.0	0.056085339447	1	1	6	0
1	1	0.0	0.05608505023	1	0	6	0
1	48	0.0	0.05608537246	1	1	4	0
1	111	0.0	0.057570974292	1	0	5	0
1	51	0.0	0.056085127179	1	1	7	0
1	102	0.0	0.056085331209	1	1	9	0
1	133	0.0	0.057570871666	1	0	10	0
1	52	0.0	0.058792929015	1	0	6	0
1	105	0.0	0.056085104418	1	0	11	0
1	9	0.0	0.057964473997	1	0	2	0
1	89	0.0	0.057778628292	1	0	4	0
1	144	0.0	0.056084917251	1	0	9	0
1	169	0.0	0.05728510165	1	0	6	0
1	128	0.0	0.05879260742	1	0	4	0
1	185	0.0	0.056085226174	1	0	10	0
1	127	0.0	0.056085102915	1	0	11	0
1	57	0.0	0.058792992159	1	0	6	0
1	75	0.0	0.056084852523	1	0	7	0
1	6	0.0	0.056085373741	1	1	1	0
1	91	0.0	0.056084813043	1	0	9	0
1	190	0.0	0.058793185559	1	0	3	0
1	74	0.0	0.058792731992	1	0	6	0
1	149	0.0	0.057285275764	1	0	6	0
1	156	0.0	0.056465923894	1	0	2	0
1	186	0.0	0.05757118681	1	0	9	0
1	44	0.0	0.057964508834	1	0	3	0
1	40	0.0	0.056085301385	1	1	8	0
1	132	0.0	0.056084861975	1	0	13	0
1	183	0.0	0.056084614116	1	0	12	0
1	61	0.0	0.056085069586	1	0	8	0
1	32	0.0	0.056084639022	1	0	10	0
1	152	0.0	0.056084964238	1	0	11	0
1	42	0.0	0.056084851752	1	0	9	0
1	165	0.0	0.057285051756	1	0	4	0
1	15	0.0	0.057964705761	1	0	3	0
1	35	0.0	0.057778869723	1	0	5	0
1	72	0.0	0.058792916569	1	0	5	0
1	60	0.0	0.057284813754	1	0	6	0
1	100	0.0	0.056085036337	1	0	9	0
1	21	0.0	0.056465694866	1	0	3	0
1	194	0.0	0.058792726604	1	0	8	0
1	114	0.0	0.056085223288	1	0	10	0
1	56	0.0	0.057571148419	1	0	9	0
1	81	0.0	0.057571140121	1	0	5	0
1	168	0.0	0.058793042547	1	0	5	0
1	53	0.0	0.056085207835	1	0	12	0
1	159	0.0	0.056084899389	1	0	12	0
1	71	0.0	0.056466230606	1	0	2	1
1	76	0.0	0.056085198883	1	0	12	0
1	189	0.0	0.058792870633	1	0	6	0
1	113	0.0	0.05879295696	1	0	6	0
1	17	0.0	0.056085197937	1	0	10	0
1	20	0.0	0.056085241558	1	1	6	0
1	179	0.0	0.056084636212	1	0	16	0
1	45	0.0	0.056085039548	1	0	9	0
1	22	0.0	0.057571047948	1	0	4	0
1	83	0.0	0.058792833127	1	0	6	0
1	187	0.0	0.058792736909	1	0	6	0
1	33	0.0	0.057571124503	1	0	9	0
1	196	0.0	0.056085188879	1	1	7	0
1	43	0.0	0.056465699359	1	0	1	0
1	106	0.0	0.056084989955	1	0	8	0
1	63	0.0	0.056465684903	1	0	3	0
1	151	0.0	0.057284708238	1	0	6	0
1	142	0.0	0.056085215478	1	0	6	0
1	180	0.0	0.056084646114	1	0	11	0
1	147	0.0	0.057285262235	1	0	4	0
1	155	0.0	0.0572844123	1	0	6	0
1	140	0.0	0.056084876821	1	0	11	0
1	23	0.0	0.056084838755	1	0	6	0
1	77	0.0	0.056085160003	1	0	14	0
1	160	0.0	0.056465441334	1	0	1	0
1	163	0.0	0.056466077043	1	0	1	0
1	175	0.0	0.056085073561	1	0	10	0
1	54	0.0	0.056466350891	1	0	7	0
1	115	0.0	0.056085253694	1	0	6	0
1	0	0.0	0.056085356343	1	1	6	0
1	38	0.0	0.057284910998	1	0	7	0
1	178	0.0	0.056085052703	1	0	9	0
1	25	0.0	0.056084598542	1	0	12	0
1	62	0.0	0.05728517426	1	0	6	0
1	184	0.0	0.056085268296	1	1	7	0
1	166	0.0	0.056084889391	1	0	9	0
1	18	0.0	0.056084661272	1	0	11	0
1	192	0.0	0.056085269424	1	1	11	0
1	101	0.0	0.057285083016	1	0	4	0
1	96	0.0	0.056465922816	1	0	4	0
1	41	0.0	0.056085228565	1	0	10	0
1	109	0.0	0.058793128516	1	0	4	0
1	136	0.0	0.056085352176	1	1	8	0
1	65	0.0	0.05879277848	1	0	5	0
1	164	0.0	0.056084874162	1	0	11	0
1	141	0.0	0.05608462828	1	0	11	0
1	130	0.0	0.056085070668	1	0	6	0
1	99	0.0	0.056084758813	1	0	17	0
1	94	0.0	0.056084548252	1	0	17	0
1	162	0.0	0.056085179432	1	0	6	1
1	150	0.0	0.056085344881	1	1	2	0
1	8	0.0	0.058939316698	1	0	1	0
1	119	0.0	0.057964582074	1	0	2	0
1	7	0.0	0.058792419481	1	0	7	0
1	161	0.0	0.05879285296	1	0	6	0
1	24	0.0	0.058792598204	1	0	4	0
1	14	0.0	0.056084934298	1	0	6	0
1	112	0.0	0.056084984371	1	0	10	17
1	29	0.0	0.056084899493	1	0	13	0
1	143	0.0	0.056084590523	1	0	13	0
1	198	0.0	0.056085018262	1	0	10	0
1	138	0.0	0.056084956254	1	0	10	0
1	70	0.0	0.056084962922	1	0	12	0
1	49	0.0	0.056084889155	1	0	13	0
1	90	0.0	0.056085224248	1	0	7	0
1	28	0.0	0.057571297689	1	0	9	17
1	93	0.0	0.056085362846	1	1	9	1
1	137	0.0	0.056084857204	1	0	7	0
1	158	0.0	0.057284959546	1	0	6	0
1	10	0.0	0.056085210344	1	0	9	0
1	59	0.0	0.056085237407	1	0	10	0
1	47	0.0	0.056466253744	1	0	3	0
1	34	0.0	0.056085354691	1	1	5	0
1	188	0.0	0.057570883575	1	0	10	0
1	80	0.0	0.057284988889	1	0	6	0
1	131	0.0	0.056466056058	1	0	1	0
1	64	0.0	0.056085001582	1	0	13	0
1	191	0.0	0.056085252551	1	1	10	1
1	31	0.0	0.057571200953	1	0	9	0
1	135	0.0	0.058793054989	1	0	6	0
1	197	0.0	0.056084887402	1	0	11	0
1	124	0.0	0.057285181738	1	0	4	0
1	95	0.0	0.056085240485	1	0	13	0
1	120	0.0	0.056084910121	1	0	8	0
1	173	0.0	0.057571147573	1	0	9	0
1	118	0.0	0.058793167612	1	0	5	0
1	153	0.0	0.056085207218	1	1	7	0
1	30	NA 	 NA 	0	0	0	0
1	146	0.0	0.059189400727	1	0	1	0
1	103	0.0	0.057285068144	1	0	6	0
1	66	0.0	0.057284733169	1	0	8	0
1	148	0.0	0.056085289254	1	1	8	0
1	116	0.0	0.056084880948	1	0	10	0
1	195	0.0	0.058792553709	1	0	6	0
1	27	0.0	0.056465722888	1	0	1	0
1	55	0.0	0.056085213121	1	1	4	0
1	139	0.0	0.057778698865	1	0	2	0
1	84	0.0	0.057571065909	1	0	5	0
1	129	0.0	0.056084579996	1	0	13	0
1	157	0.0	0.056085144661	1	0	4	0
1	67	0.0	0.056466189824	1	0	4	0
1	123	0.0	0.058793052665	1	0	5	0
1	13	0.0	0.057570978848	1	0	8	0
1	154	0.0	0.057570889087	1	0	9	0
1	176	0.0	0.057778954965	1	0	5	0
1	182	0.0	0.058792902726	1	0	5	0
1	86	0.0	0.056085327035	1	0	6	0
1	26	0.0	0.056085286632	1	1	4	0
1	126	0.0	0.056085151789	1	0	6	0
1	172	0.0	0.056085044248	1	0	6	0
1	108	0.0	0.058792823067	1	0	5	0
1	73	0.0	0.057778955027	1	0	5	0
1	36	0.0	0.05879285148	1	0	6	0
1	181	0.0	0.057778953929	1	0	5	0
1	170	0.0	0.058793070652	1	0	6	0
2	80	NA 	 NA 	0	0	0	0
2	98	NA 	 NA 	0	0	0	0
2	53	NA 	 NA 	0	0	0	0
2	43	NA 	 NA 	0	0	0	0
2	33	NA 	 NA 	0	0	0	0
2	87	NA 	 NA 	0	0	0	0
2	157	0.0	0.056287820744	1	0	12	0
2	123	0.0	0.056288226185	1	1	13	0
2	23	0.0	0.057657069264	1	0	2	0
2	68	0.0	0.05628823292	1	1	6	0
2	149	0.0	0.057657037718	1	0	3	0
2	82	0.0	0.057657187493	1	0	6	0
2	78	0.0	0.056288297265	1	1	5	0
2	139	0.0	0.057643878255	1	0	8	0
2	37	0.0	0.059738667208	1	0	1	0
2	1	0.0	0.056288154241	1	0	16	0
2	13	0.0	0.057644226921	1	0	11	0
2	72	NA 	 NA 	0	0	0	0
2	25	0.0	0.057657075646	1	0	2	0
2	22	0.0	0.057644055232	1	0	7	0
2	116	0.0	0.059240558369	1	0	12	0
2	42	0.0	0.056287561251	1	0	19	0
2	44	0.0	0.057643988223	1	0	5	0
2	114	0.0	0.0576440984	1	0	11	0
2	19	0.0	0.056288112913	1	1	16	0
2	166	0.0	0.056288167291	1	0	8	0
2	165	0.0	0.057842338562	1	0	7	0
2	121	0.0	0.059042196473	1	0	9	0
2	179	0.0	0.056288220055	1	1	9	0
2	159	0.0	0.05628785743	1	0	14	0
2	76	0.0	0.059240578995	1	0	12	0
2	133	0.0	0.057842304174	1	0	11	0
2	101	0.0	0.056288174387	1	1	11	0
2	140	0.0	0.056288029576	1	0	11	0
2	187	0.0	0.056287872404	1	0	13	0
2	30	0.0	0.059041676689	1	0	13	0
2	77	0.0	0.056288221904	1	1	13	0
2	85	0.0	0.056288037436	1	0	6	0
2	31	0.0	0.056288289711	1	1	13	0
2	108	0.0	0.056287477455	1	0	20	0
2	151	0.0	0.05784249856	1	0	9	0
2	45	0.0	0.057643850168	1	0	3	0
2	36	0.0	0.057644193693	1	0	4	0
2	162	0.0	0.057841935069	1	0	5	0
2	38	0.0	0.056288226605	1	1	6	0
2	102	0.0	0.059240509513	1	0	5	0
2	49	0.0	0.057657105264	1	0	5	0
2	146	0.0	0.056287985014	1	0	8	0
2	104	0.0	0.056287842759	1	0	7	0
2	51	0.0	0.056287598564	1	0	14	0
2	144	0.0	0.056287552728	1	0	17	0
2	111	0.0	0.056287608352	1	0	19	0
2	130	0.0	0.056288319387	1	1	10	0
2	74	0.0	0.05628817328	1	1	8	0
2	129	0.0	0.05764416825	1	0	5	0
2	142	0.0	0.057657265952	1	0	12	0
2	176	0.0	0.058817421673	1	0	12	0
2	8	0.0	0.05881725058	1	0	6	0
2	0	0.0	0.059581576245	1	0	1	0
2	29	0.0	0.05765666644	1	0	6	0
2	158	0.0	0.056288250231	1	1	6	0
2	119	0.0	0.056287999737	1	0	9	0
2	7	0.0	0.056288146316	1	0	12	0
2	192	0.0	0.056288156376	1	0	8	0
2	178	0.0	0.056287828066	1	0	15	0
2	184	0.0	0.057644125193	1	0	4	0
2	154	0.0	0.056287940643	1	0	12	0
2	81	0.0	0.056288272363	1	1	9	0
2	6	0.0	0.05628785116	1	0	15	0
2	126	0.0	0.05764356098	1	0	9	0
2	57	0.0	0.057643927449	1	0	5	0
2	132	0.0	0.056287829538	1	0	17	0
2	194	0.0	0.057644113514	1	0	4	0
2	11	0.0	0.058817295303	1	0	12	0
2	3	0.0	0.060896126345	1	0	1	0
2	91	0.0	0.059042038806	1	0	8	0
2	191	0.0	0.056287957332	1	0	9	0
2	12	0.0	0.056288060508	1	0	9	0
2	73	0.0	0.056287948504	1	0	9	0
2	153	0.0	0.056287495856	1	0	20	0
2	10	0.0	0.057644116302	1	0	4	0
2	15	0.0	0.059042174463	1	0	8	0
2	127	0.0	0.056287892695	1	0	10	0
2	50	0.0	0.057644098853	1	0	5	0
2	96	0.0	0.056288253589	1	1	14	0
2	106	0.0	0.056287587881	1	0	18	0
2	163	0.0	0.056288066474	1	0	11	0
2	70	0.0	0.056288194014	1	1	9	0
2	170	0.0	0.056288180523	1	1	13	0
2	150	0.0	0.056288168365	1	1	16	0
2	48	0.0	0.056288316486	1	1	10	0
2	24	0.0	0.056288264171	1	1	10	0
2	32	0.0	0.056288215935	1	1	11	0
2	175	0.0	0.056288205643	1	1	8	6
2	161	0.0	0.059738699724	1	0	4	0
2	156	0.0	0.056287983614	1	0	16	0
2	34	0.0	0.059042075528	1	0	6	0
2	84	0.0	0.059041978516	1	0	9	0
2	141	0.0	0.057644003236	1	0	10	0
2	131	0.0	0.056287862081	1	0	10	0
2	174	0.0	0.057644223436	1	0	4	0
2	155	0.0	0.059041744871	1	0	15	0
2	86	0.0	0.057842469092	1	0	11	0
2	41	0.0	0.057842463305	1	0	8	0
2	18	0.0	0.056288291985	1	1	6	0
2	65	0.0	0.058817261655	1	0	9	0
2	109	0.0	0.056287659769	1	0	14	0
2	125	0.0	0.057657272111	1	0	4	0
2	137	0.0	0.059340628492	1	0	8	0
2	46	0.0	0.061176310209	1	0	1	0
2	190	0.0	0.056287801245	1	0	15	0
2	122	0.0	0.056288165477	1	0	8	0
2	181	0.0	0.056287967031	1	0	9	0
2	4	0.0	0.059042073677	1	0	10	0
2	2	0.0	0.05958138069	1	0	7	0
2	188	0.0	0.056288007216	1	0	15	0
2	173	0.0	0.059042309887	1	0	11	0
2	17	0.0	0.056287884079	1	0	13	0
2	195	0.0	0.056288175248	1	1	13	0
2	97	0.0	0.057643806711	1	0	3	0
2	90	0.0	0.05784258673	1	0	10	0
2	128	0.0	0.057643944433	1	0	10	0
2	152	0.0	0.058817050848	1	0	8	0
2	21	0.0	0.057644193614	1	0	9	0
2	136	0.0	0.056287692017	1	0	13	0
2	27	0.0	0.056288006089	1	0	15	0
2	67	0.0	0.057643823861	1	0	9	0
2	117	0.0	0.057657059223	1	0	2	0
2	171	0.0	0.056288162173	1	1	11	0
2	69	0.0	0.057656999404	1	0	4	0
2	177	0.0	0.057643864652	1	0	8	0
2	93	0.0	0.056287869783	1	0	10	0
2	167	0.0	0.057643827536	1	0	5	0
2	75	0.0	0.056287799494	1	0	11	0
2	143	0.0	0.057656981095	1	0	5	0
2	88	0.0	0.056287960141	1	0	8	0
2	94	0.0	0.056288041713	1	0	7	0
2	115	0.0	0.056287853163	1	0	11	0
2	112	0.0	0.056287754518	1	0	13	0
2	20	0.0	0.057643569313	1	0	7	0
2	120	0.0	0.056287516214	1	0	24	0
2	92	0.0	0.056287824848	1	0	15	0
2	182	0.0	0.05628825183	1	1	10	0
2	64	0.0	0.056288171693	1	1	15	0
2	164	0.0	0.056288223234	1	1	12	0
2	14	0.0	0.056287820103	1	0	20	0
2	105	0.0	0.056287981798	1	0	12	0
2	124	0.0	0.056288119398	1	0	10	0
2	16	0.0	0.05765706933	1	0	2	0
2	183	0.0	0.059340666359	1	0	5	0
2	168	0.0	0.059042025418	1	0	10	0
2	39	0.0	0.057643883576	1	0	6	0
2	59	0.0	0.056288294257	1	1	10	0
2	26	0.0	0.056288087065	1	1	15	0
2	47	0.0	0.056287557596	1	0	16	0
2	63	0.0	0.057657187412	1	0	3	0
2	5	0.0	0.05764358796	1	0	9	0
2	185	0.0	0.059581456255	1	0	8	0
2	160	0.0	0.058817419062	1	0	9	0
2	138	0.0	0.056288165131	1	0	14	0
2	79	0.0	0.057643573659	1	0	10	0
2	52	0.0	0.057657043044	1	0	3	0
2	60	0.0	0.059042133027	1	0	7	0
2	54	0.0	0.056288105425	1	0	12	0
2	35	0.0	0.058817419233	1	0	10	0
2	89	0.0	0.056288016289	1	0	11	0
2	199	0.0	0.059461011711	1	0	2	0
2	100	0.0	0.059581341583	1	0	6	0
2	61	0.0	0.057657253385	1	0	10	0
2	189	0.0	0.056287929654	1	0	10	0
2	118	0.0	0.059460977063	1	0	6	0
2	110	0.0	0.059041699694	1	0	12	0
2	95	0.0	0.056287808874	1	0	12	0
2	62	0.0	0.057644087141	1	0	5	0
2	198	0.0	0.056288184818	1	1	13	0
2	193	0.0	0.056287777793	1	0	14	0
2	40	0.0	0.057656625107	1	0	6	0
2	186	0.0	0.056287999306	1	0	12	0
2	71	0.0	0.056287976959	1	0	13	0
2	83	0.0	0.056287668591	1	0	18	0
2	58	0.0	0.05904210635	1	0	8	0
2	66	0.0	0.059042292344	1	0	8	0
2	28	0.0	0.059460972347	1	0	6	0
2	145	0.0	0.059041722313	1	0	12	0
2	147	0.0	0.056288248521	1	1	11	0
2	148	0.0	0.057643898213	1	0	7	0
2	99	0.0	0.060896125474	1	0	2	0
2	9	0.0	0.05946092836	1	0	8	0
2	180	0.0	0.056288183321	1	0	12	0
2	135	0.0	0.056288108011	1	0	12	0
2	103	0.0	0.057644186384	1	0	9	0
2	196	0.0	0.056288205604	1	1	7	6
2	134	0.0	0.058817300009	1	0	8	0
2	113	0.0	0.059460928777	1	0	6	0
2	172	0.0	0.059340637524	1	0	9	0
2	107	0.0	0.058816993969	1	0	7	0
2	55	0.0	0.0576570454	1	0	2	0
2	197	0.0	0.0593407284	1	0	5	0
2	169	0.0	0.059042184997	1	0	5	0
2	56	0.0	0.057657080892	1	0	2	0
3	112	NA 	 NA 	0	0	0	0
3	102	NA 	 NA 	0	0	0	0
3	108	NA 	 NA 	0	0	0	0
3	185	NA 	 NA 	0	0	0	0
3	88	0.0	0.058021028406	1	0	9	0
3	100	0.0	0.056093319769	1	1	11	0
3	96	0.0	0.056825131959	1	0	2	0
3	80	0.0	0.057098350463	1	0	1	0
3	13	0.0	0.056093395061	1	1	10	0
3	32	0.0	0.057098474838	1	0	1	0
3	81	0.0	0.058262101489	1	0	3	0
3	2	0.0	0.05609318732	1	0	5	0
3	121	0.0	0.057219200814	1	0	0	0
3	155	0.0	0.056093017198	1	0	4	0
3	46	0.0	0.057219289407	1	0	4	0
3	118	0.0	0.057098142109	1	0	0	0
3	89	0.0	0.057098305326	1	0	0	0
3	6	0.0	0.056093472246	1	1	7	0
3	78	0.0	0.056093315905	1	0	9	0
3	184	0.0	0.056093218712	1	0	5	0
3	167	0.0	0.059468728409	1	0	1	0
3	28	0.0	0.05609317722	1	0	5	0
3	154	0.0	0.058021278654	1	0	10	0
3	128	NA 	 NA 	0	0	0	0
3	162	0.0	0.056093412231	1	1	7	0
3	183	0.0	0.056824899757	1	0	3	0
3	40	0.0	0.056093358663	1	0	8	0
3	7	0.0	0.058021071295	1	0	9	0
3	137	0.0	0.058021150543	1	0	8	0
3	21	0.0	0.056825328552	1	0	3	0
3	82	0.0	0.058262299885	1	0	5	0
3	124	0.0	0.058020946118	1	0	12	0
3	54	0.0	0.056093420892	1	1	10	0
3	135	0.0	0.059771723348	1	0	2	0
3	109	0.0	0.059468796719	1	0	6	0
3	117	0.0	0.05609285613	1	0	6	0
3	3	0.0	0.056092993177	1	0	7	0
3	122	0.0	0.058021126235	1	0	10	0
3	99	0.0	0.05802110734	1	0	10	0
3	79	0.0	0.056825248694	1	0	3	0
3	176	0.0	0.059468749195	1	0	6	0
3	30	0.0	0.056092997929	1	0	14	0
3	0	0.0	0.056825160148	1	0	2	0
3	161	0.0	0.056093389106	1	1	9	0
3	24	0.0	0.056092985319	1	0	9	0
3	1	0.0	0.056093295682	1	1	13	0
3	138	0.0	0.058020910737	1	0	11	0
3	72	0.0	0.058021071026	1	0	10	0
3	37	0.0	0.058021264559	1	0	8	0
3	29	0.0	0.056093307457	1	1	7	0
3	198	0.0	0.056825278038	1	0	6	0
3	92	0.0	0.058020751205	1	0	9	4
3	43	0.0	0.056092751416	1	0	13	0
3	136	0.0	0.056092670908	1	0	17	0
3	60	0.0	0.057219009087	1	0	5	0
3	73	0.0	0.056093323813	1	1	12	0
3	16	0.0	0.056825081761	1	0	8	0
3	18	0.0	0.05952097387	1	0	5	0
3	101	0.0	0.057097894101	1	0	1	0
3	191	0.0	0.056825109946	1	0	2	0
3	42	0.0	0.056093395487	1	1	5	0
3	115	0.0	0.056092950427	1	0	13	0
3	57	0.0	0.056093368836	1	1	8	0
3	69	0.0	0.057218914797	1	0	0	0
3	75	0.0	0.056825409494	1	0	7	0
3	4	0.0	0.057097821446	1	0	0	0
3	36	0.0	0.05609325165	1	0	14	0
3	132	0.0	0.056092765395	1	0	10	0
3	145	0.0	0.056092719523	1	0	15	0
3	56	0.0	0.056093105604	1	0	3	0
3	93	0.0	0.056092955726	1	0	12	0
3	66	0.0	0.057097989458	1	0	1	0
3	105	0.0	0.058021162655	1	0	9	0
3	26	0.0	0.058021065568	1	0	9	0
3	189	0.0	0.056092703451	1	0	15	0
3	157	0.0	0.056093043068	1	0	6	0
3	169	0.0	0.057097831931	1	0	1	0
3	148	0.0	0.056093322298	1	0	5	0
3	141	0.0	0.056825385327	1	0	2	0
3	44	0.0	0.056093010149	1	0	8	0
3	84	0.0	0.057097879734	1	0	1	0
3	178	0.0	0.056093468453	1	1	12	0
3	67	0.0	0.056092847999	1	0	12	0
3	196	0.0	0.05609341895	1	1	12	0
3	14	0.0	0.057219231052	1	0	6	0
3	199	0.0	0.056825358606	1	0	6	0
3	90	0.0	0.058021264627	1	0	8	0
3	156	0.0	0.056093008163	1	0	8	0
3	173	0.0	0.056093407193	1	1	11	0
3	152	0.0	0.058021033813	1	0	9	0
3	77	0.0	0.056093324327	1	0	4	0
3	74	0.0	0.058020951903	1	0	12	0
3	127	0.0	0.056092985652	1	0	14	0
3	11	0.0	0.056093427793	1	1	5	0
3	49	0.0	0.056093379832	1	1	11	0
3	172	0.0	0.056093140624	1	0	12	0
3	164	0.0	0.056092936184	1	0	8	0
3	86	0.0	0.056092952536	1	0	8	0
3	17	0.0	0.056093016534	1	0	10	0
3	120	0.0	0.056092691792	1	0	16	0
3	144	0.0	0.057098186312	1	0	1	0
3	22	0.0	0.05814139005	1	0	8	0
3	149	0.0	0.056093358911	1	0	8	0
3	15	0.0	0.056093351353	1	0	2	0
3	103	0.0	0.056093109367	1	0	16	4
3	51	0.0	0.056093305731	1	1	13	0
3	179	0.0	0.05802128294	1	0	7	0
3	142	0.0	0.056092973014	1	0	13	0
3	48	0.0	0.056093326513	1	0	4	0
3	76	0.0	0.057098280437	1	0	0	0
3	63	0.0	0.056093169376	1	0	5	0
3	38	0.0	0.057218771868	1	0	1	0
3	8	0.0	0.058020660323	1	0	10	0
3	23	0.0	0.056093003799	1	0	7	0
3	126	0.0	0.05802096062	1	0	10	0
3	71	0.0	0.056092703236	1	0	14	0
3	47	0.0	0.056093428484	1	1	8	0
3	113	0.0	0.057098141379	1	0	1	0
3	119	0.0	0.056093143193	1	0	4	0
3	59	0.0	0.056825173739	1	0	2	0
3	165	0.0	0.058020739507	1	0	10	0
3	9	0.0	0.056825119203	1	0	2	0
3	45	0.0	0.056093433543	1	1	8	0
3	197	0.0	0.057219053797	1	0	1	0
3	174	0.0	0.056825356583	1	0	2	0
3	106	0.0	0.056092682322	1	0	15	0
3	180	0.0	0.056825206664	1	0	3	0
3	35	0.0	0.056093322249	1	0	9	0
3	134	0.0	0.056092645281	1	0	14	0
3	20	0.0	0.056093470746	1	1	1	0
3	151	0.0	0.058020959623	1	0	11	0
3	70	NA 	 NA 	0	0	0	0
3	27	0.0	0.056092891583	1	0	6	0
3	160	0.0	0.05609333818	1	1	13	0
3	50	0.0	0.056093225593	1	0	12	0
3	150	0.0	0.05609301937	1	0	5	0
3	34	0.0	0.056093315591	1	1	12	0
3	104	0.0	0.056092798709	1	0	7	0
3	94	0.0	0.05609267328	1	0	10	0
3	53	0.0	0.0568247971	1	0	3	0
3	147	0.0	0.056093271314	1	0	8	0
3	19	0.0	0.056824570463	1	0	3	0
3	140	0.0	0.056825233503	1	0	3	0
3	139	0.0	0.059468609836	1	0	7	0
3	107	0.0	0.056093440016	1	1	10	0
3	31	0.0	0.058020955151	1	0	11	0
3	114	0.0	0.05682479748	1	0	3	0
3	116	0.0	0.056093031044	1	0	8	0
3	186	0.0	0.057098040327	1	0	0	0
3	190	0.0	0.056093056319	1	0	8	0
3	129	0.0	0.059771716914	1	0	2	0
3	195	0.0	0.056093230694	1	0	13	0
3	159	0.0	0.058141381845	1	0	5	0
3	158	0.0	0.059904776996	1	0	1	0
3	58	0.0	0.059520890281	1	0	4	0
3	55	0.0	0.058020939261	1	0	12	0
3	5	0.0	0.056092986939	1	0	16	0
3	188	0.0	0.056824900399	1	0	2	0
3	130	0.0	0.056093200368	1	0	12	0
3	111	0.0	0.056825137034	1	0	3	0
3	25	0.0	0.056092869701	1	0	10	0
3	175	0.0	0.056825358488	1	0	7	0
3	41	0.0	0.058140859319	1	0	8	0
3	193	0.0	0.058383014192	1	0	4	0
3	146	0.0	0.05609297342	1	0	15	0
3	64	0.0	0.058021262563	1	0	10	0
3	166	0.0	0.056092889108	1	0	6	0
3	133	0.0	0.05709803101	1	0	0	0
3	131	0.0	0.056093103074	1	0	8	0
3	97	0.0	0.056093382047	1	0	12	0
3	163	0.0	0.056825207016	1	0	6	0
3	98	0.0	0.056093134266	1	0	7	0
3	177	0.0	0.061478790225	1	0	0	0
3	52	0.0	0.057098450673	1	0	1	0
3	33	0.0	0.056824724441	1	0	3	0
3	68	0.0	0.056093263499	1	0	5	0
3	83	0.0	0.056093359794	1	0	4	0
3	170	0.0	0.056093022061	1	0	11	0
3	61	0.0	0.056093331196	1	0	4	0
3	181	0.0	0.056093352903	1	0	13	0
3	125	0.0	0.056093021414	1	0	3	0
3	187	0.0	0.05609327161	1	0	15	0
3	85	0.0	0.056092664453	1	0	18	0
3	10	0.0	0.056093320101	1	0	12	0
3	110	0.0	0.056093462898	1	1	2	0
3	62	0.0	0.056825220297	1	0	7	0
3	143	0.0	0.056825406482	1	0	3	0
3	65	0.0	0.059520902758	1	0	5	0
3	182	0.0	0.056824487917	1	0	2	0
3	168	0.0	0.057098005889	1	0	1	0
3	87	0.0	0.056824799107	1	0	6	0
3	39	0.0	0.056093272406	1	0	6	0
3	123	0.0	0.059520872739	1	0	4	0
3	153	0.0	0.056825208771	1	0	7	0
3	91	0.0	0.058021277235	1	0	10	0
3	194	0.0	0.056824992036	1	0	3	0
3	12	0.0	0.059904780493	1	0	1	0
3	95	0.0	0.056825261776	1	0	7	0
3	192	0.0	0.056093087187	1	0	7	0
3	171	0.0	0.058262212519	1	0	3	0
4	148	NA 	 NA 	0	0	0	0
4	84	NA 	 NA 	0	0	0	0
4	169	NA 	 NA 	0	0	0	0
4	14	NA 	 NA 	0	0	0	0
4	36	NA 	 NA 	0	0	0	0
4	33	0.0	0.059176434039	1	0	7	0
4	88	0.0	0.059427263442	1	0	3	0
4	190	0.0	0.056060930597	1	0	11	0
4	127	0.0	0.058611032186	1	0	5	0
4	19	0.0	0.056637249065	1	0	5	0
4	111	0.0	0.056810032669	1	0	4	0
4	11	0.0	0.056455034303	1	0	4	0
4	73	0.0	0.05735208791	1	0	2	0
4	121	0.0	0.05681049025	1	0	3	0
4	189	0.0	0.056061144218	1	0	8	0
4	85	0.0	0.056061624953	1	1	3	0
4	164	0.0	0.059427227903	1	0	4	0
4	118	0.0	0.056061653512	1	1	3	0
4	59	0.0	0.056060889716	1	0	11	0
4	48	0.0	0.05606083245	1	0	13	0
4	100	0.0	0.056061564926	1	1	7	0
4	124	0.0	0.056061002521	1	0	10	0
4	87	0.0	0.05645501772	1	0	6	0
4	31	0.0	0.056061603524	1	1	7	0
4	18	0.0	0.056061026678	1	0	8	0
4	74	0.0	0.056061363423	1	0	6	0
4	110	0.0	0.056454731225	1	0	6	0
4	171	0.0	0.057351875702	1	0	5	0
4	20	0.0	0.057472564975	1	0	4	0
4	29	0.0	0.056061183828	1	0	7	0
4	80	0.0	0.059176159454	1	0	2	0
4	24	0.0	0.059427134698	1	0	4	0
4	57	0.0	0.05645498939	1	0	5	0
4	96	0.0	0.057352326017	1	0	2	0
4	22	0.0	0.056637333047	1	0	3	0
4	50	0.0	0.059764590438	1	0	2	0
4	193	0.0	0.056810187232	1	0	3	0
4	61	0.0	0.058611125499	1	0	2	0
4	79	0.0	0.056061160892	1	0	11	0
4	70	0.0	0.058610742046	1	0	5	0
4	188	0.0	0.057471990858	1	0	3	0
4	155	0.0	0.056810040779	1	0	4	0
4	54	0.0	0.059426807466	1	0	4	0
4	91	0.0	0.05606161379	1	1	4	0
4	179	0.0	0.057351984124	1	0	4	0
4	159	0.0	0.056061560591	1	0	7	0
4	128	0.0	0.057351714849	1	0	4	0
4	4	0.0	0.056061192196	1	0	9	0
4	68	0.0	0.058610887228	1	0	2	0
4	132	0.0	0.059176382632	1	0	6	0
4	77	0.0	0.056455337662	1	0	4	28
4	185	0.0	0.056061515856	1	0	10	0
4	15	0.0	0.056061599474	1	0	8	0
4	6	0.0	0.056061274186	1	0	8	0
4	165	0.0	0.056060904662	1	0	11	0
4	156	0.0	0.056061489838	1	0	6	0
4	192	0.0	0.059176374732	1	0	4	0
4	180	0.0	0.056061581647	1	0	8	0
4	95	0.0	0.056061041769	1	0	7	0
4	13	0.0	0.056810470689	1	0	7	0
4	65	0.0	0.056455296608	1	0	2	0
4	168	0.0	0.057472368126	1	0	4	0
4	94	0.0	0.056061170106	1	0	8	0
4	197	0.0	0.056061157061	1	0	9	0
4	46	0.0	0.056637348873	1	0	3	0
4	78	0.0	0.056061338096	1	0	7	0
4	105	0.0	0.056061207601	1	0	9	0
4	27	0.0	0.056060908556	1	0	10	0
4	55	0.0	0.058610956645	1	0	5	0
4	126	0.0	0.056061554175	1	1	7	0
4	182	0.0	0.056061473582	1	0	8	0
4	66	0.0	0.056061319902	1	0	8	0
4	17	0.0	0.057352122487	1	0	3	0
4	45	0.0	0.056061490777	1	0	8	0
4	181	0.0	0.056061398233	1	0	6	0
4	92	0.0	0.056809944351	1	0	4	0
4	12	0.0	0.056060933645	1	0	12	0
4	82	0.0	0.0568104912	1	0	3	0
4	56	0.0	0.05645531499	1	0	3	0
4	139	0.0	0.056455320504	1	0	5	0
4	107	0.0	0.058611107787	1	0	4	0
4	42	0.0	0.059427076335	1	0	4	0
4	35	0.0	0.056061624702	1	1	4	0
4	174	0.0	0.056455357813	1	0	4	0
4	99	0.0	0.056061294229	1	0	7	0
4	125	0.0	0.056061535155	1	1	6	0
4	9	0.0	0.05681054565	1	0	5	0
4	123	0.0	0.056060876598	1	0	11	0
4	172	0.0	0.056061146143	1	0	5	0
4	166	0.0	0.056060872936	1	0	12	0
4	161	0.0	0.056061512783	1	1	5	0
4	58	0.0	0.056061495332	1	0	7	0
4	183	0.0	0.056061186545	1	0	6	0
4	10	0.0	0.056061649718	1	1	8	1
4	53	0.0	0.059427099789	1	0	4	0
4	134	0.0	0.059426764644	1	0	5	0
4	2	0.0	0.056061447439	1	0	6	0
4	98	0.0	0.056061504075	1	0	8	0
4	194	0.0	0.056061248196	1	0	7	0
4	191	0.0	0.05942737005	1	0	2	0
4	138	0.0	0.05606100383	1	0	9	0
4	8	0.0	0.056455372015	1	0	4	0
4	136	0.0	0.057352216016	1	0	3	0
4	41	0.0	0.056061593586	1	1	4	0
4	86	0.0	0.056061466372	1	0	6	0
4	113	0.0	0.056061215534	1	0	10	0
4	83	0.0	0.056455317166	1	0	5	0
4	26	0.0	0.056455338774	1	0	6	0
4	133	0.0	0.058490073487	1	0	3	0
4	112	0.0	0.057472524724	1	0	4	0
4	25	0.0	0.056061448119	1	1	8	0
4	39	0.0	0.056810317621	1	0	4	0
4	75	0.0	0.056061480707	1	0	7	0
4	101	0.0	0.059427077766	1	0	4	0
4	157	0.0	0.057352070828	1	0	3	0
4	175	0.0	0.057352306391	1	0	3	0
4	114	0.0	0.056061380684	1	0	6	0
4	108	0.0	0.056061561131	1	0	8	0
4	3	0.0	0.059427226747	1	0	3	0
4	76	0.0	0.056455032381	1	0	6	0
4	160	0.0	0.056061510693	1	0	7	0
4	147	0.0	0.056061265281	1	0	8	0
4	28	0.0	0.059427214742	1	0	2	0
4	146	0.0	0.056061545575	1	1	6	1
4	130	0.0	0.056061649306	1	1	7	0
4	90	0.0	0.056060902522	1	0	12	0
4	63	0.0	0.056060962528	1	0	10	0
4	102	0.0	0.056810302618	1	0	5	0
4	93	0.0	0.059427101846	1	0	4	0
4	143	0.0	0.056810190512	1	0	7	0
4	21	0.0	0.05917632977	1	0	5	0
4	72	0.0	0.056061144939	1	0	9	0
4	199	0.0	0.056061605882	1	1	3	0
4	150	0.0	0.056061646648	1	1	7	0
4	184	0.0	0.056455190433	1	0	3	0
4	152	0.0	0.059427345633	1	0	3	0
4	32	0.0	0.056061469659	1	0	8	0
4	119	0.0	0.057472438682	1	0	5	0
4	129	0.0	0.056810329507	1	0	4	0
4	198	0.0	0.056810269829	1	0	4	0
4	115	0.0	0.056061564154	1	0	7	0
4	187	0.0	0.056061194123	1	0	6	4
4	106	0.0	0.056061343828	1	0	7	0
4	176	0.0	0.057352219247	1	0	3	0
4	122	0.0	0.056061246846	1	0	10	0
4	109	0.0	0.056061181023	1	0	7	0
4	51	0.0	0.058610877085	1	0	2	0
4	81	0.0	0.05735187861	1	0	4	0
4	1	0.0	0.056061651435	1	1	3	0
4	40	0.0	0.058611047171	1	0	2	0
4	140	0.0	0.056061484219	1	0	10	0
4	67	0.0	0.056061342875	1	0	7	0
4	0	0.0	0.059427245342	1	0	4	0
4	69	0.0	0.058610976793	1	0	7	0
4	62	0.0	0.056061480795	1	0	8	0
4	120	0.0	0.057351908868	1	0	4	0
4	158	0.0	0.058611087394	1	0	5	0
4	178	0.0	0.056061543994	1	1	4	0
4	154	0.0	0.056810380806	1	0	4	0
4	16	0.0	0.056809978102	1	0	5	0
4	170	0.0	0.056061270311	1	0	7	0
4	167	0.0	0.05681040628	1	0	4	0
4	34	0.0	0.056455149866	1	0	5	0
4	117	0.0	0.056810384645	1	0	7	0
4	141	0.0	0.057351956487	1	0	4	0
4	30	0.0	0.056061537008	1	0	8	0
4	5	0.0	0.056061499963	1	0	8	0
4	177	0.0	0.056061637048	1	1	5	0
4	103	0.0	0.057351830396	1	0	4	0
4	64	0.0	0.05735167871	1	0	4	0
4	116	0.0	0.056060944954	1	0	11	0
4	43	0.0	0.056809928817	1	0	4	0
4	89	0.0	0.056060827636	1	0	13	0
4	137	0.0	0.056455317938	1	0	2	28
4	186	0.0	0.059427433482	1	0	3	0
4	142	0.0	0.056061012091	1	0	8	0
4	151	0.0	0.056061328427	1	0	8	0
4	71	0.0	0.058610945916	1	0	7	0
4	7	0.0	0.056061520531	1	0	7	0
4	49	0.0	0.057352211246	1	0	4	0
4	149	0.0	0.056061580674	1	1	7	0
4	144	0.0	0.057352650582	1	0	3	0
4	38	0.0	0.056455342959	1	0	2	0
4	196	0.0	0.056061396559	1	0	5	0
4	153	0.0	0.056061619722	1	1	5	0
4	145	0.0	0.057351660834	1	0	8	0
4	173	0.0	0.05606134757	1	0	8	0
4	97	0.0	0.056455043332	1	0	6	0
4	163	0.0	0.05942718773	1	0	3	0
4	60	0.0	0.056455273007	1	0	3	0
4	104	0.0	0.056061630728	1	1	4	0
4	52	0.0	0.056061232932	1	0	9	0
4	44	0.0	0.056061633934	1	1	4	0
4	162	0.0	0.057352333747	1	0	1	0
4	195	0.0	0.057352234317	1	0	3	0
4	37	0.0	0.058611067009	1	0	5	0
4	47	0.0	0.058610838823	1	0	2	0
4	131	0.0	0.059427432836	1	0	3	4
4	135	0.0	0.057471987731	1	0	2	0
4	23	0.0	0.057351914218	1	0	3	0
5	135	NA 	 NA 	0	0	0	0
5	141	NA 	 NA 	0	0	0	0
5	114	NA 	 NA 	0	0	0	0
5	122	0.0	0.057575224942	1	0	4	0
5	196	0.0	0.055958739748	1	0	5	0
5	65	0.0	0.055959281602	1	1	8	0
5	188	0.0	0.056639003498	1	0	4	0
5	97	0.0	0.058939645392	1	0	7	0
5	131	0.0	0.056638622273	1	0	4	0
5	153	0.0	0.055959131624	1	0	8	0
5	42	0.0	0.056638994728	1	0	3	0
5	59	0.0	0.055958972345	1	0	8	1
5	186	0.0	0.056638794379	1	0	6	0
5	184	0.0	0.057432037732	1	0	5	0
5	29	0.0	0.055959312849	1	1	9	0
5	13	0.0	0.055959151483	1	0	9	0
5	36	0.0	0.057431619148	1	0	6	0
5	48	0.0	0.055958831634	1	0	9	0
5	100	0.0	0.055958571747	1	0	14	0
5	67	0.0	0.055958978274	1	0	8	0
5	157	0.0	0.057575059681	1	0	5	0
5	126	0.0	0.055958918669	1	0	10	0
5	93	0.0	0.055959295506	1	1	7	0
5	161	0.0	0.055958531181	1	0	11	0
5	167	0.0	0.055958964516	1	0	11	0
5	82	0.0	0.055959246321	1	1	9	0
5	140	0.0	0.057760181672	1	0	6	0
5	87	0.0	0.055958553663	1	0	10	0
5	4	0.0	0.055958829687	1	0	11	0
5	79	0.0	0.055959164314	1	0	10	0
5	155	0.0	0.056639049985	1	0	3	0
5	11	0.0	0.05959436326	1	0	6	0
5	37	0.0	0.055959236937	1	1	7	0
5	12	0.0	0.057432025346	1	0	3	0
5	181	0.0	0.057431643278	1	0	7	0
5	18	0.0	0.057575026509	1	0	5	0
5	163	0.0	0.055958851512	1	0	7	0
5	3	0.0	0.057574987693	1	0	7	0
5	185	0.0	0.057432187293	1	0	1	0
5	138	0.0	0.055959005743	1	0	8	0
5	168	0.0	0.057431615788	1	0	7	0
5	85	0.0	0.055959171679	1	0	8	0
5	171	0.0	0.055958939732	1	0	11	0
5	149	0.0	0.055958942073	1	0	12	0
5	43	0.0	0.058939970506	1	0	6	0
5	75	0.0	0.056638937792	1	0	4	0
5	2	0.0	0.055959229458	1	1	10	0
5	101	0.0	0.056639244863	1	0	6	0
5	53	0.0	0.055958844365	1	0	10	0
5	81	0.0	0.055959132856	1	1	7	0
5	120	0.0	0.055959248823	1	1	7	0
5	110	0.0	0.059018716701	1	0	6	0
5	38	0.0	0.056639172736	1	0	4	0
5	96	0.0	0.055959263121	1	1	7	0
5	94	0.0	0.055958895258	1	0	11	0
5	134	0.0	0.055959096818	1	0	7	0
5	174	0.0	0.055959314898	1	1	8	0
5	68	0.0	0.055959002632	1	0	7	0
5	148	0.0	0.055959307112	1	1	9	0
5	152	0.0	0.057431961652	1	0	6	0
5	102	0.0	0.056638681972	1	0	5	0
5	7	0.0	0.055959272017	1	1	7	0
5	106	0.0	0.055958861824	1	0	10	0
5	158	0.0	0.055958486187	1	0	18	0
5	78	0.0	0.055958815925	1	0	6	7
5	119	0.0	0.056639264784	1	0	3	0
5	45	0.0	0.055958818552	1	0	11	0
5	41	0.0	0.057431889353	1	0	5	0
5	66	0.0	0.055959270132	1	1	6	0
5	113	0.0	0.05595859078	1	0	16	1
5	91	0.0	0.058939826162	1	0	7	0
5	125	0.0	0.058335822858	1	0	6	0
5	111	0.0	0.057431960108	1	0	4	0
5	187	0.0	0.055959024058	1	0	7	0
5	57	0.0	0.05743169636	1	0	6	0
5	193	0.0	0.0559593006	1	1	7	0
5	178	0.0	0.058638882308	1	0	1	0
5	124	0.0	0.055959279828	1	1	9	0
5	84	0.0	0.055958511559	1	0	14	0
5	180	0.0	0.056639049205	1	0	4	0
5	56	0.0	0.057431924187	1	0	8	2
5	103	0.0	0.055959015937	1	0	7	0
5	123	0.0	0.055958566527	1	0	12	0
5	20	0.0	0.056638708511	1	0	2	0
5	116	0.0	0.055959142514	1	0	10	0
5	71	0.0	0.055959242124	1	1	10	0
5	198	0.0	0.057640287456	1	0	8	0
5	24	0.0	0.055959099066	1	0	11	0
5	129	0.0	0.055958817888	1	0	12	0
5	159	0.0	0.055959193183	1	1	8	0
5	52	0.0	0.058939635922	1	0	5	0
5	143	0.0	0.055958930911	1	0	9	0
5	95	0.0	0.055958798062	1	0	9	2
5	19	0.0	0.057851937498	1	0	3	0
5	121	0.0	0.055958924721	1	0	11	0
5	26	0.0	0.055959174859	1	1	9	0
5	136	0.0	0.057431644168	1	0	5	0
5	39	0.0	0.056638481298	1	0	4	0
5	112	0.0	0.055958834151	1	0	12	0
5	118	0.0	0.056638619507	1	0	4	0
5	80	0.0	0.055959310302	1	1	8	0
5	170	0.0	0.055959165667	1	1	8	0
5	49	0.0	0.055959182119	1	1	11	0
5	35	0.0	0.055958931744	1	0	10	0
5	109	0.0	0.055959111581	1	0	9	0
5	8	0.0	0.055958842243	1	0	8	0
5	127	0.0	0.056638688239	1	0	4	0
5	90	0.0	0.055958828846	1	0	12	0
5	173	0.0	0.05595878069	1	0	13	0
5	88	0.0	0.057640042765	1	0	6	0
5	132	0.0	0.058939608064	1	0	7	0
5	130	0.0	0.057431627922	1	0	8	0
5	47	0.0	0.05595850816	1	0	13	2
5	166	0.0	0.05893965583	1	0	5	0
5	28	0.0	0.055958940899	1	0	9	0
5	61	0.0	0.055958525052	1	0	16	0
5	73	0.0	0.057574376044	1	0	9	0
5	137	0.0	0.055958845058	1	0	8	0
5	98	0.0	0.055958677579	1	0	12	0
5	54	0.0	0.056639235247	1	0	6	0
5	128	0.0	0.055958996777	1	0	8	0
5	172	0.0	0.058939675375	1	0	6	7
5	195	0.0	0.056638978054	1	0	4	0
5	176	0.0	0.058939728369	1	0	7	0
5	76	0.0	0.055959242893	1	1	6	0
5	191	0.0	0.056639258594	1	0	3	0
5	162	0.0	0.057639985268	1	0	3	0
5	139	0.0	0.057760616841	1	0	2	0
5	69	0.0	0.057575092663	1	0	5	0
5	145	0.0	0.058939634301	1	0	5	0
5	192	0.0	0.055958710739	1	0	9	0
5	147	0.0	0.055958741913	1	0	9	0
5	105	0.0	0.055958612748	1	0	16	0
5	22	0.0	0.055959254177	1	1	7	0
5	17	0.0	0.055959055538	1	0	8	0
5	156	0.0	0.057574882564	1	0	7	4
5	190	0.0	0.055959153268	1	0	9	0
5	86	0.0	0.055958792084	1	0	8	0
5	44	0.0	0.05893964929	1	0	7	0
5	5	0.0	0.059018684629	1	0	7	0
5	169	0.0	0.055958556192	1	0	13	0
5	151	0.0	0.056638954007	1	0	2	0
5	34	0.0	0.056639026584	1	0	3	0
5	50	0.0	0.055959027775	1	0	8	0
5	142	0.0	0.055959065839	1	0	11	0
5	21	0.0	0.057432013053	1	0	6	0
5	144	0.0	0.055959136848	1	0	9	0
5	179	0.0	0.055958819409	1	0	13	0
5	64	0.0	0.057574821122	1	0	6	0
5	89	0.0	0.055959197249	1	1	10	0
5	55	0.0	0.055959190022	1	1	11	0
5	194	0.0	0.056639182	1	0	6	0
5	14	0.0	0.055959276185	1	1	5	0
5	177	0.0	0.05595857105	1	0	16	4
5	51	0.0	0.057432114351	1	0	6	0
5	10	0.0	0.057575112698	1	0	5	0
5	15	0.0	0.05595866858	1	0	13	0
5	175	0.0	0.057432213004	1	0	6	0
5	33	0.0	0.055959242862	1	0	9	0
5	150	0.0	0.056638939167	1	0	6	0
5	40	0.0	0.057574839552	1	0	8	0
5	146	0.0	0.057574565615	1	0	10	0
5	104	0.0	0.057432012335	1	0	8	0
5	154	0.0	0.056639005391	1	0	4	0
5	46	0.0	0.057431701753	1	0	5	0
5	6	0.0	0.057432110629	1	0	6	0
5	23	0.0	0.055958620242	1	0	12	0
5	32	0.0	0.057431946937	1	0	4	0
5	25	0.0	0.057760535227	1	0	4	0
5	31	0.0	0.055959268351	1	1	7	0
5	74	0.0	0.057431951304	1	0	8	0
5	160	0.0	0.057575122303	1	0	8	2
5	115	0.0	0.057431818426	1	0	6	0
5	58	0.0	0.055959210625	1	1	9	0
5	108	0.0	0.055959052385	1	0	9	0
5	60	0.0	0.055959143064	1	0	9	0
5	72	0.0	0.05595900721	1	0	7	0
5	117	0.0	0.055959154185	1	0	8	0
5	0	0.0	0.057431843799	1	0	6	0
5	92	0.0	0.055959173979	1	0	10	0
5	27	0.0	0.056638539038	1	0	4	0
5	62	0.0	0.058940033713	1	0	4	0
5	30	0.0	0.055959146053	1	0	11	0
5	1	0.0	0.055959073907	1	0	10	0
5	164	0.0	0.058638984496	1	0	2	0
5	107	0.0	0.055958824905	1	0	10	0
5	189	0.0	0.056638658047	1	0	4	0
5	133	0.0	0.057431857258	1	0	6	0
5	99	0.0	0.055958855852	1	0	9	0
5	182	0.0	0.057574650743	1	0	6	0
5	70	0.0	0.056638957263	1	0	3	0
5	83	0.0	0.056638970812	1	0	5	0
5	9	0.0	0.057431612886	1	0	5	0
5	77	0.0	0.057431618916	1	0	8	0
5	199	0.0	0.056639253693	1	0	8	0
5	183	0.0	0.05764026303	1	0	6	0
5	63	0.0	0.057575151062	1	0	9	0
5	165	0.0	0.055958637631	1	0	16	0
5	16	0.0	0.057431633659	1	0	6	0
5	197	0.0	0.057432181975	1	0	5	0
6	131	NA 	 NA 	0	0	0	0
6	1	NA 	 NA 	0	0	0	0
6	104	NA 	 NA 	0	0	0	0
6	128	NA 	 NA 	0	0	0	0
6	186	0.0	0.057289869476	1	0	3	0
6	127	0.0	0.056246149964	1	0	14	0
6	57	0.0	0.057290205847	1	0	2	0
6	77	0.0	0.056821899463	1	0	2	0
6	107	0.0	0.058902203415	1	0	1	0
6	16	0.0	0.056821916539	1	0	3	0
6	47	0.0	0.059023358882	1	0	0	0
6	45	NA 	 NA 	0	0	0	0
6	185	0.0	0.059845720848	1	0	12	0
6	187	0.0	0.057289857438	1	0	3	0
6	191	0.0	0.056246542048	1	1	9	0
6	41	0.0	0.058902339693	1	0	2	0
6	82	0.0	0.059023186267	1	0	4	0
6	113	0.0	0.056246065229	1	0	15	0
6	133	0.0	0.056245967497	1	0	6	0
6	63	0.0	0.059023303579	1	0	3	0
6	35	0.0	0.056246258707	1	0	9	0
6	182	0.0	0.058902497955	1	0	4	0
6	28	0.0	0.059023149036	1	0	4	0
6	30	0.0	0.057290164636	1	0	3	0
6	137	0.0	0.056245941044	1	0	12	0
6	166	0.0	0.058902307627	1	0	2	0
6	24	0.0	0.056246335369	1	1	9	0
6	174	0.0	0.056246499336	1	1	9	0
6	0	0.0	0.056246155183	1	0	10	0
6	84	0.0	0.058902168284	1	0	2	0
6	11	0.0	0.05984579607	1	0	8	0
6	177	0.0	0.056246099813	1	0	7	0
6	158	0.0	0.057290013935	1	0	4	0
6	52	0.0	0.057290192237	1	0	4	0
6	197	0.0	0.056822279428	1	0	5	0
6	26	0.0	0.05682220631	1	0	1	0
6	139	0.0	0.056246441119	1	0	11	0
6	81	0.0	0.059022827149	1	0	6	0
6	130	0.0	0.056246090993	1	0	8	0
6	8	0.0	0.056246019345	1	0	8	0
6	142	0.0	0.056246090318	1	0	10	0
6	96	0.0	0.056246128386	1	0	10	0
6	87	0.0	0.056245934925	1	0	12	0
6	66	0.0	0.056821853512	1	0	3	0
6	94	0.0	0.06012295159	1	0	7	0
6	134	0.0	0.056246164077	1	0	10	0
6	56	0.0	0.05624593571	1	0	16	0
6	115	0.0	0.056822190125	1	0	0	0
6	67	0.0	0.056246403176	1	1	14	0
6	5	0.0	0.056822466296	1	0	3	0
6	7	0.0	0.057290260394	1	0	5	0
6	103	0.0	0.056822262071	1	0	3	0
6	165	0.0	0.056822459318	1	0	0	0
6	59	0.0	0.057289863179	1	0	3	0
6	17	0.0	0.056246379329	1	0	5	0
6	118	0.0	0.056245786044	1	0	12	0
6	111	0.0	0.056246376321	1	0	11	0
6	92	0.0	0.056246487733	1	0	7	0
6	27	0.0	0.056822213528	1	0	1	0
6	91	0.0	0.056246107632	1	0	15	0
6	161	0.0	0.056246394016	1	0	5	0
6	55	0.0	0.056246422045	1	1	7	0
6	144	0.0	0.056246406725	1	1	9	0
6	154	0.0	0.056245902055	1	0	10	0
6	143	0.0	0.059023161943	1	0	4	0
6	43	0.0	0.056245768903	1	0	13	0
6	192	0.0	0.056246406102	1	0	8	0
6	72	0.0	0.059846073037	1	0	10	0
6	19	0.0	0.0568218426	1	0	5	0
6	86	0.0	0.056246160076	1	0	9	0
6	88	0.0	0.059845754404	1	0	11	0
6	10	0.0	0.056246076749	1	0	10	0
6	106	0.0	0.059022518491	1	0	7	0
6	98	0.0	0.057082210874	1	0	2	0
6	76	0.0	0.057290237979	1	0	4	0
6	120	0.0	0.056246392157	1	0	9	0
6	15	0.0	0.057290169473	1	0	4	0
6	184	0.0	0.057290200474	1	0	4	0
6	68	0.0	0.056245928553	1	0	12	0
6	32	0.0	0.056246272928	1	0	7	0
6	25	0.0	0.059845717881	1	0	8	0
6	149	0.0	0.056246403173	1	0	9	0
6	37	0.0	0.056821820383	1	0	3	0
6	9	0.0	0.056822319646	1	0	5	0
6	29	0.0	0.056246533787	1	1	2	0
6	121	0.0	0.060122928282	1	0	6	0
6	80	0.0	0.056246341992	1	1	8	0
6	70	0.0	0.056245893515	1	0	13	0
6	79	0.0	0.056246083236	1	0	7	0
6	110	0.0	0.056245754682	1	0	13	0
6	151	0.0	0.057290237193	1	0	3	0
6	42	0.0	0.056821672016	1	0	5	0
6	124	0.0	0.05624638341	1	1	12	0
6	75	0.0	0.059023236281	1	0	5	0
6	71	0.0	0.057082415711	1	0	5	0
6	18	0.0	0.056246552618	1	1	2	0
6	148	0.0	0.056821802363	1	0	3	0
6	54	0.0	0.060122939321	1	0	4	0
6	122	0.0	0.056246483112	1	0	7	0
6	167	0.0	0.057082175449	1	0	2	0
6	125	0.0	0.056246501984	1	1	9	0
6	102	0.0	0.056246079228	1	0	6	0
6	64	0.0	0.059023428676	1	0	9	0
6	141	0.0	0.057082190023	1	0	2	0
6	44	0.0	0.059845894377	1	0	10	0
6	4	0.0	0.056246539297	1	1	8	0
6	61	0.0	0.05902325925	1	0	3	0
6	22	0.0	0.056246162906	1	0	11	0
6	89	0.0	0.056245758365	1	0	14	0
6	138	0.0	0.056821889846	1	0	3	0
6	147	0.0	0.056246060177	1	0	10	0
6	175	0.0	0.056246096247	1	0	10	0
6	183	0.0	0.056246409252	1	0	7	0
6	140	0.0	0.056246221165	1	0	6	0
6	38	0.0	0.056246501419	1	1	3	0
6	99	0.0	0.05624653687	1	1	9	0
6	39	0.0	0.056822413903	1	0	5	0
6	157	0.0	0.056246073824	1	0	5	0
6	58	0.0	0.056822233626	1	0	3	0
6	198	0.0	0.056246095323	1	0	11	0
6	153	0.0	0.056821922981	1	0	9	0
6	117	0.0	0.05624625483	1	0	4	0
6	190	0.0	0.059023337621	1	0	3	0
6	189	0.0	0.059022856891	1	0	5	0
6	129	0.0	0.057290138177	1	0	2	0
6	62	0.0	0.056246394841	1	0	11	0
6	160	0.0	0.060122956481	1	0	4	0
6	34	0.0	0.056822254174	1	0	3	0
6	93	0.0	0.057082461558	1	0	8	0
6	50	0.0	0.059846245144	1	0	5	0
6	40	0.0	0.057082504554	1	0	9	0
6	156	0.0	0.057290449866	1	0	6	0
6	3	0.0	0.059023217406	1	0	5	0
6	155	0.0	0.059022539988	1	0	7	0
6	74	0.0	0.056246072481	1	0	10	0
6	163	0.0	0.056822265759	1	0	3	0
6	199	0.0	0.056245997806	1	0	7	0
6	126	0.0	0.060174583789	1	0	5	0
6	196	0.0	0.05624647009	1	1	3	0
6	164	0.0	0.05624645915	1	0	5	0
6	168	0.0	0.056246382926	1	0	11	0
6	65	0.0	0.05729037298	1	0	5	0
6	180	0.0	0.056821866758	1	0	3	0
6	100	0.0	0.057082369261	1	0	5	0
6	53	0.0	0.059846203359	1	0	9	0
6	95	0.0	0.057082122658	1	0	5	0
6	119	0.0	0.056822325534	1	0	3	0
6	172	0.0	0.059845589573	1	0	12	0
6	90	0.0	0.057082471813	1	0	5	0
6	114	0.0	0.056822352027	1	0	6	0
6	159	0.0	0.057290193586	1	0	2	0
6	132	0.0	0.056245792545	1	0	14	0
6	60	0.0	0.056246510626	1	1	4	0
6	136	0.0	0.056246488634	1	1	9	0
6	51	0.0	0.056246355231	1	1	12	0
6	150	0.0	0.057289647632	1	0	3	0
6	21	0.0	0.056246539701	1	1	3	0
6	169	0.0	0.059023249694	1	0	6	0
6	178	0.0	0.0562461252	1	0	12	0
6	31	0.0	0.057290126046	1	0	3	0
6	69	0.0	0.056245768373	1	0	14	0
6	33	0.0	0.058902225064	1	0	2	0
6	181	0.0	0.057082244062	1	0	5	0
6	6	0.0	0.057289859539	1	0	2	0
6	20	0.0	0.058902514623	1	0	4	0
6	23	0.0	0.056822274415	1	0	3	0
6	78	0.0	0.056246349978	1	0	12	0
6	152	0.0	0.056246347347	1	0	6	0
6	83	0.0	0.057290249432	1	0	3	0
6	13	0.0	0.056246138179	1	0	6	0
6	49	0.0	0.056821860459	1	0	10	0
6	179	0.0	0.057082532136	1	0	4	0
6	97	0.0	0.056246419295	1	0	5	0
6	188	0.0	0.056246062617	1	0	11	0
6	46	0.0	0.056246409971	1	0	6	0
6	14	0.0	0.056246091981	1	0	4	0
6	176	0.0	0.056246554234	1	1	8	0
6	85	0.0	0.056246440868	1	0	7	0
6	2	0.0	0.056822393844	1	0	0	0
6	36	0.0	0.059023173098	1	0	3	0
6	135	0.0	0.05624650893	1	1	4	0
6	73	0.0	0.057289725157	1	0	3	0
6	145	0.0	0.056246480188	1	1	3	0
6	193	0.0	0.056246168247	1	0	9	0
6	173	0.0	0.056822309554	1	0	3	0
6	194	0.0	0.056245734864	1	0	13	0
6	123	0.0	0.05624626138	1	1	9	0
6	48	0.0	0.056822225305	1	0	3	0
6	101	0.0	0.059023148701	1	0	2	0
6	105	0.0	0.056245826228	1	0	12	0
6	171	0.0	0.056246228568	1	0	6	0
6	116	0.0	0.059846046903	1	0	10	0
6	109	0.0	0.056246069961	1	0	9	0
6	162	0.0	0.056246348585	1	0	5	0
6	170	0.0	0.057290097151	1	0	4	0
6	195	0.0	0.057082481209	1	0	5	0
6	146	0.0	0.056246398153	1	1	10	0
6	12	0.0	0.059023389869	1	0	8	0
6	108	0.0	0.059845924888	1	0	9	0
6	112	0.0	0.056822076115	1	0	7	0
7	187	NA 	 NA 	0	0	0	0
7	125	NA 	 NA 	0	0	0	0
7	108	NA 	 NA 	0	0	0	0
7	22	NA 	 NA 	0	0	0	0
7	118	0.0	0.055974779351	1	0	8	0
7	53	0.0	0.056706482867	1	0	6	0
7	25	0.0	0.055974720901	1	0	8	0
7	41	0.0	0.056394252755	1	0	4	0
7	102	0.0	0.055974246997	1	0	9	0
7	74	0.0	0.056706697034	1	0	7	0
7	106	0.0	0.055974777751	1	1	6	0
7	185	0.0	0.05766825877	1	0	3	0
7	103	0.0	0.055974777762	1	0	6	0
7	126	0.0	0.055974694479	1	0	9	0
7	69	0.0	0.056394300268	1	0	2	0
7	33	0.0	0.056394904442	1	0	5	0
7	177	0.0	0.056394520092	1	0	2	0
7	19	0.0	0.055974759165	1	0	6	0
7	88	0.0	0.056394658689	1	0	2	0
7	150	0.0	0.055974817222	1	1	3	0
7	130	0.0	0.056706636737	1	0	6	0
7	172	0.0	0.058842839058	1	0	5	0
7	105	0.0	0.058842590063	1	0	3	0
7	113	0.0	0.056706613164	1	0	4	0
7	54	0.0	0.056706299165	1	0	8	0
7	124	0.0	0.05597441605	1	0	7	0
7	10	0.0	0.055974196073	1	0	13	0
7	101	0.0	0.055974443256	1	0	8	0
7	180	0.0	0.057668445502	1	0	5	0
7	61	0.0	0.055974444147	1	0	8	0
7	129	0.0	0.056394258648	1	0	3	0
7	6	0.0	0.055974832829	1	0	4	0
7	89	0.0	0.057148076694	1	0	3	0
7	52	0.0	0.057668546365	1	0	4	0
7	170	0.0	0.057148146048	1	0	2	0
7	64	0.0	0.055974909516	1	1	6	0
7	175	0.0	0.055974143468	1	0	7	0
7	115	0.0	0.057148055734	1	0	4	0
7	119	0.0	0.055974285279	1	0	9	0
7	1	0.0	0.061043030955	1	0	0	0
7	197	0.0	0.057148698964	1	0	6	0
7	75	0.0	0.056706569804	1	0	6	0
7	45	0.0	0.056706108863	1	0	7	0
7	158	0.0	0.055974845327	1	0	9	0
7	79	0.0	0.055974426884	1	0	7	0
7	114	0.0	0.05597476875	1	0	9	0
7	195	0.0	0.055974766181	1	0	8	0
7	99	0.0	0.055974404328	1	0	7	7
7	35	0.0	0.055974427871	1	0	11	0
7	57	0.0	0.055974450014	1	0	10	0
7	29	0.0	0.05670681565	1	0	8	0
7	4	0.0	0.056706433913	1	0	4	0
7	146	0.0	0.055974731028	1	0	7	0
7	176	0.0	0.055974846931	1	0	7	8
7	36	0.0	0.056394568413	1	0	2	0
7	163	0.0	0.05670659687	1	0	6	0
7	123	0.0	0.056394558422	1	0	2	0
7	120	0.0	0.057148338065	1	0	6	0
7	76	0.0	0.057668040148	1	0	5	0
7	85	0.0	0.05639459177	1	0	2	0
7	173	0.0	0.059950227235	1	0	0	0
7	191	0.0	0.056706440646	1	0	9	0
7	111	NA 	 NA 	0	0	0	0
7	194	0.0	0.055974116585	1	0	8	0
7	144	0.0	0.055974568701	1	0	10	0
7	84	0.0	0.0559745881	1	0	7	0
7	3	0.0	0.055974568946	1	0	7	0
7	156	0.0	0.056394602835	1	0	3	0
7	12	0.0	0.055974757685	1	0	7	0
7	56	0.0	0.05766826758	1	0	5	0
7	17	0.0	0.057668420037	1	0	5	0
7	193	0.0	0.056394299211	1	0	4	0
7	9	0.0	0.05639464343	1	0	2	0
7	112	0.0	0.055974415946	1	0	6	1
7	161	0.0	0.055974479513	1	0	11	0
7	40	0.0	0.057668069322	1	0	5	0
7	171	0.0	0.05597482119	1	0	9	0
7	58	0.0	0.055974070872	1	0	8	0
7	149	0.0	0.055974873713	1	1	8	0
7	59	0.0	0.055974751033	1	1	5	0
7	100	0.0	0.055974777338	1	0	5	0
7	196	0.0	0.055974784107	1	0	9	0
7	28	0.0	0.055974878224	1	1	2	0
7	16	0.0	0.055974751057	1	0	4	0
7	68	0.0	0.055974654893	1	0	9	0
7	190	0.0	0.055974810524	1	0	8	0
7	151	0.0	0.055974762566	1	0	7	0
7	186	0.0	0.055974871726	1	0	6	0
7	143	0.0	0.055974746255	1	0	7	0
7	192	0.0	0.056706850514	1	0	9	0
7	77	0.0	0.055974178973	1	0	8	0
7	43	0.0	0.055974757463	1	0	5	0
7	15	0.0	0.055974751097	1	0	7	0
7	23	0.0	0.056394525561	1	0	5	0
7	166	0.0	0.055974447733	1	0	8	5
7	86	0.0	0.057148201816	1	0	2	0
7	13	0.0	0.055974783845	1	0	5	0
7	164	0.0	0.055974870535	1	0	4	0
7	82	0.0	0.057668396827	1	0	5	0
7	110	0.0	0.056706632729	1	0	4	0
7	179	0.0	0.055974141446	1	0	8	0
7	46	0.0	0.055974827543	1	0	11	0
7	121	0.0	0.055974863374	1	1	8	0
7	70	0.0	0.055974623347	1	0	4	0
7	60	0.0	0.055974070909	1	0	8	0
7	11	0.0	0.056394208682	1	0	2	0
7	49	0.0	0.055974292261	1	0	7	0
7	169	0.0	0.055974796129	1	0	6	0
7	117	0.0	0.055974700853	1	0	6	0
7	168	0.0	0.055974709422	1	0	7	0
7	167	0.0	0.055974761142	1	0	10	0
7	44	0.0	0.055974499743	1	0	12	0
7	128	0.0	0.055974534017	1	0	9	0
7	72	0.0	0.056706275293	1	0	8	0
7	127	0.0	0.056394814978	1	0	5	0
7	178	0.0	0.056706566165	1	0	4	0
7	107	0.0	0.05639481389	1	0	6	0
7	31	0.0	0.057148605309	1	0	3	0
7	98	0.0	0.055974889265	1	1	3	0
7	96	0.0	0.055974716749	1	0	7	0
7	97	0.0	0.055974869939	1	1	8	0
7	71	0.0	0.055974839152	1	1	4	0
7	135	0.0	0.057668237421	1	0	2	0
7	162	0.0	0.055974911563	1	1	3	0
7	55	0.0	0.055974919815	1	1	7	0
7	65	0.0	0.056706871403	1	0	4	0
7	189	0.0	0.057668613621	1	0	3	0
7	140	0.0	0.056706342389	1	0	5	0
7	139	0.0	0.056705951627	1	0	8	0
7	142	0.0	0.05639470161	1	0	4	0
7	0	0.0	0.055974136149	1	0	8	0
7	153	0.0	0.055974448005	1	0	10	0
7	48	0.0	0.055974793688	1	0	6	0
7	81	0.0	0.056394452312	1	0	2	0
7	7	0.0	0.056394646293	1	0	5	0
7	80	0.0	0.056706273234	1	0	7	0
7	90	0.0	0.055974837506	1	0	7	0
7	8	0.0	0.058842856045	1	0	5	0
7	199	0.0	0.058842590801	1	0	4	0
7	5	0.0	0.055974469117	1	0	10	0
7	131	0.0	0.055974170509	1	0	8	0
7	34	0.0	0.055974827085	1	1	4	0
7	39	0.0	0.056394819695	1	0	6	0
7	145	0.0	0.055974571095	1	0	7	0
7	122	0.0	0.057148200554	1	0	2	0
7	93	0.0	0.057668264149	1	0	3	3
7	32	0.0	0.057668403985	1	0	5	0
7	104	0.0	0.055974425156	1	0	8	0
7	198	0.0	0.056394289294	1	0	2	0
7	51	0.0	0.055974783563	1	0	6	0
7	133	0.0	0.055974817693	1	0	9	0
7	26	0.0	0.055974099091	1	0	10	1
7	67	0.0	0.055974866491	1	1	5	0
7	30	0.0	0.055974671402	1	0	5	0
7	160	0.0	0.057668227536	1	0	4	0
7	141	0.0	0.057148654907	1	0	3	0
7	165	0.0	0.0567062328	1	0	7	0
7	181	0.0	0.056706731487	1	0	8	7
7	138	0.0	0.055974177329	1	0	12	0
7	47	0.0	0.057148561919	1	0	2	0
7	14	0.0	0.057668239356	1	0	5	0
7	109	0.0	0.055974329087	1	0	11	0
7	147	0.0	0.056394225975	1	0	2	0
7	137	0.0	0.057148494619	1	0	2	0
7	66	0.0	0.059949938074	1	0	1	0
7	18	0.0	0.05639454618	1	0	2	0
7	188	0.0	0.057148256904	1	0	4	0
7	27	0.0	0.055974786062	1	1	6	0
7	182	0.0	0.055974459686	1	0	9	0
7	116	0.0	0.055974162176	1	0	13	0
7	154	0.0	0.055974232455	1	0	12	0
7	38	0.0	0.057148165217	1	0	3	0
7	174	0.0	0.055974131428	1	0	8	0
7	91	0.0	0.056394540186	1	0	5	0
7	132	0.0	0.055974497166	1	0	9	0
7	155	0.0	0.055974905456	1	1	5	0
7	159	0.0	0.057148457847	1	0	8	0
7	73	0.0	0.058558981543	1	0	4	0
7	95	0.0	0.057148163138	1	0	4	0
7	50	0.0	0.057668629575	1	0	3	0
7	183	0.0	0.055974179198	1	0	11	0
7	134	0.0	0.05597477077	1	0	5	0
7	2	0.0	0.055974905035	1	1	6	0
7	157	0.0	0.056394912254	1	0	6	0
7	92	0.0	0.058842577914	1	0	2	0
7	24	0.0	0.0576685403	1	0	5	0
7	83	0.0	0.056706246532	1	0	7	0
7	62	0.0	0.055974916544	1	1	7	0
7	136	0.0	0.055974472918	1	0	10	0
7	87	0.0	0.057668202909	1	0	5	0
7	21	0.0	0.055974898645	1	1	8	0
7	152	0.0	0.056706312099	1	0	4	0
7	20	0.0	0.057668560225	1	0	3	0
7	63	0.0	0.055974090517	1	0	12	0
7	148	0.0	0.055974779078	1	0	10	0
7	94	0.0	0.056394228606	1	0	2	0
7	42	0.0	0.056394709551	1	0	6	0
7	37	0.0	0.055974862945	1	1	9	0
7	78	0.0	0.057148189308	1	0	3	0
7	184	0.0	0.055974865052	1	1	9	0
8	131	NA 	 NA 	0	0	0	0
8	128	NA 	 NA 	0	0	0	0
8	104	NA 	 NA 	0	0	0	0
8	1	NA 	 NA 	0	0	0	0
8	127	0.0	0.056147415982	1	0	8	0
8	186	0.0	0.058153689227	1	0	3	0
8	57	0.0	0.058273967282	1	0	3	0
8	107	0.0	0.058153497903	1	0	5	0
8	77	0.0	0.05706437975	1	0	3	0
8	47	0.0	0.05982510598	1	0	0	0
8	185	0.0	0.05762065597	1	0	5	0
8	16	0.0	0.056723446298	1	0	4	0
8	187	0.0	0.058153660616	1	0	3	0
8	45	NA 	 NA 	0	0	0	0
8	52	0.0	0.058153135118	1	0	6	0
8	41	0.0	0.058153488538	1	0	5	0
8	82	0.0	0.058567037811	1	0	4	0
8	191	0.0	0.057619912815	1	0	8	0
8	63	0.0	0.059431896126	1	0	1	0
8	113	0.0	0.056147344375	1	0	9	0
8	133	0.0	0.05614723973	1	0	10	0
8	30	0.0	0.058153395178	1	0	5	0
8	28	0.0	0.058566950668	1	0	4	0
8	182	0.0	0.058153603372	1	0	3	0
8	84	0.0	0.058153460415	1	0	4	0
8	35	0.0	0.056147562198	1	0	6	0
8	137	0.0	0.056147204748	1	0	10	0
8	166	0.0	0.058153619531	1	0	3	0
8	24	0.0	0.05614759706	1	0	10	0
8	177	0.0	0.056147394966	1	0	9	0
8	158	0.0	0.058152966111	1	0	7	0
8	174	0.0	0.056147781176	1	1	8	0
8	111	0.0	0.056147654868	1	0	10	0
8	8	0.0	0.056147320027	1	0	9	0
8	11	0.0	0.057620798966	1	0	4	0
8	154	0.0	0.056147135124	1	0	12	0
8	26	0.0	0.056723794943	1	0	3	0
8	0	0.0	0.056147429646	1	0	9	0
8	81	0.0	0.057926722955	1	0	6	0
8	117	0.0	0.056147534091	1	0	5	0
8	197	0.0	0.057620772397	1	0	6	0
8	94	0.0	0.057620532065	1	0	4	0
8	142	0.0	0.056147368517	1	0	8	1
8	15	0.0	0.058153174193	1	0	6	0
8	96	0.0	0.056147403427	1	0	11	0
8	66	0.0	0.056723067701	1	0	4	0
8	7	0.0	0.058153055837	1	0	6	0
8	134	0.0	0.056147438165	1	0	9	0
8	92	0.0	0.056147764617	1	1	6	0
8	165	0.0	0.056723814594	1	0	3	0
8	5	0.0	0.058446049979	1	0	5	0
8	17	0.0	0.056147658379	1	0	7	0
8	115	0.0	0.059012184924	1	0	2	0
8	89	0.0	0.056147064637	1	0	14	0
8	59	0.0	0.058153660712	1	0	3	0
8	103	0.0	0.056723482938	1	0	4	4
8	43	0.0	0.056147052961	1	0	14	0
8	87	0.0	0.056147191369	1	0	12	0
8	130	0.0	0.056147382097	1	0	7	0
8	67	0.0	0.056147682255	1	0	7	0
8	27	0.0	0.056723258292	1	0	3	0
8	55	0.0	0.056147696572	1	1	8	0
8	118	0.0	0.056147064732	1	0	13	0
8	9	0.0	0.056723205873	1	0	7	0
8	91	0.0	0.056147398415	1	0	10	0
8	161	0.0	0.056147663547	1	0	8	0
8	98	0.0	0.056723494456	1	0	1	0
8	144	0.0	0.05614763902	1	1	7	0
8	86	0.0	0.056147422647	1	0	7	0
8	143	0.0	0.058567057033	1	0	4	0
8	110	0.0	0.056147039225	1	0	13	0
8	125	0.0	0.056147778154	1	1	8	0
8	139	0.0	0.056147724427	1	0	9	4
8	88	0.0	0.057620766512	1	0	4	0
8	19	0.0	0.056723542876	1	0	5	0
8	106	0.0	0.057926700977	1	0	6	0
8	72	0.0	0.057620474873	1	0	6	0
8	76	0.0	0.058153150239	1	0	6	0
8	120	0.0	0.056147672806	1	1	8	0
8	68	0.0	0.05614722044	1	0	8	0
8	34	0.0	0.056723131168	1	0	4	0
8	37	0.0	0.056723466443	1	0	5	0
8	32	0.0	0.056147548253	1	0	6	0
8	25	0.0	0.057740897458	1	0	4	0
8	29	0.0	0.05614781886	1	1	1	0
8	80	0.0	0.056147593198	1	0	8	0
8	42	0.0	0.056723378106	1	0	6	0
8	102	0.0	0.056147365999	1	0	9	0
8	40	0.0	0.056723794226	1	0	6	0
8	148	0.0	0.056723116593	1	0	4	0
8	184	0.0	0.058153075976	1	0	6	0
8	18	0.0	0.056147836579	1	1	5	0
8	121	0.0	0.057620509926	1	0	4	0
8	56	0.0	0.056147219773	1	0	11	0
8	129	0.0	0.05815333585	1	0	5	0
8	122	0.0	0.056147762156	1	1	5	4
8	192	0.0	0.056147685101	1	0	9	0
8	70	0.0	0.056147180979	1	0	11	0
8	75	0.0	0.057926264158	1	0	3	0
8	71	0.0	0.056723697848	1	0	4	0
8	167	0.0	0.056723449665	1	0	1	0
8	44	0.0	0.057620403638	1	0	7	0
8	141	0.0	0.056723475767	1	0	1	0
8	54	0.0	0.057620507115	1	0	3	0
8	79	0.0	0.056147354138	1	0	8	0
8	164	0.0	0.056147638911	1	0	5	0
8	149	0.0	0.056147693235	1	1	7	0
8	4	0.0	0.056147822756	1	1	6	0
8	61	0.0	0.059431802927	1	0	1	0
8	64	0.0	0.057741037248	1	0	4	0
8	39	0.0	0.056723249052	1	0	7	0
8	138	0.0	0.056722972013	1	0	4	0
8	3	0.0	0.057926316665	1	0	3	0
8	157	0.0	0.05614738522	1	0	8	0
8	183	0.0	0.056147688402	1	0	9	0
8	38	0.0	0.056147780484	1	1	1	0
8	151	0.0	0.058153413684	1	0	5	0
8	100	0.0	0.056723641455	1	0	4	0
8	175	0.0	0.056147379955	1	0	8	0
8	99	0.0	0.056147815763	1	1	8	0
8	58	0.0	0.057741060438	1	0	4	0
8	153	0.0	0.056723716023	1	0	8	0
8	22	0.0	0.056147383709	1	0	10	0
8	140	0.0	0.056147502029	1	0	8	0
8	155	0.0	0.057926668705	1	0	6	0
8	198	0.0	0.056147372991	1	0	11	0
8	156	0.0	0.058153093739	1	0	7	0
8	147	0.0	0.056147371037	1	0	11	0
8	10	0.0	0.056147349386	1	0	9	0
8	190	0.0	0.059431840866	1	0	1	0
8	14	0.0	0.056147371064	1	0	10	0
8	90	0.0	0.056723708933	1	0	4	0
8	124	0.0	0.057620739499	1	0	5	0
8	93	0.0	0.05672375782	1	0	6	0
8	62	0.0	0.056147681214	1	0	10	0
8	23	0.0	0.056723079973	1	0	4	0
8	189	0.0	0.057926579557	1	0	6	0
8	160	0.0	0.057620538045	1	0	3	0
8	159	0.0	0.058446061366	1	0	2	0
8	168	0.0	0.056147712934	1	0	10	0
8	196	0.0	0.056147739729	1	0	8	0
8	50	0.0	0.057926596662	1	0	5	0
8	126	0.0	0.058566902348	1	0	4	0
8	163	0.0	0.05672354029	1	0	4	0
8	169	0.0	0.057926336928	1	0	4	0
8	180	0.0	0.056723085183	1	0	4	0
8	119	0.0	0.056723621952	1	0	4	0
8	21	0.0	0.056147773259	1	1	6	13
8	114	0.0	0.056723202953	1	0	7	0
8	53	0.0	0.057620084021	1	0	6	0
8	145	0.0	0.056147759253	1	0	2	0
8	65	0.0	0.058273700124	1	0	5	0
8	60	0.0	0.056147731923	1	1	7	0
8	2	0.0	0.05901245591	1	0	2	0
8	33	0.0	0.058153594151	1	0	4	0
8	150	0.0	0.058153284797	1	0	6	0
8	85	0.0	0.056147729327	1	0	8	0
8	176	0.0	0.056147835785	1	1	6	0
8	20	0.0	0.058153602927	1	0	3	0
8	152	0.0	0.056147639402	1	0	7	0
8	78	0.0	0.056147612234	1	0	10	0
8	31	0.0	0.058153606736	1	0	4	13
8	97	0.0	0.056147687395	1	1	7	0
8	173	0.0	0.056723180742	1	0	4	0
8	179	0.0	0.056723781397	1	0	4	0
8	46	0.0	0.056147697971	1	1	7	0
8	194	0.0	0.056147017815	1	0	12	0
8	172	0.0	0.056147745619	1	1	6	0
8	136	0.0	0.056147806111	1	1	4	0
8	74	0.0	0.056147350867	1	0	9	0
8	195	0.0	0.056723364775	1	0	4	0
8	49	0.0	0.056723665255	1	0	8	0
8	178	0.0	0.056147530166	1	0	10	0
8	13	0.0	0.056147409053	1	0	10	0
8	181	0.0	0.056723515947	1	0	4	0
8	36	0.0	0.05856714191	1	0	3	0
8	83	0.0	0.058153651768	1	0	4	0
8	73	0.0	0.058153512664	1	0	4	0
8	69	0.0	0.056147031955	1	0	13	0
8	6	0.0	0.05815337293	1	0	4	0
8	105	0.0	0.056147131128	1	0	11	0
8	51	0.0	0.056147707507	1	1	7	0
8	135	0.0	0.056147787533	1	1	5	0
8	132	0.0	0.056147071384	1	0	11	0
8	95	0.0	0.056723427763	1	0	4	2
8	193	0.0	0.056147471868	1	0	10	0
8	48	0.0	0.056723165304	1	0	4	0
8	146	0.0	0.056147679157	1	1	7	0
8	188	0.0	0.056147341135	1	0	7	0
8	101	0.0	0.058153675253	1	0	4	0
8	116	0.0	0.057620631893	1	0	7	0
8	199	0.0	0.056147047438	1	0	13	0
8	171	0.0	0.056147486622	1	0	8	0
8	162	0.0	0.056147637328	1	0	7	0
8	123	0.0	0.056147563122	1	0	7	1
8	170	0.0	0.058153014805	1	0	7	0
8	109	0.0	0.056147348277	1	0	10	0
8	112	0.0	0.057620504119	1	0	7	0
8	108	0.0	0.057620468827	1	0	7	0
8	12	0.0	0.057741008363	1	0	5	0
9	169	NA 	 NA 	0	0	0	0
9	17	NA 	 NA 	0	0	0	0
9	137	NA 	 NA 	0	0	0	0
9	54	NA 	 NA 	0	0	0	0
9	130	NA 	 NA 	0	0	0	0
9	97	NA 	 NA 	0	0	0	0
9	152	NA 	 NA 	0	0	0	0
9	69	NA 	 NA 	0	0	0	0
9	95	NA 	 NA 	0	0	0	0
9	5	0.0	0.056638472105	1	0	5	0
9	132	0.0	0.057067506298	1	0	7	0
9	9	0.0	0.059583503539	1	0	5	0
9	24	0.0	0.057067587637	1	0	1	0
9	197	0.0	0.057314508383	1	0	3	0
9	28	0.0	0.057314105386	1	0	6	0
9	162	0.0	0.056638225077	1	0	4	1
9	81	0.0	0.056637864702	1	0	4	0
9	123	0.0	0.05602362827	1	1	4	0
9	71	0.0	0.056023557523	1	1	6	0
9	64	0.0	0.056023661673	1	1	4	0
9	153	0.0	0.056023492141	1	0	9	0
9	173	0.0	0.056023568908	1	1	11	0
9	119	0.0	0.056638638254	1	0	5	0
9	4	NA 	 NA 	0	0	0	0
9	114	0.0	0.058647680934	1	0	3	0
9	85	0.0	0.057457467697	1	0	6	0
9	107	0.0	0.057456939035	1	0	8	0
9	76	0.0	0.056022841861	1	0	14	0
9	99	0.0	0.05731434502	1	0	7	0
9	184	0.0	0.057461047339	1	0	3	0
9	74	0.0	0.057314486876	1	0	6	0
9	174	0.0	0.05602351871	1	1	11	0
9	116	0.0	0.056023174185	1	0	12	0
9	33	0.0	0.056637792274	1	0	4	0
9	126	0.0	0.058396927808	1	0	5	0
9	138	0.0	0.056023509346	1	0	10	0
9	32	0.0	0.058396902165	1	0	4	0
9	67	0.0	0.057066708025	1	0	4	0
9	178	0.0	0.057314071508	1	0	7	0
9	91	0.0	0.056023174159	1	0	8	0
9	117	0.0	0.056023625158	1	1	4	0
9	154	0.0	0.05663847217	1	0	5	0
9	40	0.0	0.056023520413	1	0	6	0
9	43	0.0	0.057457034154	1	0	5	0
9	52	0.0	0.056023533954	1	1	7	0
9	38	0.0	0.056023623087	1	1	5	10
9	151	0.0	0.057314137305	1	0	4	0
9	161	0.0	0.057314361082	1	0	8	0
9	180	0.0	0.058397076998	1	0	3	0
9	108	0.0	0.056638065272	1	0	5	0
9	142	0.0	0.05602357455	1	1	12	0
9	93	0.0	0.057067297735	1	0	5	0
9	131	0.0	0.05731388058	1	0	5	0
9	48	0.0	0.056637860492	1	0	4	0
9	148	0.0	0.057314517303	1	0	2	0
9	146	0.0	0.057457178846	1	0	12	0
9	39	0.0	0.058396748511	1	0	5	0
9	127	0.0	0.056023252069	1	0	5	0
9	145	0.0	0.057314228112	1	0	7	0
9	34	0.0	0.056023220295	1	0	9	0
9	20	0.0	0.056023476656	1	0	8	0
9	165	0.0	0.05839683641	1	0	4	0
9	82	0.0	0.05663817221	1	0	7	0
9	16	0.0	0.056022956098	1	0	14	0
9	121	0.0	0.056638278741	1	0	5	0
9	58	0.0	0.056023420396	1	0	10	0
9	134	0.0	0.057314080692	1	0	4	0
9	125	0.0	0.056638270142	1	0	5	0
9	15	0.0	0.056023512402	1	0	12	0
9	183	0.0	0.056023322907	1	0	15	0
9	29	0.0	0.05602345007	1	0	6	0
9	73	0.0	0.057314442213	1	0	3	0
9	185	0.0	0.056023469734	1	0	10	0
9	102	0.0	0.057314334063	1	0	7	0
9	44	0.0	0.056023631133	1	1	12	0
9	60	0.0	0.05602286815	1	0	14	0
9	90	0.0	0.056022872982	1	0	11	0
9	187	0.0	0.057457064293	1	0	12	0
9	23	0.0	0.056022965321	1	0	13	0
9	118	0.0	0.056023303225	1	0	9	0
9	149	0.0	0.057314201699	1	0	4	0
9	65	0.0	0.057456845591	1	0	9	0
9	135	0.0	0.05731442736	1	0	5	0
9	89	0.0	0.056023214014	1	0	12	0
9	25	0.0	0.056022856965	1	0	11	0
9	98	0.0	0.056023546362	1	0	6	0
9	94	0.0	0.056638260188	1	0	6	0
9	172	0.0	0.057457215282	1	0	8	0
9	3	0.0	0.056023517475	1	1	10	0
9	175	0.0	0.056023188622	1	0	11	0
9	120	0.0	0.058396703404	1	0	4	0
9	80	0.0	0.056023651053	1	1	6	0
9	111	0.0	0.057313890074	1	0	6	0
9	115	0.0	0.056638339105	1	0	0	0
9	159	0.0	0.056637868906	1	0	2	0
9	63	0.0	0.057067558415	1	0	4	0
9	141	0.0	0.05602355103	1	1	8	0
9	168	0.0	0.056023633537	1	1	6	0
9	155	0.0	0.056023459546	1	0	13	0
9	109	0.0	0.056023543149	1	1	11	0
9	195	0.0	0.057457291067	1	0	10	0
9	26	0.0	0.056023197071	1	0	6	1
9	21	0.0	0.056023626193	1	1	5	0
9	144	0.0	0.056023522726	1	1	10	0
9	88	0.0	0.056023372618	1	0	10	0
9	45	0.0	0.05602319873	1	0	11	0
9	181	0.0	0.05602316268	1	0	11	0
9	31	0.0	0.056022884888	1	0	12	0
9	133	0.0	0.057460911852	1	0	3	0
9	104	0.0	0.057067568813	1	0	3	0
9	186	0.0	0.056023182289	1	0	6	0
9	110	0.0	0.056023522409	1	0	14	0
9	156	0.0	0.057314400358	1	0	4	0
9	37	0.0	0.05602363252	1	1	6	0
9	193	0.0	0.057314161159	1	0	5	0
9	101	0.0	0.056638322138	1	0	5	0
9	166	0.0	0.057457223698	1	0	12	0
9	46	0.0	0.058396919762	1	0	4	0
9	177	0.0	0.056023498581	1	0	7	0
9	6	0.0	0.056023140434	1	0	5	0
9	51	0.0	0.057067235817	1	0	3	0
9	77	0.0	0.057457193523	1	0	12	0
9	79	0.0	0.056023309216	1	0	8	0
9	105	0.0	0.056022821838	1	0	13	0
9	163	0.0	0.05958368105	1	0	3	0
9	188	0.0	0.057456855612	1	0	9	0
9	147	0.0	0.056023443076	1	0	9	0
9	7	0.0	0.056023283913	1	0	14	0
9	182	0.0	0.056023634948	1	1	11	0
9	192	0.0	0.056023434186	1	0	8	0
9	41	0.0	0.057460660174	1	0	5	0
9	124	0.0	0.056023357514	1	0	7	0
9	167	0.0	0.056023325998	1	0	12	0
9	143	0.0	0.057314427917	1	0	5	0
9	136	0.0	0.056023615558	1	1	12	0
9	196	0.0	0.057313791378	1	0	7	0
9	92	0.0	0.057456695685	1	0	11	0
9	189	0.0	0.056023647233	1	1	11	0
9	157	0.0	0.056023355544	1	0	11	0
9	140	0.0	0.056023487732	1	0	8	0
9	35	0.0	0.057067234058	1	0	4	0
9	8	0.0	0.05602365126	1	1	4	0
9	194	0.0	0.056023507276	1	0	11	0
9	158	0.0	0.057313762486	1	0	6	0
9	59	0.0	0.056637978522	1	0	6	0
9	50	0.0	0.057457268596	1	0	6	0
9	83	0.0	0.056023208282	1	0	12	0
9	86	0.0	0.056023329817	1	0	11	0
9	75	0.0	0.056023204225	1	0	12	0
9	55	0.0	0.059027335229	1	0	6	0
9	18	0.0	0.05602328247	1	0	5	0
9	112	0.0	0.056638445958	1	0	2	0
9	2	0.0	0.056023319729	1	0	14	0
9	106	0.0	0.057457316576	1	0	10	0
9	47	0.0	0.056022831997	1	0	14	0
9	129	0.0	0.056022856218	1	0	14	0
9	100	0.0	0.0573141531	1	0	4	0
9	62	0.0	0.056023635716	1	1	4	0
9	198	0.0	0.057314093555	1	0	6	0
9	170	0.0	0.056022880887	1	0	9	0
9	27	0.0	0.056638196303	1	0	4	0
9	57	0.0	0.056638430346	1	0	8	0
9	53	0.0	0.057314105984	1	0	6	0
9	10	0.0	0.05663782939	1	0	3	0
9	19	0.0	0.056022925513	1	0	14	0
9	96	0.0	0.056023035633	1	0	13	0
9	150	0.0	0.056023165644	1	0	11	0
9	36	0.0	0.057457327407	1	0	10	0
9	61	0.0	0.057461042264	1	0	3	0
9	13	0.0	0.056023518589	1	1	11	0
9	113	0.0	0.056023185095	1	0	9	0
9	87	0.0	0.056637838051	1	0	2	0
9	22	0.0	0.057457268596	1	0	9	0
9	199	0.0	0.057457239895	1	0	10	0
9	103	0.0	0.056638156941	1	0	7	0
9	42	0.0	0.056638319867	1	0	1	0
9	122	0.0	0.057456933911	1	0	11	0
9	179	0.0	0.057314098838	1	0	7	0
9	1	0.0	0.056023346969	1	0	9	0
9	30	0.0	0.059027307639	1	0	6	0
9	68	0.0	0.056023501064	1	0	10	0
9	139	0.0	0.057457302437	1	0	6	0
9	49	0.0	0.056023554288	1	1	10	0
9	78	0.0	0.056023570562	1	0	6	0
9	14	0.0	0.056023660278	1	1	10	0
9	70	0.0	0.056638574361	1	0	2	0
9	66	0.0	0.05602286273	1	0	12	0
9	128	0.0	0.057457194957	1	0	7	0
9	176	0.0	0.056023394002	1	0	9	0
9	191	0.0	0.056023338962	1	0	13	0
9	11	0.0	0.056023169704	1	0	9	0
9	190	0.0	0.056023175715	1	0	7	0
9	56	0.0	0.056023538232	1	0	8	10
9	0	0.0	0.057457297561	1	0	9	0
9	160	0.0	0.056023581446	1	1	8	0
9	12	0.0	0.056023124815	1	0	13	0
9	72	0.0	0.056637922598	1	0	5	0
9	84	0.0	0.056023524544	1	1	11	0
9	164	0.0	0.056638043007	1	0	5	0
9	171	0.0	0.059583679091	1	0	3	0
