0	31	NA 	 NA 	0	0	0	0
0	52	NA 	 NA 	0	0	0	0
0	35	NA 	 NA 	0	0	0	0
0	2	NA 	 NA 	0	0	0	0
0	21	0.0	0.055355795575	1	1	3	4
0	5	0.0	0.105252484518	1	1	4	0
0	56	0.0	0.120370023771	1	1	5	0
0	83	0.0	0.112929807594	1	1	6	1
0	32	0.0	0.055355585462	1	1	2	4
0	87	0.0	0.122473457488	1	1	3	0
0	48	0.0	0.105089232576	1	1	5	2
0	28	0.0	0.106628310645	1	1	6	0
0	81	0.0	0.055355860193	1	1	4	1
0	24	0.0	0.055355655062	1	1	5	2
0	68	0.0	0.105089049823	1	1	6	2
0	12	0.0	0.122473403041	1	1	3	0
0	57	0.0	0.055355739633	1	1	3	1
0	37	0.0	0.105089329509	1	1	5	2
0	66	0.0	0.055355589671	1	1	1	1
0	98	0.0	0.105054570331	1	1	2	0
0	59	0.0	0.105252501695	1	1	7	0
0	26	0.0	0.122473374661	1	1	2	0
0	91	0.0	0.055355938003	1	1	6	5
0	27	0.0	0.109152064577	1	1	3	1
0	64	0.0	0.105054037098	1	1	3	0
0	46	0.0	0.055355649449	1	1	2	2
0	47	0.0	0.10505421212	1	1	4	2
0	22	0.0	0.055355978155	1	1	7	0
0	1	0.0	0.105054402211	1	1	4	1
0	53	0.0	0.055355679485	1	1	4	3
0	89	0.0	0.105054536305	1	1	4	0
0	41	0.0	0.105252527054	1	1	7	0
0	69	0.0	0.106078686286	1	1	3	0
0	54	0.0	0.119805336173	1	1	3	0
0	40	0.0	0.112929777665	1	1	6	1
0	29	0.0	0.055356146667	1	1	6	1
0	4	0.0	0.119805262266	1	1	2	1
0	97	0.0	0.10612714801	1	1	4	0
0	23	0.0	0.105054140756	1	1	5	2
0	16	0.0	0.107665803401	1	1	7	0
0	39	0.0	0.055355959371	1	1	4	1
0	100	0.0	0.055356003707	1	1	4	0
0	58	0.0	0.055355696904	1	1	5	0
0	10	0.0	0.055355461171	1	1	3	0
0	75	0.0	0.120829955083	1	1	4	1
0	38	0.0	0.10525251963	1	1	5	0
0	49	0.0	0.055356080003	1	1	3	1
0	85	0.0	0.055355656419	1	1	2	1
0	60	0.0	0.055356036622	1	1	4	3
0	71	0.0	0.105054282529	1	1	4	1
0	20	0.0	0.117948948057	1	1	2	0
0	95	0.0	0.055355755073	1	1	5	2
0	13	0.0	0.055355808151	1	1	1	2
0	18	0.0	0.108835885909	1	1	5	0
0	17	0.0	0.108582752954	1	1	2	1
0	76	0.0	0.055355633037	1	1	3	3
0	36	0.0	0.117948631593	1	1	4	1
0	43	0.0	0.114691516823	1	1	5	0
0	70	0.0	0.122473380845	1	1	2	0
0	14	0.0	0.105252506074	1	1	4	0
0	72	0.0	0.107203498776	1	1	8	2
0	34	0.0	0.055355946508	1	1	4	2
0	8	0.0	0.055356086908	1	1	7	3
0	84	0.0	0.105054453493	1	1	4	2
0	63	0.0	0.055355708195	1	1	2	2
0	80	0.0	0.115312125578	1	1	1	0
0	7	0.0	0.112429620688	1	1	1	0
0	67	0.0	0.105252534355	1	1	7	1
0	61	0.0	0.115312102507	1	1	1	0
0	45	0.0	0.055355920788	1	1	2	2
0	11	0.0	0.12036964128	1	1	5	0
0	78	0.0	0.055356018342	1	1	8	1
0	50	0.0	0.055355972343	1	1	2	2
0	99	0.0	0.12082987305	1	1	3	0
0	51	0.0	0.105089243695	1	1	2	5
0	82	0.0	0.117948904987	1	1	4	0
0	19	0.0	0.10505416148	1	1	3	0
0	55	0.0	0.055356142088	1	1	4	2
0	42	0.0	0.117948889212	1	1	3	0
0	6	0.0	0.055356036105	1	1	3	1
0	79	0.0	0.106126887538	1	1	4	0
0	9	0.0	0.1050891476	1	1	5	0
0	0	0.0	0.119805468418	1	1	3	1
0	3	0.0	0.106628206039	1	1	7	1
0	15	0.0	0.117948862441	1	1	4	0
0	25	0.0	0.055355942412	1	1	3	5
0	30	0.0	0.106628152308	1	1	5	1
0	33	0.0	0.105054568339	1	1	5	1
0	86	0.0	0.108835503086	1	1	7	1
0	88	0.0	0.05535590647	1	1	2	1
0	44	0.0	0.115312044123	1	1	0	0
0	90	0.0	0.10525255974	1	1	6	1
0	62	0.0	0.113249734047	1	1	5	0
0	65	0.0	0.119805417549	1	1	4	1
0	73	0.0	0.119805302321	1	1	1	0
0	92	0.0	0.0553559314	1	1	5	3
0	93	0.0	0.106078949677	1	1	4	0
0	74	0.0	0.105089170047	1	1	3	3
0	94	0.0	0.105088964387	1	1	7	4
0	77	0.0	0.117948558774	1	1	5	1
0	96	0.0	0.10505413716	1	1	5	1
1	6	NA 	 NA 	0	0	0	0
1	96	NA 	 NA 	0	0	0	0
1	42	NA 	 NA 	0	0	0	0
1	71	NA 	 NA 	0	0	0	0
1	67	0.0	0.055172731908	1	1	3	2
1	23	0.0	0.055173073439	1	1	4	2
1	53	0.0	0.106089796508	1	1	2	1
1	55	0.0	0.055172789244	1	1	1	0
1	12	0.0	0.055173181948	1	1	6	2
1	68	0.0	0.105065656967	1	1	4	7
1	78	0.0	0.055173106641	1	1	4	5
1	70	0.0	0.106090066732	1	1	2	2
1	3	0.0	0.055173185218	1	1	4	5
1	85	0.0	0.105143978835	1	1	4	2
1	80	0.0	0.106090240655	1	1	0	1
1	77	NA 	 NA 	0	0	0	0
1	21	0.0	0.105073191579	1	1	3	1
1	76	0.0	0.106097497056	1	1	3	0
1	64	0.0	0.105065624848	1	1	0	2
1	87	0.0	0.055173095388	1	1	3	4
1	18	0.0	0.117311521272	1	1	5	0
1	51	0.0	0.105065643849	1	1	5	1
1	79	0.0	0.055172728619	1	1	3	5
1	7	0.0	0.105065410606	1	1	1	2
1	94	0.0	0.106090393608	1	1	6	3
1	1	0.0	0.106090088466	1	1	0	3
1	62	0.0	0.055173067801	1	1	1	0
1	13	0.0	0.105065542598	1	1	6	1
1	26	0.0	0.105065294079	1	1	4	0
1	40	0.0	0.117311455383	1	1	5	0
1	48	0.0	0.107226269239	1	1	5	1
1	37	0.0	0.106090504353	1	1	6	2
1	25	0.0	0.05517321634	1	1	2	0
1	63	0.0	0.10722586817	1	1	4	4
1	28	0.0	0.117311651358	1	1	5	0
1	61	0.0	0.10722625478	1	1	3	3
1	29	0.0	0.055172445766	1	1	0	1
1	24	0.0	0.055173120845	1	1	2	0
1	10	0.0	0.055173143044	1	1	3	0
1	92	0.0	0.055173151318	1	1	2	0
1	36	0.0	0.105073044591	1	1	3	0
1	19	0.0	0.105065450317	1	1	5	1
1	39	0.0	0.055173189438	1	1	4	0
1	49	0.0	0.055173034243	1	1	4	5
1	73	0.0	0.105065633102	1	1	3	2
1	0	0.0	0.105073239986	1	1	3	5
1	8	0.0	0.055173082019	1	1	0	1
1	59	0.0	0.106089474709	1	1	3	2
1	5	0.0	0.106090402204	1	1	8	4
1	27	0.0	0.055173208455	1	1	2	1
1	32	0.0	0.106090064556	1	1	1	3
1	47	0.0	0.106090089913	1	1	7	7
1	38	0.0	0.106097722051	1	1	7	2
1	60	0.0	0.05517275801	1	1	3	4
1	95	0.0	0.10609038738	1	1	7	1
1	33	0.0	0.107226381507	1	1	5	0
1	83	0.0	0.055172866104	1	1	3	4
1	69	0.0	0.105065543729	1	1	2	0
1	11	0.0	0.116345788703	1	1	5	0
1	41	0.0	0.055172698843	1	1	2	3
1	99	0.0	0.10609770232	1	1	3	0
1	45	0.0	0.10609017203	1	1	7	1
1	14	0.0	0.055173156202	1	1	5	1
1	30	0.0	0.105144297194	1	1	1	1
1	16	0.0	0.055172999336	1	1	2	0
1	20	0.0	0.106090153234	1	1	1	2
1	84	0.0	0.055173048623	1	1	1	1
1	50	0.0	0.055173031024	1	1	3	2
1	43	0.0	0.055172786324	1	1	2	0
1	2	0.0	0.105065550309	1	1	2	1
1	54	0.0	0.107226416218	1	1	7	2
1	89	0.0	0.055173040621	1	1	3	2
1	86	0.0	0.10507317994	1	1	4	0
1	97	0.0	0.106097678901	1	1	7	3
1	66	0.0	0.105065719975	1	1	2	0
1	56	0.0	0.1072263991	1	1	7	3
1	17	0.0	0.055172992473	1	1	1	1
1	74	0.0	0.105065484599	1	1	0	2
1	52	0.0	0.055173148567	1	1	5	0
1	44	0.0	0.055173185099	1	1	2	3
1	88	0.0	0.055172812789	1	1	0	2
1	4	0.0	0.114285363272	1	1	6	0
1	9	0.0	0.055173147553	1	1	4	0
1	15	0.0	0.108211569067	1	1	1	0
1	22	0.0	0.107179566645	1	1	7	2
1	31	0.0	0.106097602272	1	1	5	5
1	34	0.0	0.105065653425	1	1	3	6
1	35	0.0	0.107225994752	1	1	4	2
1	46	0.0	0.106089878548	1	1	2	1
1	98	0.0	0.055173052621	1	1	4	0
1	57	0.0	0.105065241135	1	1	4	0
1	58	0.0	0.106097581525	1	1	6	4
1	90	0.0	0.117311615752	1	1	5	0
1	65	0.0	0.105065580779	1	1	4	3
1	91	0.0	0.10609762913	1	1	4	0
1	93	0.0	0.105073237345	1	1	6	4
1	72	0.0	0.05517305278	1	1	3	1
1	75	0.0	0.105065681008	1	1	6	1
1	100	0.0	0.106097570726	1	1	3	1
1	81	0.0	0.05517322039	1	1	4	2
1	82	0.0	0.114285064129	1	1	5	0
2	48	NA 	 NA 	0	0	0	0
2	36	NA 	 NA 	0	0	0	0
2	49	0.0	0.120609109775	1	1	0	0
2	86	0.0	0.055349976814	1	1	3	3
2	76	0.0	0.105239151279	1	1	3	1
2	32	0.0	0.114887916969	1	1	5	0
2	71	0.0	0.055350040544	1	1	1	4
2	16	0.0	0.055349979536	1	1	8	5
2	23	0.0	0.106156084636	1	1	2	1
2	26	0.0	0.108178574805	1	1	4	2
2	43	0.0	0.055349989921	1	1	4	1
2	96	0.0	0.055349784042	1	1	5	4
2	94	0.0	0.055349990272	1	1	6	4
2	63	0.0	0.055349864393	1	1	6	4
2	55	0.0	0.115349295152	1	1	3	0
2	34	0.0	0.055349688125	1	1	3	4
2	69	0.0	0.11638698309	1	1	3	0
2	21	0.0	0.107141363482	1	1	7	0
2	19	0.0	0.120609570662	1	1	4	0
2	72	0.0	0.107141754475	1	1	5	0
2	5	0.0	0.055349737417	1	1	4	5
2	66	0.0	0.055349939453	1	1	2	2
2	98	0.0	0.106156187639	1	1	6	1
2	70	0.0	0.121720853624	1	1	3	0
2	41	0.0	0.107141470485	1	1	6	2
2	25	0.0	0.106156151705	1	1	5	2
2	56	0.0	0.106156263684	1	1	6	1
2	3	0.0	0.055350002299	1	1	1	4
2	75	0.0	0.055349983192	1	1	3	2
2	0	0.0	0.055349782877	1	1	4	2
2	93	0.0	0.10627752442	1	1	3	0
2	17	0.0	0.055349682217	1	1	4	2
2	53	0.0	0.055350049731	1	1	5	0
2	15	0.0	0.055349543203	1	1	1	4
2	11	0.0	0.106116901115	1	1	2	2
2	90	0.0	0.055350056904	1	1	4	2
2	97	0.0	0.106155888676	1	1	3	2
2	79	0.0	0.105239078738	1	1	1	1
2	78	0.0	0.105239322642	1	1	5	1
2	47	0.0	0.106156200759	1	1	6	1
2	89	0.0	0.106156174038	1	1	9	0
2	100	0.0	0.117823508747	1	1	4	0
2	95	NA 	 NA 	0	0	0	0
2	39	0.0	0.055350039393	1	1	3	0
2	82	0.0	0.055349690344	1	1	3	2
2	65	0.0	0.106155844311	1	1	3	3
2	18	0.0	0.116386587683	1	1	3	0
2	6	0.0	0.055349781371	1	1	4	2
2	80	0.0	0.106117220299	1	1	5	2
2	87	0.0	0.0553493639	1	1	1	5
2	28	0.0	0.055349987406	1	1	3	1
2	45	0.0	0.055349750212	1	1	4	3
2	9	0.0	0.106549861808	1	1	7	0
2	8	0.0	0.120609563682	1	1	4	0
2	33	0.0	0.106155911475	1	1	2	2
2	37	0.0	0.10615629479	1	1	5	1
2	51	0.0	0.10611740999	1	1	2	1
2	57	0.0	0.106155877125	1	1	1	2
2	42	0.0	0.105239488005	1	1	7	4
2	54	0.0	0.117829734062	1	1	3	0
2	83	0.0	0.10523923457	1	1	4	2
2	46	0.0	0.106156195927	1	1	8	0
2	77	0.0	0.105239366296	1	1	5	0
2	40	0.0	0.108178753943	1	1	2	2
2	61	0.0	0.105239475886	1	1	7	3
2	27	0.0	0.106156079738	1	1	7	0
2	31	0.0	0.106117328613	1	1	9	1
2	52	0.0	0.055350158805	1	1	2	1
2	1	0.0	0.105239049413	1	1	3	2
2	59	0.0	0.116386765463	1	1	4	0
2	7	0.0	0.109229314739	1	1	8	3
2	88	0.0	0.108178521136	1	1	3	0
2	68	0.0	0.10714136013	1	1	6	3
2	67	0.0	0.107141404131	1	1	6	4
2	85	0.0	0.055349855052	1	1	5	3
2	92	0.0	0.105239436991	1	1	6	0
2	20	0.0	0.10611719515	1	1	5	2
2	4	0.0	0.055350008639	1	1	3	1
2	2	0.0	0.107141583338	1	1	5	1
2	10	0.0	0.055349995343	1	1	5	4
2	12	0.0	0.109229320696	1	1	8	1
2	13	0.0	0.108178629143	1	1	4	3
2	14	0.0	0.055350168044	1	1	4	4
2	22	0.0	0.055350094354	1	1	2	1
2	24	0.0	0.055349807699	1	1	3	1
2	29	0.0	0.055349839999	1	1	3	3
2	30	0.0	0.108178421758	1	1	4	1
2	35	0.0	0.10615633768	1	1	1	1
2	38	0.0	0.10896336388	1	1	5	0
2	91	0.0	0.108178771321	1	1	4	0
2	44	0.0	0.106549749768	1	1	7	1
2	50	0.0	0.107626520182	1	1	5	1
2	58	0.0	0.109229515488	1	1	5	0
2	60	0.0	0.108178387041	1	1	3	0
2	62	0.0	0.055349385538	1	1	0	0
2	64	0.0	0.106156004794	1	1	4	1
2	73	0.0	0.121720670955	1	1	3	0
2	74	0.0	0.055349997562	1	1	4	5
2	81	0.0	0.108178316495	1	1	3	0
2	84	0.0	0.106155850571	1	1	2	4
2	99	0.0	0.116386675221	1	1	4	0
3	50	NA 	 NA 	0	0	0	0
3	41	NA 	 NA 	0	0	0	0
3	17	NA 	 NA 	0	0	0	0
3	3	0.0	0.10510186915	1	1	2	0
3	37	0.0	0.113266446075	1	1	1	1
3	14	0.0	0.055142259092	1	1	6	1
3	23	0.0	0.05514198086	1	1	6	1
3	83	0.0	0.114344582378	1	1	4	0
3	1	NA 	 NA 	0	0	0	0
3	30	0.0	0.112229418584	1	1	1	2
3	54	0.0	0.106084276179	1	1	3	0
3	72	0.0	0.109156669165	1	1	4	0
3	40	0.0	0.055142284266	1	1	5	3
3	43	0.0	0.105046577726	1	1	2	3
3	80	0.0	0.055141818293	1	1	6	4
3	61	0.0	0.113266522341	1	1	0	2
3	93	0.0	0.113266808606	1	1	2	1
3	95	0.0	0.055142211516	1	1	2	0
3	10	0.0	0.108132763091	1	1	5	0
3	81	0.0	0.055142014081	1	1	3	1
3	38	0.0	0.055142176996	1	1	4	5
3	77	0.0	0.113210597739	1	1	1	0
3	47	0.0	0.10504648389	1	1	1	0
3	8	0.0	0.114260720737	1	1	4	0
3	28	0.0	0.113266436795	1	1	1	2
3	62	0.0	0.112229376325	1	1	1	0
3	76	0.0	0.055141961749	1	1	4	3
3	87	0.0	0.112229355301	1	1	2	2
3	73	0.0	0.113266677641	1	1	1	3
3	60	0.0	0.113266670524	1	1	2	3
3	24	0.0	0.055142160756	1	1	4	1
3	34	0.0	0.055141722801	1	1	1	5
3	51	0.0	0.105046410894	1	1	2	4
3	18	0.0	0.05514233939	1	1	3	4
3	25	0.0	0.05514194579	1	1	4	5
3	79	0.0	0.055141828335	1	1	3	3
3	89	0.0	0.114344357043	1	1	2	0
3	0	0.0	0.111205927482	1	1	3	1
3	44	0.0	0.055142284434	1	1	3	3
3	94	0.0	0.055141926523	1	1	1	3
3	11	0.0	0.112229342691	1	1	2	2
3	59	0.0	0.106084362589	1	1	5	0
3	27	0.0	0.105046530608	1	1	2	3
3	19	0.0	0.113210743921	1	1	1	3
3	16	0.0	0.105046397229	1	1	1	0
3	75	0.0	0.055142139944	1	1	6	1
3	22	0.0	0.112256415313	1	1	2	0
3	57	0.0	0.113266774372	1	1	1	2
3	32	0.0	0.109442878551	1	1	3	0
3	63	0.0	0.109797319924	1	1	4	2
3	91	0.0	0.055141811956	1	1	7	1
3	86	0.0	0.115285228905	1	1	2	0
3	71	0.0	0.113266666464	1	1	2	1
3	84	0.0	0.055142255441	1	1	3	0
3	69	0.0	0.113266749459	1	1	2	1
3	7	0.0	0.105046331561	1	1	2	2
3	65	0.0	0.055141956641	1	1	3	3
3	36	0.0	0.113279110382	1	1	5	0
3	53	0.0	0.113266949673	1	1	4	0
3	58	0.0	0.055141985683	1	1	3	3
3	74	0.0	0.055141874407	1	1	6	3
3	92	0.0	0.113266507503	1	1	1	4
3	21	0.0	0.105046491902	1	1	2	2
3	78	0.0	0.055142153743	1	1	5	2
3	82	0.0	0.113266861655	1	1	2	0
3	67	0.0	0.055142160541	1	1	3	1
3	29	0.0	0.055142198096	1	1	3	4
3	55	0.0	0.107108018458	1	1	1	0
3	4	0.0	0.109443322004	1	1	4	0
3	90	0.0	0.055141913163	1	1	3	3
3	64	0.0	0.055141823399	1	1	3	5
3	13	0.0	0.1071083105	1	1	5	0
3	5	0.0	0.113266688185	1	1	1	1
3	12	0.0	0.055141807645	1	1	1	3
3	45	0.0	0.105046575399	1	1	2	2
3	88	0.0	0.055141823272	1	1	6	3
3	15	0.0	0.113278981008	1	1	4	0
3	9	0.0	0.055142188553	1	1	5	3
3	2	0.0	0.055141798393	1	1	2	0
3	68	0.0	0.10813290899	1	1	8	0
3	42	0.0	0.114260619764	1	1	4	0
3	31	0.0	0.055141684916	1	1	2	5
3	49	0.0	0.055142133401	1	1	2	3
3	39	0.0	0.055142214424	1	1	4	4
3	6	0.0	0.109442704328	1	1	2	0
3	97	0.0	0.105101267492	1	1	2	2
3	98	0.0	0.105101491729	1	1	4	1
3	20	0.0	0.106084160327	1	1	5	1
3	99	0.0	0.105101591281	1	1	5	1
3	26	0.0	0.108132544337	1	1	2	0
3	33	0.0	0.109222110359	1	1	4	0
3	85	0.0	0.113210560485	1	1	2	1
3	35	0.0	0.113266446898	1	1	1	0
3	46	0.0	0.105101595859	1	1	3	2
3	48	0.0	0.114344592482	1	1	3	1
3	52	0.0	0.055142158078	1	1	3	3
3	56	0.0	0.112229499344	1	1	1	3
3	66	0.0	0.105101873805	1	1	4	1
3	70	0.0	0.05514227974	1	1	4	4
3	96	0.0	0.1094432146	1	1	3	0
4	19	NA 	 NA 	0	0	0	0
4	65	NA 	 NA 	0	0	0	0
4	61	NA 	 NA 	0	0	0	0
4	57	NA 	 NA 	0	0	0	0
4	64	0.0	0.055058282313	1	1	5	2
4	70	0.0	0.111215792307	1	1	2	0
4	85	0.0	0.107105390346	1	1	2	2
4	14	0.0	0.10711847818	1	1	0	2
4	2	0.0	0.110178543564	1	1	5	0
4	69	0.0	0.107105825437	1	1	5	1
4	13	0.0	0.106081206868	1	1	3	3
4	63	0.0	0.107118551448	1	1	2	0
4	16	0.0	0.110191767177	1	1	4	1
4	31	0.0	0.111228799314	1	1	3	1
4	46	0.0	0.05505832523	1	1	3	2
4	4	0.0	0.055057942287	1	1	2	4
4	95	0.0	0.106081436094	1	1	6	0
4	7	0.0	0.114314839027	1	1	4	0
4	59	0.0	0.116416227626	1	1	1	0
4	68	0.0	0.055058480532	1	1	7	6
4	10	0.0	0.055058421926	1	1	6	5
4	91	0.0	0.107105371334	1	1	2	0
4	24	0.0	0.107104964898	1	1	2	0
4	38	0.0	0.111228938039	1	1	3	1
4	53	0.0	0.117947916106	1	1	1	0
4	11	0.0	0.111228997285	1	1	2	0
4	48	0.0	0.11549561209	1	1	7	0
4	98	0.0	0.106081375636	1	1	5	2
4	62	0.0	0.055057748659	1	1	1	5
4	92	0.0	0.055057995513	1	1	2	3
4	33	0.0	0.055058434079	1	1	5	4
4	54	0.0	0.05505849605	1	1	4	2
4	9	0.0	0.055057721754	1	1	1	4
4	86	0.0	0.055058346166	1	1	6	2
4	96	0.0	0.055058376463	1	1	4	0
4	29	0.0	0.114275841866	1	1	6	0
4	40	0.0	0.108129749952	1	1	9	8
4	73	0.0	0.055058510509	1	1	5	5
4	87	0.0	0.106081459103	1	1	6	1
4	34	0.0	0.055058352985	1	1	2	0
4	51	0.0	0.114276066419	1	1	7	0
4	50	0.0	0.118485140809	1	1	2	1
4	45	0.0	0.118485111421	1	1	3	1
4	74	0.0	0.109206095514	1	1	4	2
4	55	0.0	0.055058416358	1	1	2	1
4	20	0.0	0.055057770336	1	1	0	0
4	23	0.0	0.055058414111	1	1	4	6
4	99	0.0	0.055057930937	1	1	3	3
4	83	0.0	0.116870937452	1	1	1	0
4	3	0.0	0.118485164582	1	1	0	0
4	75	0.0	0.106081595869	1	1	3	1
4	93	0.0	0.114314464384	1	1	0	0
4	17	0.0	0.115846507408	1	1	3	0
4	35	0.0	0.108129601642	1	1	6	5
4	21	0.0	0.055058327005	1	1	5	2
4	30	0.0	0.106081110568	1	1	2	1
4	58	0.0	0.055058371631	1	1	8	1
4	8	0.0	0.106081011011	1	1	5	5
4	28	0.0	0.114276011548	1	1	2	0
4	72	0.0	0.055058156102	1	1	4	2
4	47	0.0	0.107105436648	1	1	2	2
4	27	0.0	0.115495248166	1	1	5	0
4	26	0.0	0.055058016562	1	1	4	3
4	36	0.0	0.055058387165	1	1	4	2
4	94	0.0	0.107118422604	1	1	1	0
4	88	0.0	0.055057802589	1	1	1	4
4	89	0.0	0.106081464473	1	1	5	0
4	66	0.0	0.05505821216	1	1	5	4
4	42	0.0	0.107118506868	1	1	3	0
4	52	0.0	0.107105614304	1	1	5	0
4	0	0.0	0.107105402642	1	1	1	1
4	39	0.0	0.055058059785	1	1	3	5
4	18	0.0	0.055058325237	1	1	2	4
4	76	0.0	0.10710552173	1	1	3	5
4	97	0.0	0.106081015656	1	1	7	7
4	37	0.0	0.055058478007	1	1	3	4
4	49	0.0	0.118485292834	1	1	1	1
4	80	0.0	0.114276752795	1	1	3	0
4	5	0.0	0.055058348832	1	1	3	0
4	56	0.0	0.055058316844	1	1	6	2
4	82	0.0	0.055058324827	1	1	5	6
4	84	0.0	0.106081075883	1	1	2	7
4	12	0.0	0.055058316505	1	1	4	3
4	60	0.0	0.115495680767	1	1	6	0
4	1	0.0	0.05505840561	1	1	4	3
4	90	0.0	0.055058377785	1	1	8	8
4	67	0.0	0.119710556694	1	1	2	1
4	78	0.0	0.055058133039	1	1	4	2
4	6	0.0	0.107105575313	1	1	3	3
4	15	0.0	0.107105589927	1	1	3	3
4	22	0.0	0.055057997207	1	1	2	0
4	25	0.0	0.114276065238	1	1	5	0
4	32	0.0	0.108377024627	1	1	4	1
4	41	0.0	0.055058193507	1	1	5	4
4	43	0.0	0.107118478652	1	1	4	1
4	44	0.0	0.110178501064	1	1	6	1
4	100	0.0	0.055057988058	1	1	1	2
4	71	0.0	0.055057982405	1	1	3	5
4	77	0.0	0.055058367289	1	1	6	2
4	79	0.0	0.114275951453	1	1	6	0
4	81	0.0	0.055058134158	1	1	5	3
5	49	NA 	 NA 	0	0	0	0
5	74	NA 	 NA 	0	0	0	0
5	76	NA 	 NA 	0	0	0	0
5	81	NA 	 NA 	0	0	0	0
5	3	NA 	 NA 	0	0	0	0
5	10	NA 	 NA 	0	0	0	0
5	55	NA 	 NA 	0	0	0	0
5	77	0.0	0.116129825315	1	1	3	0
5	38	0.0	0.105058522394	1	1	5	0
5	44	0.0	0.106083189347	1	1	5	0
5	7	0.0	0.116296958048	1	1	2	0
5	67	0.0	0.055085984001	1	1	4	3
5	95	NA 	 NA 	0	0	0	0
5	33	0.0	0.05508565256	1	1	2	2
5	26	0.0	0.055085781351	1	1	3	3
5	39	0.0	0.111898709031	1	1	2	0
5	78	0.0	0.111898542823	1	1	2	1
5	0	0.0	0.106141782353	1	1	4	0
5	5	0.0	0.055086053033	1	1	4	3
5	27	0.0	0.110180672	1	1	2	0
5	34	0.0	0.105103829487	1	1	1	0
5	24	0.0	0.105156520368	1	1	3	1
5	29	0.0	0.107165889913	1	1	1	3
5	60	0.0	0.055085362668	1	1	0	4
5	94	0.0	0.105058362622	1	1	2	0
5	72	0.0	0.110180856706	1	1	3	0
5	68	0.0	0.117219477295	1	1	0	2
5	42	0.0	0.109113423217	1	1	3	2
5	89	0.0	0.106141776387	1	1	5	2
5	69	0.0	0.055085988587	1	1	5	3
5	54	0.0	0.055085985082	1	1	4	0
5	14	0.0	0.055085908964	1	1	2	0
5	31	0.0	0.105058500598	1	1	1	2
5	96	0.0	0.11721940843	1	1	0	2
5	20	0.0	0.105103910682	1	1	4	1
5	90	0.0	0.105103821575	1	1	1	2
5	18	0.0	0.105103971691	1	1	4	2
5	100	0.0	0.105103806927	1	1	0	2
5	11	0.0	0.055085486546	1	1	1	0
5	97	0.0	0.055086005105	1	1	1	0
5	28	0.0	0.106141717113	1	1	3	3
5	25	0.0	0.115324367299	1	1	0	0
5	57	0.0	0.105103944029	1	1	0	1
5	36	0.0	0.055086006317	1	1	5	4
5	16	0.0	0.10701215076	1	1	6	1
5	9	0.0	0.107012367221	1	1	5	1
5	17	0.0	0.113249494596	1	1	4	0
5	64	0.0	0.105156516085	1	1	7	2
5	15	0.0	0.107012604327	1	1	5	2
5	70	0.0	0.10614148349	1	1	1	0
5	98	0.0	0.105103870196	1	1	1	1
5	4	0.0	0.105058170136	1	1	2	1
5	58	0.0	0.113249453735	1	1	3	0
5	73	0.0	0.055085648749	1	1	2	3
5	66	0.0	0.055085339695	1	1	0	1
5	85	0.0	0.11532429647	1	1	1	2
5	51	0.0	0.11825740789	1	1	1	0
5	21	0.0	0.110181002703	1	1	2	1
5	8	0.0	0.113249488982	1	1	4	0
5	62	0.0	0.055085840308	1	1	0	1
5	91	0.0	0.055085683953	1	1	4	1
5	46	0.0	0.10851137285	1	1	5	2
5	80	0.0	0.105058501214	1	1	4	0
5	22	0.0	0.055085817742	1	1	1	1
5	65	0.0	0.106141600879	1	1	3	4
5	23	0.0	0.055086063712	1	1	4	1
5	52	0.0	0.116296928849	1	1	2	0
5	19	0.0	0.055085959002	1	1	2	4
5	35	0.0	0.055085970306	1	1	2	1
5	71	0.0	0.113249273486	1	1	1	1
5	59	0.0	0.05508598952	1	1	5	2
5	12	0.0	0.109113210616	1	1	2	1
5	86	0.0	0.055086015735	1	1	4	1
5	37	0.0	0.055085578279	1	1	2	1
5	6	0.0	0.10701258136	1	1	4	0
5	87	0.0	0.106147696011	1	1	6	0
5	92	0.0	0.106083169616	1	1	4	1
5	99	0.0	0.10701237976	1	1	4	0
5	50	0.0	0.105103797448	1	1	2	1
5	48	0.0	0.055085752358	1	1	0	0
5	93	0.0	0.105104062557	1	1	6	1
5	1	0.0	0.105058237615	1	1	3	0
5	56	0.0	0.107166165409	1	1	3	1
5	43	0.0	0.055086028168	1	1	6	2
5	45	0.0	0.105103921325	1	1	2	0
5	30	0.0	0.055086046287	1	1	4	2
5	88	0.0	0.110180350243	1	1	3	0
5	13	0.0	0.106141718103	1	1	3	2
5	82	0.0	0.10505834779	1	1	4	0
5	2	0.0	0.107107336234	1	1	4	0
5	83	0.0	0.107204678877	1	1	1	1
5	32	0.0	0.1051037598	1	1	1	1
5	40	0.0	0.107012256459	1	1	3	2
5	84	0.0	0.107012290474	1	1	4	2
5	41	0.0	0.108511249404	1	1	4	3
5	47	0.0	0.055085866973	1	1	4	3
5	53	0.0	0.055086099365	1	1	3	1
5	61	0.0	0.113249525623	1	1	2	0
5	63	0.0	0.055086032207	1	1	5	2
5	75	0.0	0.055086039153	1	1	1	3
5	79	0.0	0.114444013538	1	1	4	0
6	29	NA 	 NA 	0	0	0	0
6	18	NA 	 NA 	0	0	0	0
6	54	NA 	 NA 	0	0	0	0
6	1	NA 	 NA 	0	0	0	0
6	13	0.0	0.118054203767	1	1	2	0
6	88	0.0	0.055295244454	1	1	4	5
6	80	NA 	 NA 	0	0	0	0
6	70	0.0	0.109183345771	1	1	5	2
6	45	0.0	0.115325669555	1	1	2	0
6	71	0.0	0.0552949009	1	1	3	3
6	58	0.0	0.055295276724	1	1	6	3
6	47	0.0	0.107232147515	1	1	1	1
6	52	0.0	0.115927260706	1	1	1	1
6	16	0.0	0.05529531068	1	1	2	1
6	93	0.0	0.055295057949	1	1	2	3
6	64	0.0	0.055295311235	1	1	5	1
6	35	0.0	0.055295314143	1	1	5	3
6	60	0.0	0.10503081132	1	1	4	1
6	82	0.0	0.105144680511	1	1	9	1
6	39	0.0	0.055294917859	1	1	6	6
6	7	0.0	0.114289433987	1	1	5	1
6	33	0.0	0.107625763521	1	1	6	0
6	77	0.0	0.113265429276	1	1	4	0
6	73	0.0	0.114877077901	1	1	4	0
6	22	0.0	0.107625654777	1	1	5	0
6	75	0.0	0.055294910736	1	1	4	3
6	32	0.0	0.115326008159	1	1	3	1
6	3	0.0	0.114289629576	1	1	3	0
6	61	0.0	0.05529532495	1	1	5	3
6	42	0.0	0.055294597406	1	1	0	5
6	90	0.0	0.109609193871	1	1	5	1
6	98	0.0	0.055295079453	1	1	1	0
6	96	0.0	0.113265067548	1	1	4	1
6	50	0.0	0.055295387592	1	1	4	4
6	0	0.0	0.105144940651	1	1	7	0
6	37	0.0	0.055294888949	1	1	4	1
6	57	0.0	0.114289162096	1	1	2	0
6	85	0.0	0.05529492866	1	1	3	4
6	63	0.0	0.055295013241	1	1	2	3
6	23	0.0	0.109183446042	1	1	4	0
6	97	0.0	0.055295249138	1	1	2	4
6	94	0.0	0.115325703059	1	1	3	1
6	12	0.0	0.105030650867	1	1	3	0
6	84	0.0	0.055294748111	1	1	4	7
6	27	0.0	0.055295271095	1	1	4	3
6	62	0.0	0.055295268743	1	1	5	5
6	72	0.0	0.115326108984	1	1	2	0
6	67	0.0	0.055295140566	1	1	4	3
6	15	NA 	 NA 	0	0	0	0
6	10	0.0	0.113265252818	1	1	5	1
6	87	0.0	0.055295025534	1	1	2	5
6	86	0.0	0.115325771355	1	1	1	0
6	17	0.0	0.055295400175	1	1	5	3
6	56	0.0	0.105030721414	1	1	5	3
6	43	0.0	0.115325997631	1	1	3	0
6	48	0.0	0.115314281544	1	1	1	0
6	28	0.0	0.114289311405	1	1	3	1
6	53	0.0	0.114289594945	1	1	4	0
6	68	0.0	0.055295364328	1	1	5	2
6	2	0.0	0.107231985996	1	1	5	0
6	40	0.0	0.05529512999	1	1	6	3
6	4	0.0	0.055295342029	1	1	4	3
6	59	0.0	0.106055335842	1	1	6	0
6	83	0.0	0.105030715797	1	1	3	2
6	21	0.0	0.113631433	1	1	5	1
6	20	0.0	0.105030688928	1	1	4	4
6	24	0.0	0.055295294118	1	1	6	4
6	51	0.0	0.05529456688	1	1	0	5
6	46	0.0	0.055294758918	1	1	4	1
6	81	0.0	0.055295217586	1	1	2	5
6	6	0.0	0.107625959189	1	1	4	1
6	92	0.0	0.105030609684	1	1	4	3
6	74	0.0	0.118054111459	1	1	2	0
6	69	0.0	0.055295242505	1	1	4	3
6	11	0.0	0.055295274734	1	1	7	5
6	25	0.0	0.055295305329	1	1	2	1
6	19	0.0	0.055295206393	1	1	5	1
6	36	0.0	0.113265093659	1	1	4	0
6	9	0.0	0.106055147047	1	1	4	0
6	49	0.0	0.113631041492	1	1	3	0
6	5	0.0	0.113631398923	1	1	3	0
6	8	0.0	0.055294979334	1	1	3	3
6	14	0.0	0.055294916999	1	1	1	7
6	89	0.0	0.105144713433	1	1	7	0
6	26	0.0	0.055295222927	1	1	5	3
6	30	0.0	0.108584689055	1	1	3	0
6	31	0.0	0.107232007542	1	1	6	0
6	34	0.0	0.106055310306	1	1	6	3
6	38	0.0	0.114289244748	1	1	2	1
6	41	0.0	0.107625737193	1	1	4	0
6	91	0.0	0.107232039816	1	1	4	0
6	44	0.0	0.113631199186	1	1	3	0
6	55	0.0	0.11326518774	1	1	4	0
6	65	0.0	0.107625454873	1	1	5	0
6	66	0.0	0.114289018655	1	1	3	1
6	99	0.0	0.105144831397	1	1	8	0
6	95	0.0	0.05529538822	1	1	5	5
6	76	0.0	0.055295423467	1	1	4	3
6	78	0.0	0.105030699415	1	1	4	2
6	79	0.0	0.10960975589	1	1	5	2
7	49	NA 	 NA 	0	0	0	0
7	18	NA 	 NA 	0	0	0	0
7	76	NA 	 NA 	0	0	0	0
7	74	NA 	 NA 	0	0	0	0
7	81	NA 	 NA 	0	0	0	0
7	3	NA 	 NA 	0	0	0	0
7	10	NA 	 NA 	0	0	0	0
7	55	0.0	0.055140720203	1	1	1	0
7	77	0.0	0.10511301203	1	1	3	3
7	38	0.0	0.105123798476	1	1	4	1
7	44	0.0	0.118839048148	1	1	2	0
7	95	0.0	0.105113500433	1	1	5	3
7	67	0.0	0.055140580058	1	1	5	4
7	7	0.0	0.105103294149	1	1	7	3
7	0	0.0	0.110749171092	1	1	2	0
7	33	0.0	0.055140258625	1	1	0	1
7	100	0.0	0.105103070957	1	1	4	4
7	26	0.0	0.055140406374	1	1	4	3
7	39	0.0	0.106644851771	1	1	0	0
7	27	0.0	0.105123767694	1	1	1	2
7	78	0.0	0.107929418929	1	1	1	0
7	29	0.0	0.11283699261	1	1	4	0
7	5	0.0	0.055140675759	1	1	2	0
7	24	0.0	0.10792945225	1	1	3	0
7	34	0.0	0.105103027546	1	1	5	2
7	60	0.0	0.055139984249	1	1	0	4
7	72	0.0	0.10506714275	1	1	2	2
7	94	0.0	0.106092110298	1	1	3	1
7	68	0.0	0.105113494049	1	1	5	0
7	42	0.0	0.106244845809	1	1	5	1
7	16	0.0	0.105103110099	1	1	2	1
7	101	0.0	0.116999571993	1	1	3	0
7	14	0.0	0.055140548247	1	1	1	2
7	25	0.0	0.106244836833	1	1	8	2
7	69	0.0	0.055140594283	1	1	1	3
7	31	0.0	0.105123482801	1	1	3	0
7	90	0.0	0.11592356079	1	1	5	0
7	96	0.0	0.105113535668	1	1	6	2
7	54	0.0	0.055140596142	1	1	1	3
7	89	0.0	0.110749182526	1	1	2	0
7	11	0.0	0.055140096899	1	1	1	2
7	28	0.0	0.107669857758	1	1	5	1
7	9	0.0	0.105103263494	1	1	5	1
7	36	0.0	0.055140612628	1	1	2	1
7	57	0.0	0.118036687947	1	1	3	0
7	15	0.0	0.106244778559	1	1	4	1
7	17	0.0	0.105112826526	1	1	2	1
7	20	0.0	0.1144395223	1	1	4	0
7	98	0.0	0.116999558342	1	1	4	0
7	70	0.0	0.105113643935	1	1	5	0
7	64	0.0	0.105113362244	1	1	2	2
7	66	0.0	0.055139947584	1	1	0	2
7	97	0.0	0.055140614499	1	1	1	0
7	73	0.0	0.055140254641	1	1	1	3
7	58	0.0	0.105113211269	1	1	3	4
7	85	0.0	0.116999266253	1	1	4	0
7	4	0.0	0.105123372117	1	1	1	3
7	59	0.0	0.055140519316	1	1	1	0
7	8	0.0	0.055140788549	1	1	3	0
7	21	0.0	0.105067301545	1	1	3	0
7	52	0.0	0.105103042	1	1	7	1
7	51	0.0	0.118838976843	1	1	2	0
7	91	0.0	0.055140293373	1	1	2	1
7	65	0.0	0.112837264673	1	1	7	0
7	22	0.0	0.055140422767	1	1	3	2
7	23	0.0	0.055140681946	1	1	2	2
7	19	0.0	0.055140502868	1	1	3	1
7	80	0.0	0.105123598102	1	1	3	3
7	62	0.0	0.055140390395	1	1	4	3
7	71	0.0	0.105113148349	1	1	5	1
7	12	0.0	0.113861245439	1	1	5	0
7	35	0.0	0.055140570853	1	1	5	3
7	86	0.0	0.055140616093	1	1	5	3
7	37	0.0	0.05514020498	1	1	1	2
7	1	0.0	0.112250866875	1	1	1	0
7	6	0.0	0.106244719845	1	1	3	0
7	87	0.0	0.105123851024	1	1	3	0
7	48	0.0	0.055140368493	1	1	3	3
7	92	0.0	0.105123910291	1	1	4	3
7	93	0.0	0.105103094769	1	1	2	2
7	99	0.0	0.112390608172	1	1	3	0
7	53	0.0	0.055140733527	1	1	7	2
7	46	0.0	0.105123840336	1	1	5	2
7	50	0.0	0.105103044974	1	1	5	3
7	30	0.0	0.055140587336	1	1	3	4
7	56	0.0	0.107669878435	1	1	4	0
7	43	0.0	0.055140665508	1	1	4	3
7	45	0.0	0.105103038742	1	1	4	0
7	88	0.0	0.10609263317	1	1	4	1
7	82	0.0	0.106092081859	1	1	2	0
7	13	0.0	0.107669544207	1	1	4	1
7	2	0.0	0.105067178343	1	1	2	1
7	83	NA 	 NA 	0	0	0	0
7	32	0.0	0.105103072378	1	1	5	3
7	40	0.0	0.105103371485	1	1	5	2
7	84	0.0	0.112390673803	1	1	2	0
7	41	0.0	0.118839104695	1	1	2	0
7	47	0.0	0.05514048362	1	1	1	1
7	61	0.0	0.105113241378	1	1	4	1
7	63	0.0	0.055140639705	1	1	2	2
7	75	0.0	0.055140639879	1	1	0	1
7	79	0.0	0.106644688491	1	1	2	1
8	29	NA 	 NA 	0	0	0	0
8	28	NA 	 NA 	0	0	0	0
8	55	NA 	 NA 	0	0	0	0
8	59	NA 	 NA 	0	0	0	0
8	81	0.0	0.105089626521	1	1	4	3
8	25	0.0	0.106078140177	1	1	3	2
8	43	0.0	0.105053205581	1	1	2	0
8	6	0.0	0.115310359441	1	1	2	0
8	35	0.0	0.106077773288	1	1	2	1
8	46	0.0	0.106078066357	1	1	3	0
8	36	0.0	0.055196267936	1	1	1	3
8	91	0.0	0.114273131171	1	1	1	0
8	100	0.0	0.055196473137	1	1	1	0
8	30	0.0	0.055196577542	1	1	5	1
8	1	0.0	0.114272978012	1	1	1	0
8	76	0.0	0.106727834566	1	1	2	0
8	18	0.0	0.105089773238	1	1	2	1
8	73	0.0	0.116334785271	1	1	1	0
8	5	0.0	0.106608558067	1	1	6	0
8	49	0.0	0.10607771874	1	1	3	0
8	48	0.0	0.055196487346	1	1	3	3
8	85	0.0	0.107101612804	1	1	3	0
8	58	0.0	0.116933582062	1	1	3	0
8	62	0.0	0.055196394848	1	1	2	1
8	92	0.0	0.106077840431	1	1	3	4
8	54	0.0	0.115322683839	1	1	3	0
8	16	0.0	0.055196542361	1	1	4	4
8	9	0.0	0.105053272172	1	1	3	1
8	4	0.0	0.105089576628	1	1	1	4
8	88	0.0	0.055196234551	1	1	3	4
8	17	0.0	0.113327144037	1	1	2	0
8	63	0.0	0.10508979345	1	1	1	1
8	20	0.0	0.105089788072	1	1	3	1
8	57	0.0	0.055196570178	1	1	4	0
8	70	0.0	0.106829436106	1	1	5	1
8	32	0.0	0.106608391727	1	1	4	1
8	11	0.0	0.106829739716	1	1	4	1
8	53	0.0	0.106078123276	1	1	1	0
8	22	0.0	0.106608273315	1	1	2	0
8	71	0.0	0.115323176636	1	1	3	0
8	0	0.0	0.055196459582	1	1	2	3
8	84	0.0	0.055196344922	1	1	2	5
8	15	0.0	0.106077786602	1	1	3	4
8	26	0.0	0.05519643271	1	1	2	3
8	7	0.0	0.055196495757	1	1	2	1
8	72	0.0	0.105089609504	1	1	3	5
8	44	0.0	0.105053109837	1	1	2	0
8	79	0.0	0.05519658917	1	1	4	1
8	10	0.0	0.055196194681	1	1	4	5
8	60	0.0	0.055196552559	1	1	4	5
8	74	0.0	0.114285770929	1	1	4	0
8	12	0.0	0.055196170414	1	1	1	4
8	98	0.0	0.055196507042	1	1	2	5
8	37	0.0	0.055196635237	1	1	4	5
8	8	0.0	0.055196591165	1	1	0	0
8	75	0.0	0.105089829963	1	1	4	2
8	40	0.0	0.055196502919	1	1	4	4
8	21	0.0	0.10607796299	1	1	5	2
8	65	0.0	0.105089965036	1	1	6	2
8	51	0.0	0.05519658594	1	1	6	5
8	95	0.0	0.105053106453	1	1	3	1
8	50	0.0	0.114921389869	1	1	5	0
8	78	0.0	0.055196540144	1	1	4	1
8	56	0.0	0.10508993985	1	1	6	1
8	2	0.0	0.055196539766	1	1	4	1
8	80	0.0	0.106829531677	1	1	7	0
8	90	0.0	0.105089922424	1	1	3	2
8	96	0.0	0.055196631759	1	1	5	1
8	93	0.0	0.055196371402	1	1	3	2
8	69	0.0	0.10508996061	1	1	2	0
8	77	0.0	0.105053118071	1	1	4	1
8	38	0.0	0.110174517834	1	1	2	0
8	23	0.0	0.106077634658	1	1	2	3
8	61	0.0	0.055196215965	1	1	2	4
8	24	0.0	0.055196174041	1	1	1	5
8	99	0.0	0.055196182135	1	1	2	1
8	39	0.0	0.108168827177	1	1	3	0
8	68	0.0	0.113870507106	1	1	5	0
8	67	0.0	0.105053189956	1	1	2	2
8	66	0.0	0.055195875723	1	1	0	2
8	89	0.0	0.105089761037	1	1	4	5
8	64	0.0	0.055196219338	1	1	2	5
8	97	0.0	0.106608306372	1	1	2	0
8	94	0.0	0.055196176784	1	1	0	4
8	13	0.0	0.055196161817	1	1	1	0
8	47	0.0	0.055196326377	1	1	0	1
8	87	0.0	0.106077660004	1	1	2	1
8	82	0.0	0.105090016807	1	1	7	5
8	41	0.0	0.105053207709	1	1	2	0
8	45	0.0	0.1060778005	1	1	3	3
8	3	0.0	0.106077974929	1	1	4	0
8	42	0.0	0.106608298156	1	1	3	1
8	33	0.0	0.105089898372	1	1	0	2
8	52	0.0	0.105090003235	1	1	7	2
8	19	0.0	0.111199514342	1	1	1	0
8	14	0.0	0.055196186653	1	1	2	2
8	27	0.0	0.106829671104	1	1	7	0
8	31	0.0	0.055196528644	1	1	3	2
8	34	0.0	0.106829519454	1	1	4	0
8	83	0.0	0.105053202832	1	1	2	0
8	86	0.0	0.11428558203	1	1	4	0
9	66	NA 	 NA 	0	0	0	0
9	90	NA 	 NA 	0	0	0	0
9	20	NA 	 NA 	0	0	0	0
9	18	NA 	 NA 	0	0	0	0
9	63	0.0	0.113553272006	1	1	2	0
9	2	0.0	0.117523129384	1	1	0	0
9	57	0.0	0.109166103338	1	1	4	0
9	77	0.0	0.112227518526	1	1	1	0
9	78	0.0	0.105109678436	1	1	1	1
9	85	0.0	0.114772698723	1	1	6	1
9	9	0.0	0.055150187729	1	1	2	4
9	12	0.0	0.105109956836	1	1	6	1
9	62	0.0	0.105109945731	1	1	6	1
9	24	0.0	0.055150486113	1	1	1	0
9	4	0.0	0.112227104996	1	1	2	0
9	51	0.0	0.119428802564	1	1	4	0
9	30	0.0	0.055149993979	1	1	1	3
9	98	0.0	0.108128861472	1	1	9	4
9	21	0.0	0.05515007273	1	1	1	5
9	43	0.0	0.112227287339	1	1	4	1
9	15	0.0	0.105109806543	1	1	1	1
9	88	0.0	0.055149867137	1	1	4	4
9	82	0.0	0.05515037436	1	1	1	0
9	29	0.0	0.105109217683	1	1	2	1
9	75	0.0	0.055150316352	1	1	2	2
9	50	0.0	0.055150467395	1	1	7	4
9	16	0.0	0.055150029952	1	1	1	4
9	92	0.0	0.105109927601	1	1	2	2
9	47	0.0	0.113553622269	1	1	3	0
9	39	0.0	0.105055924086	1	1	5	0
9	100	0.0	0.109309902397	1	1	4	0
9	41	0.0	0.055150059176	1	1	2	3
9	3	0.0	0.055150319044	1	1	2	5
9	23	0.0	0.055150319663	1	1	2	1
9	58	0.0	0.106394731575	1	1	8	2
9	97	0.0	0.109309886175	1	1	5	2
9	64	0.0	0.055150148308	1	1	2	2
9	54	0.0	0.108128952427	1	1	9	3
9	31	0.0	0.108220175516	1	1	2	2
9	70	0.0	0.055150053363	1	1	5	3
9	73	0.0	0.055150352403	1	1	7	2
9	27	0.0	0.105109755098	1	1	3	2
9	48	0.0	0.055150138045	1	1	2	2
9	5	0.0	0.11427611981	1	1	2	2
9	71	0.0	0.108129428296	1	1	3	1
9	32	NA 	 NA 	0	0	0	0
9	35	0.0	0.106080393255	1	1	5	2
9	46	0.0	0.055150437938	1	1	1	4
9	53	0.0	0.113553152837	1	1	4	0
9	96	0.0	0.105109444095	1	1	2	1
9	99	0.0	0.055150063177	1	1	4	4
9	40	0.0	0.055150282409	1	1	2	3
9	38	0.0	0.105109386005	1	1	2	4
9	13	0.0	0.11427603479	1	1	5	0
9	87	0.0	0.119428746908	1	1	4	0
9	33	0.0	0.105109955847	1	1	2	2
9	42	0.0	0.055150333269	1	1	3	3
9	86	0.0	0.055150323471	1	1	0	4
9	76	0.0	0.055150070543	1	1	2	3
9	36	0.0	0.107143413322	1	1	1	0
9	45	0.0	0.10822012401	1	1	1	0
9	72	0.0	0.116925898743	1	1	1	0
9	56	0.0	0.105109649562	1	1	2	1
9	65	0.0	0.055150296896	1	1	0	4
9	79	0.0	0.055150032416	1	1	2	2
9	81	0.0	0.105109833074	1	1	1	1
9	84	0.0	0.055150416912	1	1	0	3
9	94	0.0	0.114276208534	1	1	2	0
9	25	0.0	0.105109455786	1	1	3	1
9	59	0.0	0.119428475784	1	1	4	0
9	26	0.0	0.055150412555	1	1	4	1
9	8	0.0	0.105109469069	1	1	3	3
9	93	0.0	0.055150338091	1	1	2	1
9	74	0.0	0.111878693386	1	1	4	0
9	68	0.0	0.113553097203	1	1	5	0
9	91	0.0	0.055150443575	1	1	6	3
9	28	0.0	0.055150077482	1	1	3	2
9	19	0.0	0.105109630638	1	1	6	1
9	61	0.0	0.11427618998	1	1	2	1
9	67	0.0	0.1071433839	1	1	2	2
9	6	0.0	0.105055870032	1	1	2	1
9	60	0.0	0.105055890036	1	1	2	2
9	0	0.0	0.112227112813	1	1	2	2
9	1	0.0	0.105109952983	1	1	6	1
9	7	0.0	0.119428583185	1	1	4	0
9	10	0.0	0.112434313936	1	1	7	1
9	11	0.0	0.055150098747	1	1	0	2
9	14	0.0	0.108220371639	1	1	6	0
9	17	0.0	0.106080334919	1	1	2	1
9	22	0.0	0.112434275313	1	1	8	0
9	34	0.0	0.114276191734	1	1	3	1
9	37	0.0	0.112227390199	1	1	2	2
9	44	0.0	0.114276169564	1	1	3	1
9	49	0.0	0.11942874516	1	1	4	0
9	52	0.0	0.05514996742	1	1	4	2
9	55	0.0	0.055149791913	1	1	1	0
9	69	0.0	0.055149956749	1	1	2	3
9	95	0.0	0.113251723131	1	1	2	3
9	80	0.0	0.114276144199	1	1	4	2
9	83	0.0	0.055150397558	1	1	3	3
9	89	0.0	0.105109675898	1	1	7	2
