0	20	NA 	 NA 	0	0	0	0
0	51	NA 	 NA 	0	0	0	0
0	134	0.0	0.112215594944	1	1	8	0
0	63	0.0	0.107107491589	1	1	8	1
0	86	0.0	0.107894368008	1	1	3	2
0	200	0.0	0.055343029418	1	1	3	3
0	121	0.0	0.113240247377	1	1	8	0
0	32	0.0	0.055342600468	1	1	0	0
0	156	0.0	0.116290601652	1	1	8	2
0	164	0.0	0.127804052225	1	1	7	1
0	188	0.0	0.055343067584	1	1	9	1
0	58	0.0	0.118313217031	1	1	1	0
0	154	0.0	0.105078308809	1	1	2	6
0	135	0.0	0.055342837893	1	1	3	9
0	92	0.0	0.12054346563	1	1	9	2
0	2	0.0	0.118440043621	1	1	9	0
0	165	0.0	0.118440093719	1	1	10	0
0	196	0.0	0.10606972099	1	1	3	4
0	47	0.0	0.105045074548	1	1	3	3
0	69	0.0	0.055343146774	1	1	9	2
0	168	0.0	0.107094564601	1	1	10	0
0	186	0.0	0.105045495351	1	1	12	5
0	198	0.0	0.106070002082	1	1	0	1
0	45	0.0	0.106070100765	1	1	1	1
0	52	0.0	0.113240433404	1	1	10	1
0	46	0.0	0.055342664238	1	1	5	2
0	38	0.0	0.055342742647	1	1	8	7
0	176	0.0	0.055343022223	1	1	1	0
0	189	0.0	0.107894296882	1	1	3	0
0	110	0.0	0.112215591263	1	1	8	0
0	106	0.0	0.106069816565	1	1	3	1
0	119	0.0	0.105121988288	1	1	1	1
0	30	0.0	0.118455668503	1	1	5	0
0	101	0.0	0.055342897709	1	1	6	7
0	84	0.0	0.120543349436	1	1	10	1
0	107	0.0	0.055343094556	1	1	2	3
0	89	0.0	0.055342637088	1	1	8	6
0	25	0.0	0.127804127419	1	1	6	0
0	187	0.0	0.1184554888	1	1	6	1
0	178	0.0	0.112215132119	1	1	9	1
0	190	0.0	0.127804249298	1	1	6	0
0	163	0.0	0.055342724108	1	1	5	5
0	97	0.0	0.106115781415	1	1	2	6
0	34	0.0	0.120374395859	1	1	9	2
0	172	0.0	0.109143585465	1	1	9	2
0	7	0.0	0.105045512161	1	1	7	2
0	49	0.0	0.055342962368	1	1	3	3
0	48	0.0	0.11333110445	1	1	8	0
0	132	0.0	0.11430620444	1	1	2	1
0	181	0.0	0.055342317222	1	1	0	3
0	150	0.0	0.055342564907	1	1	4	8
0	170	0.0	0.113240441973	1	1	10	2
0	175	0.0	0.117382060063	1	1	0	0
0	9	0.0	0.106115653504	1	1	2	6
0	11	0.0	0.106069500116	1	1	10	2
0	124	0.0	0.055343042227	1	1	9	3
0	141	0.0	0.107107761449	1	1	10	2
0	81	0.0	0.118455634322	1	1	6	1
0	36	0.0	0.107107504337	1	1	8	0
0	108	0.0	0.109029491901	1	1	12	1
0	177	0.0	0.05534294809	1	1	10	2
0	114	0.0	0.118455375094	1	1	5	0
0	113	0.0	0.055342651347	1	1	3	5
0	16	0.0	0.055342812663	1	1	3	6
0	129	0.0	0.055342972277	1	1	1	5
0	78	0.0	0.055342855448	1	1	8	7
0	15	0.0	0.105078474449	1	1	3	2
0	193	0.0	0.106070177685	1	1	8	2
0	35	0.0	0.10902969466	1	1	13	1
0	56	0.0	0.118440089785	1	1	11	0
0	94	0.0	0.055342826343	1	1	2	3
0	18	0.0	0.106070156491	1	1	8	1
0	98	0.0	0.105078408958	1	1	3	0
0	80	0.0	0.055342945525	1	1	1	3
0	160	0.0	0.105045451087	1	1	2	4
0	147	0.0	0.105045174653	1	1	2	3
0	26	0.0	0.10504549793	1	1	12	1
0	167	0.0	0.106070079546	1	1	8	0
0	96	0.0	0.106115734953	1	1	1	5
0	4	0.0	0.055342895891	1	1	1	11
0	50	0.0	0.055342623782	1	1	7	7
0	130	0.0	0.112215045195	1	1	10	2
0	118	0.0	0.055342638558	1	1	1	6
0	137	0.0	0.055342890072	1	1	3	6
0	87	0.0	0.055342620073	1	1	1	5
0	192	0.0	0.105045335308	1	1	2	3
0	182	0.0	0.108118467976	1	1	2	3
0	21	0.0	0.127804144294	1	1	6	0
0	57	0.0	0.055342352229	1	1	1	8
0	91	0.0	0.055343049261	1	1	6	8
0	1	0.0	0.055342642851	1	1	0	9
0	133	0.0	0.105045325006	1	1	3	1
0	149	0.0	0.106069599279	1	1	10	2
0	109	0.0	0.105045332577	1	1	3	2
0	100	0.0	0.055342679661	1	1	5	7
0	82	0.0	0.106070003053	1	1	6	3
0	93	0.0	0.106069558297	1	1	5	3
0	44	0.0	0.10710791564	1	1	8	3
0	13	0.0	0.055342681607	1	1	3	5
0	139	0.0	0.114215456095	1	1	9	2
0	41	0.0	0.107107840494	1	1	10	1
0	29	0.0	0.105045305865	1	1	1	3
0	102	0.0	0.055343124506	1	1	14	9
0	99	0.0	0.105122109564	1	1	8	0
0	95	0.0	0.105045044693	1	1	4	6
0	125	0.0	0.055342967902	1	1	8	6
0	157	0.0	0.106069904164	1	1	2	4
0	67	0.0	0.115330866701	1	1	1	0
0	143	0.0	0.120374464408	1	1	9	2
0	40	0.0	0.114215031021	1	1	12	0
0	28	0.0	0.10606991931	1	1	2	3
0	197	0.0	0.105045365032	1	1	5	4
0	117	0.0	0.10811887106	1	1	8	1
0	145	0.0	0.055342954564	1	1	8	6
0	23	0.0	0.105045207605	1	1	2	1
0	127	0.0	0.10606996135	1	1	2	4
0	70	0.0	0.112215337718	1	1	9	0
0	120	0.0	0.107107491547	1	1	9	4
0	162	0.0	0.055343065783	1	1	8	1
0	131	0.0	0.118455669862	1	1	4	0
0	123	0.0	0.055342994218	1	1	1	0
0	66	0.0	0.105044812655	1	1	2	5
0	8	0.0	0.107107957867	1	1	8	4
0	31	0.0	0.105078419926	1	1	3	8
0	199	0.0	0.105045332005	1	1	6	0
0	180	0.0	0.106069654497	1	1	3	2
0	53	0.0	0.118439776161	1	1	3	0
0	24	0.0	0.055342978235	1	1	9	6
0	161	0.0	0.112215671706	1	1	6	1
0	159	0.0	0.110167696439	1	1	11	1
0	111	0.0	0.105078394384	1	1	2	6
0	54	0.0	0.107107453065	1	1	9	5
0	166	0.0	0.107107484649	1	1	9	5
0	185	0.0	0.055342942693	1	1	9	5
0	43	0.0	0.116289982938	1	1	11	2
0	27	0.0	0.055343017799	1	1	6	8
0	142	0.0	0.106069857185	1	1	6	2
0	88	0.0	0.106115736167	1	1	2	6
0	126	0.0	0.114215154767	1	1	11	1
0	64	0.0	0.055342953203	1	1	10	6
0	71	0.0	0.055342997916	1	1	9	7
0	146	0.0	0.118455440507	1	1	5	0
0	179	0.0	0.105045014862	1	1	2	4
0	90	0.0	0.106069694914	1	1	3	5
0	60	0.0	0.055343019613	1	1	10	7
0	138	0.0	0.114215135413	1	1	12	2
0	201	NA 	 NA 	0	0	0	0
0	61	0.0	0.106115907491	1	1	2	1
0	68	0.0	0.055342933876	1	1	9	1
0	171	0.0	0.127804384954	1	1	6	0
0	116	0.0	0.116290046394	1	1	12	2
0	0	0.0	0.120543548019	1	1	8	1
0	62	0.0	0.055342701477	1	1	8	8
0	42	0.0	0.12780429831	1	1	7	1
0	59	0.0	0.116290150199	1	1	9	0
0	39	0.0	0.106115834995	1	1	1	4
0	77	0.0	0.055342951369	1	1	3	4
0	105	0.0	0.106069928124	1	1	2	4
0	174	0.0	0.055343026076	1	1	6	5
0	184	0.0	0.113239816757	1	1	10	2
0	73	0.0	0.127804105968	1	1	6	0
0	122	0.0	0.055342784087	1	1	3	5
0	173	0.0	0.11628998108	1	1	10	2
0	22	0.0	0.120543378941	1	1	10	1
0	194	0.0	0.116290157123	1	1	10	0
0	33	0.0	0.106069722716	1	1	9	4
0	3	0.0	0.105045018856	1	1	3	2
0	5	0.0	0.106069578888	1	1	8	0
0	6	0.0	0.105045315243	1	1	3	5
0	10	0.0	0.055342951828	1	1	2	0
0	12	0.0	0.105078376411	1	1	2	3
0	14	0.0	0.127804248921	1	1	6	0
0	17	0.0	0.10504551217	1	1	12	7
0	19	0.0	0.120543286255	1	1	12	0
0	158	0.0	0.055342753094	1	1	3	9
0	169	0.0	0.105078454775	1	1	3	2
0	37	0.0	0.12780428084	1	1	6	0
0	55	0.0	0.112215154499	1	1	9	0
0	65	0.0	0.05534289825	1	1	6	7
0	183	0.0	0.118455520673	1	1	6	1
0	72	0.0	0.055342619194	1	1	2	8
0	74	0.0	0.105078464532	1	1	3	8
0	75	0.0	0.055342697855	1	1	3	7
0	76	0.0	0.055342722356	1	1	3	9
0	79	0.0	0.107107557487	1	1	7	4
0	83	0.0	0.055343005515	1	1	5	4
0	85	0.0	0.109143559034	1	1	10	1
0	103	0.0	0.105307511625	1	1	9	0
0	104	0.0	0.05534283349	1	1	9	7
0	112	0.0	0.10611574648	1	1	3	8
0	115	0.0	0.055342744435	1	1	1	4
0	128	0.0	0.055343141495	1	1	8	1
0	136	0.0	0.107107832081	1	1	12	1
0	191	0.0	0.106069845305	1	1	9	3
0	140	0.0	0.116290282756	1	1	9	2
0	144	0.0	0.114215146426	1	1	11	0
0	148	0.0	0.113240411313	1	1	8	0
0	195	0.0	0.0553427567	1	1	3	6
0	151	0.0	0.05534277679	1	1	6	3
0	152	0.0	0.108118607141	1	1	4	0
0	153	0.0	0.055342682073	1	1	0	9
0	155	0.0	0.055342966536	1	1	1	7
1	82	NA 	 NA 	0	0	0	0
1	72	NA 	 NA 	0	0	0	0
1	18	NA 	 NA 	0	0	0	0
1	45	NA 	 NA 	0	0	0	0
1	69	NA 	 NA 	0	0	0	0
1	63	NA 	 NA 	0	0	0	0
1	62	NA 	 NA 	0	0	0	0
1	104	NA 	 NA 	0	0	0	0
1	37	NA 	 NA 	0	0	0	0
1	171	NA 	 NA 	0	0	0	0
1	193	0.0	0.118332652662	1	1	6	1
1	68	0.0	0.055199062992	1	1	3	2
1	87	0.0	0.107638843683	1	1	3	1
1	2	0.0	0.116284353441	1	1	4	0
1	145	0.0	0.105069939866	1	1	4	1
1	117	0.0	0.055199230982	1	1	4	11
1	88	0.0	0.118346442134	1	1	5	0
1	134	0.0	0.115261042851	1	1	4	0
1	122	0.0	0.106078258674	1	1	3	0
1	177	0.0	0.10505336646	1	1	8	7
1	125	0.0	0.106315506036	1	1	11	2
1	121	0.0	0.105071824266	1	1	8	3
1	16	0.0	0.105071897732	1	1	7	1
1	78	0.0	0.105053204403	1	1	6	16
1	56	0.0	0.105053186439	1	1	4	2
1	4	0.0	0.116284341005	1	1	4	0
1	85	0.0	0.105053011802	1	1	7	2
1	202	0.0	0.105072112875	1	1	5	3
1	92	0.0	0.106094167254	1	1	6	1
1	50	0.0	0.110175700451	1	1	6	0
1	39	0.0	0.055199025958	1	1	6	2
1	5	0.0	0.11568771126	1	1	6	0
1	144	0.0	0.055198640099	1	1	2	6
1	98	0.0	0.105072013599	1	1	0	1
1	3	0.0	0.055199229485	1	1	5	3
1	97	0.0	0.118168593672	1	1	4	0
1	199	0.0	0.10911548749	1	1	6	0
1	110	0.0	0.105071728206	1	1	1	6
1	12	0.0	0.105069896998	1	1	7	2
1	102	0.0	0.105053185677	1	1	4	10
1	167	0.0	0.105053405824	1	1	2	4
1	174	0.0	0.118167965555	1	1	5	0
1	107	0.0	0.105053000174	1	1	3	10
1	58	0.0	0.055199145609	1	1	5	3
1	79	0.0	0.105071834899	1	1	6	3
1	11	0.0	0.119371245679	1	1	4	0
1	128	0.0	0.105053268617	1	1	3	12
1	48	0.0	0.055199167679	1	1	7	3
1	185	0.0	0.055199137535	1	1	5	2
1	46	0.0	0.055198833888	1	1	3	9
1	111	0.0	0.105072182971	1	1	4	3
1	19	0.0	0.105071859951	1	1	7	3
1	1	0.0	0.055199015522	1	1	2	0
1	201	0.0	0.055198771893	1	1	1	8
1	133	0.0	0.105053384259	1	1	6	3
1	9	0.0	0.105072190981	1	1	4	0
1	186	0.0	0.105053225361	1	1	3	6
1	169	0.0	0.109115606441	1	1	4	0
1	40	0.0	0.105071799875	1	1	6	0
1	89	0.0	0.105069846601	1	1	6	3
1	42	0.0	0.055199202464	1	1	6	3
1	57	0.0	0.118332609901	1	1	5	0
1	190	NA 	 NA 	0	0	0	0
1	75	0.0	0.055199119308	1	1	2	5
1	91	0.0	0.055198928622	1	1	7	7
1	204	0.0	0.055199173336	1	1	1	1
1	200	0.0	0.105052903794	1	1	7	4
1	53	0.0	0.105053062331	1	1	6	5
1	149	0.0	0.118346643876	1	1	5	0
1	74	0.0	0.105053330074	1	1	8	2
1	156	0.0	0.115687492504	1	1	6	0
1	15	0.0	0.11628434272	1	1	4	0
1	35	0.0	0.05519921337	1	1	6	3
1	127	0.0	0.055199139486	1	1	7	4
1	61	0.0	0.105052739797	1	1	2	6
1	21	0.0	0.10506970199	1	1	6	3
1	165	0.0	0.109115527936	1	1	7	2
1	203	0.0	0.105072161963	1	1	8	7
1	183	0.0	0.055198854495	1	1	1	5
1	132	0.0	0.055199060547	1	1	5	10
1	60	0.0	0.105071720704	1	1	0	6
1	17	0.0	0.055199069013	1	1	1	0
1	51	0.0	0.105052799619	1	1	2	10
1	52	0.0	0.107066025484	1	1	7	2
1	77	0.0	0.105053163539	1	1	6	9
1	168	0.0	0.107065765659	1	1	5	0
1	81	0.0	0.107102430207	1	1	6	0
1	159	0.0	0.055199039963	1	1	5	1
1	6	0.0	0.10506978579	1	1	6	1
1	44	0.0	0.118917925352	1	1	3	0
1	71	0.0	0.114377139419	1	1	5	0
1	178	0.0	0.105052744416	1	1	2	10
1	152	0.0	0.055198875769	1	1	3	6
1	194	0.0	0.105053233771	1	1	4	4
1	33	0.0	0.105053219961	1	1	3	4
1	106	0.0	0.055199237119	1	1	3	11
1	175	0.0	0.055199060941	1	1	4	2
1	20	0.0	0.1050528829	1	1	2	11
1	179	0.0	0.055198697923	1	1	3	3
1	196	0.0	0.105052811874	1	1	2	2
1	43	0.0	0.118167974214	1	1	5	0
1	83	0.0	0.105053374746	1	1	2	4
1	113	0.0	0.107066178312	1	1	7	5
1	187	0.0	0.105053285084	1	1	6	0
1	189	0.0	0.105053371781	1	1	8	6
1	22	0.0	0.118346678579	1	1	6	1
1	155	0.0	0.10507183193	1	1	7	7
1	147	0.0	0.10507192923	1	1	4	1
1	142	0.0	0.055199063332	1	1	1	0
1	198	0.0	0.105052752156	1	1	2	14
1	115	0.0	0.118168365177	1	1	5	0
1	140	0.0	0.055198765887	1	1	3	2
1	76	0.0	0.105053097491	1	1	6	9
1	114	0.0	0.055199028934	1	1	5	3
1	163	0.0	0.10631548541	1	1	10	0
1	192	0.0	0.119371562843	1	1	4	0
1	0	0.0	0.118346610554	1	1	7	1
1	100	0.0	0.105052762688	1	1	3	4
1	38	0.0	0.055199223001	1	1	5	6
1	54	0.0	0.105053423978	1	1	0	11
1	184	0.0	0.055199085585	1	1	5	7
1	23	0.0	0.055198632099	1	1	0	1
1	160	0.0	0.105069774057	1	1	7	5
1	136	0.0	0.118346545332	1	1	7	1
1	96	0.0	0.118168377288	1	1	3	0
1	150	0.0	0.10506982679	1	1	6	8
1	130	0.0	0.055199132132	1	1	7	5
1	101	0.0	0.109115602403	1	1	7	1
1	109	0.0	0.107066172203	1	1	8	1
1	41	0.0	0.055199039944	1	1	5	3
1	8	0.0	0.118332685046	1	1	6	0
1	164	0.0	0.055198752897	1	1	3	5
1	99	0.0	0.055198749402	1	1	3	8
1	94	0.0	0.055198732764	1	1	1	5
1	70	0.0	0.055199125565	1	1	6	8
1	162	0.0	0.05519889621	1	1	3	0
1	34	0.0	0.055199130967	1	1	6	3
1	138	0.0	0.055199206709	1	1	4	3
1	119	0.0	0.109694839223	1	1	4	1
1	135	0.0	0.118332590677	1	1	5	0
1	205	0.0	0.11833267362	1	1	4	1
1	137	0.0	0.055199045208	1	1	3	9
1	188	0.0	0.105053409098	1	1	6	4
1	143	0.0	0.05519875821	1	1	1	8
1	59	0.0	0.055199046761	1	1	5	5
1	93	0.0	0.105052945007	1	1	3	2
1	7	0.0	0.105053010196	1	1	4	12
1	10	0.0	0.105052808531	1	1	5	9
1	153	0.0	0.105052751625	1	1	2	4
1	13	0.0	0.105053312097	1	1	5	3
1	14	0.0	0.055198809264	1	1	3	4
1	154	0.0	0.105053404878	1	1	6	3
1	24	0.0	0.105053199718	1	1	5	9
1	25	0.0	0.055198833889	1	1	1	8
1	26	0.0	0.055199095879	1	1	3	0
1	157	0.0	0.055199155829	1	1	7	3
1	27	0.0	0.114236106263	1	1	6	0
1	28	0.0	0.105053224546	1	1	2	6
1	29	0.0	0.055199117291	1	1	4	12
1	30	0.0	0.118168063139	1	1	6	0
1	158	0.0	0.1050717965	1	1	5	2
1	31	0.0	0.105053358349	1	1	4	0
1	32	0.0	0.055198406381	1	1	1	8
1	36	0.0	0.106077623254	1	1	3	7
1	161	0.0	0.107066095676	1	1	6	0
1	47	0.0	0.105069519909	1	1	1	1
1	49	0.0	0.055199105225	1	1	4	10
1	166	0.0	0.055198815744	1	1	4	5
1	195	0.0	0.10505312877	1	1	4	2
1	55	0.0	0.055199039706	1	1	1	3
1	170	0.0	0.118332615398	1	1	5	0
1	197	0.0	0.055198794711	1	1	5	9
1	172	0.0	0.055198929016	1	1	2	2
1	173	0.0	0.105053239787	1	1	5	6
1	64	0.0	0.055199067695	1	1	7	4
1	65	0.0	0.105053385811	1	1	4	4
1	66	0.0	0.105072163946	1	1	7	2
1	67	0.0	0.105069406694	1	1	0	0
1	176	0.0	0.106094172061	1	1	6	1
1	180	0.0	0.055198881855	1	1	1	5
1	181	0.0	0.106094169339	1	1	6	3
1	182	0.0	0.1060776714	1	1	5	7
1	73	0.0	0.106094166152	1	1	6	4
1	80	0.0	0.105071825834	1	1	5	5
1	84	0.0	0.108090162884	1	1	6	0
1	86	0.0	0.055199192767	1	1	2	2
1	90	0.0	0.105053201994	1	1	4	1
1	95	0.0	0.119371568172	1	1	4	0
1	103	0.0	0.109115600497	1	1	8	1
1	105	0.0	0.105052862157	1	1	6	7
1	108	0.0	0.105053287398	1	1	7	2
1	112	0.0	0.055199201096	1	1	1	0
1	116	0.0	0.05519877978	1	1	4	9
1	118	0.0	0.118332629214	1	1	5	0
1	120	0.0	0.055199048617	1	1	6	7
1	123	0.0	0.107065642016	1	1	2	3
1	124	0.0	0.107102523262	1	1	4	1
1	126	0.0	0.055199068282	1	1	2	2
1	129	0.0	0.05519881744	1	1	1	8
1	131	0.0	0.10631539587	1	1	5	2
1	151	0.0	0.118346587761	1	1	6	1
1	139	0.0	0.105069727425	1	1	3	2
1	141	0.0	0.055198864086	1	1	1	10
1	191	0.0	0.105052930924	1	1	5	2
1	146	0.0	0.105072175909	1	1	5	3
1	148	0.0	0.10505288474	1	1	1	6
2	113	NA 	 NA 	0	0	0	0
2	134	NA 	 NA 	0	0	0	0
2	69	NA 	 NA 	0	0	0	0
2	98	NA 	 NA 	0	0	0	0
2	80	NA 	 NA 	0	0	0	0
2	53	NA 	 NA 	0	0	0	0
2	43	NA 	 NA 	0	0	0	0
2	87	NA 	 NA 	0	0	0	0
2	33	0.0	0.105097916254	1	1	3	2
2	157	0.0	0.055337014216	1	1	3	9
2	82	0.0	0.105068684142	1	1	1	1
2	23	0.0	0.10509902527	1	1	3	3
2	68	0.0	0.105098562927	1	1	6	1
2	149	NA 	 NA 	0	0	0	0
2	123	0.0	0.055337105971	1	1	6	2
2	78	0.0	0.120094798894	1	1	5	1
2	37	0.0	0.112605442163	1	1	9	2
2	44	0.0	0.110702231975	1	1	6	2
2	13	0.0	0.110174666289	1	1	4	3
2	1	0.0	0.119405884862	1	1	3	1
2	22	0.0	0.127394786276	1	1	2	0
2	140	0.0	0.055336677481	1	1	0	6
2	116	0.0	0.113247978063	1	1	5	0
2	72	0.0	0.107469374313	1	1	4	0
2	42	0.0	0.055336659152	1	1	3	11
2	166	0.0	0.055337109187	1	1	1	8
2	165	0.0	0.105068720362	1	1	1	2
2	25	0.0	0.106106878811	1	1	0	2
2	121	0.0	0.105053088161	1	1	6	1
2	179	0.0	0.105097518602	1	1	3	3
2	19	0.0	0.055337121554	1	1	5	6
2	159	0.0	0.055336661882	1	1	0	9
2	187	0.0	0.055336792384	1	1	7	7
2	133	0.0	0.055337108616	1	1	1	5
2	76	0.0	0.11842092014	1	1	5	0
2	127	0.0	0.055337082271	1	1	3	5
2	77	0.0	0.055337125006	1	1	0	0
2	162	0.0	0.105068707153	1	1	0	1
2	36	0.0	0.107460383366	1	1	10	0
2	38	0.0	0.105097741675	1	1	5	6
2	31	0.0	0.11940584782	1	1	3	1
2	151	0.0	0.105068894582	1	1	2	1
2	45	0.0	0.114928688898	1	1	4	1
2	108	0.0	0.055336723644	1	1	2	9
2	146	0.0	0.055337182529	1	1	5	4
2	51	0.0	0.055336648808	1	1	3	1
2	144	0.0	0.05533670181	1	1	4	11
2	129	0.0	0.105099105066	1	1	9	2
2	85	0.0	0.05533708064	1	1	2	8
2	139	0.0	0.105097851848	1	1	5	2
2	102	0.0	0.113248072585	1	1	5	0
2	30	0.0	0.119405582823	1	1	2	1
2	101	0.0	0.105097468912	1	1	5	6
2	49	0.0	0.105068750572	1	1	2	1
2	6	0.0	0.055336976911	1	1	2	9
2	114	0.0	0.10509774412	1	1	3	5
2	142	0.0	0.106077673334	1	1	0	2
2	130	0.0	0.055337118322	1	1	3	6
2	111	0.0	0.055336394712	1	1	0	6
2	74	0.0	0.055337022335	1	1	1	6
2	104	0.0	0.055337054115	1	1	5	13
2	154	0.0	0.055336709242	1	1	0	9
2	192	0.0	0.05533684545	1	1	0	5
2	0	0.0	0.112223699362	1	1	1	0
2	10	0.0	0.106435183649	1	1	10	5
2	7	0.0	0.105097438664	1	1	3	1
2	119	0.0	0.055337127358	1	1	5	0
2	158	0.0	0.105098666006	1	1	1	2
2	8	0.0	0.106408554924	1	1	5	2
2	57	0.0	0.114928610804	1	1	4	0
2	29	0.0	0.106106607924	1	1	0	4
2	178	0.0	0.055336768811	1	1	8	2
2	190	0.0	0.055337087777	1	1	4	5
2	184	0.0	0.110702239851	1	1	6	0
2	11	0.0	0.105097707581	1	1	5	1
2	126	0.0	0.120094636429	1	1	4	0
2	3	0.0	0.106435553512	1	1	7	1
2	170	0.0	0.055337015303	1	1	5	4
2	191	0.0	0.055337043914	1	1	0	0
2	153	0.0	0.055336508478	1	1	3	9
2	81	0.0	0.105097794364	1	1	5	4
2	194	0.0	0.105099098637	1	1	8	4
2	91	0.0	0.11324795943	1	1	4	2
2	163	0.0	0.120094897439	1	1	5	1
2	106	0.0	0.05533665434	1	1	1	9
2	97	0.0	0.1149286977	1	1	4	3
2	84	0.0	0.119406227645	1	1	4	0
2	70	0.0	0.120094863151	1	1	5	1
2	86	0.0	0.055337140534	1	1	0	0
2	4	0.0	0.113248059579	1	1	2	0
2	156	0.0	0.055336788051	1	1	6	3
2	73	0.0	0.055337006983	1	1	6	6
2	131	0.0	0.055337076275	1	1	4	4
2	96	0.0	0.055337060073	1	1	2	1
2	32	0.0	0.055337009974	1	1	0	3
2	18	0.0	0.055337189055	1	1	0	4
2	41	0.0	0.105068878095	1	1	3	7
2	132	0.0	0.055336765089	1	1	8	2
2	161	0.0	0.10509890578	1	1	6	3
2	155	0.0	0.113248092157	1	1	3	0
2	171	0.0	0.10509746356	1	1	3	6
2	122	0.0	0.114272047887	1	1	5	2
2	202	0.0	0.105098985234	1	1	2	3
2	125	0.0	0.105098786537	1	1	3	8
2	50	0.0	0.105099083434	1	1	5	3
2	141	0.0	0.105097796411	1	1	6	2
2	174	0.0	0.105099162369	1	1	9	4
2	109	0.0	0.055336872719	1	1	4	9
2	67	0.0	0.105097771229	1	1	5	3
2	175	0.0	0.106106436944	1	1	0	4
2	46	NA 	 NA 	0	0	0	0
2	173	0.0	0.105053110038	1	1	6	3
2	188	0.0	0.055337039382	1	1	4	2
2	117	0.0	0.105098949054	1	1	3	4
2	17	0.0	0.055337114232	1	1	4	9
2	112	0.0	0.055336939615	1	1	3	6
2	89	0.0	0.105097864641	1	1	4	5
2	12	0.0	0.055336675711	1	1	4	4
2	152	0.0	0.120094551245	1	1	2	0
2	2	0.0	0.105053454767	1	1	7	3
2	195	0.0	0.055336986823	1	1	7	8
2	24	0.0	0.105097577463	1	1	3	5
2	48	0.0	0.055337091129	1	1	1	4
2	150	0.0	0.055337053018	1	1	6	2
2	136	0.0	0.055336798024	1	1	2	2
2	193	0.0	0.055336964636	1	1	2	0
2	128	0.0	0.105097810956	1	1	5	1
2	120	0.0	0.055336370332	1	1	0	6
2	181	0.0	0.055337065273	1	1	1	6
2	79	0.0	0.105097864239	1	1	5	3
2	90	0.0	0.106077611057	1	1	1	10
2	14	0.0	0.055336723291	1	1	7	7
2	21	0.0	0.11529605856	1	1	3	2
2	15	0.0	0.113247960054	1	1	4	3
2	27	0.0	0.055337051851	1	1	5	8
2	75	0.0	0.055337024344	1	1	3	13
2	88	0.0	0.055337147605	1	1	4	4
2	93	0.0	0.055337077381	1	1	3	4
2	168	0.0	0.105053212295	1	1	8	4
2	143	0.0	0.105068529271	1	1	0	7
2	59	0.0	0.105097604303	1	1	5	2
2	64	0.0	0.055337171503	1	1	4	5
2	176	0.0	0.105097869739	1	1	4	1
2	167	0.0	0.120094473396	1	1	4	1
2	115	0.0	0.055336993226	1	1	6	6
2	92	0.0	0.105097576279	1	1	4	2
2	16	0.0	0.105098927369	1	1	0	3
2	60	0.0	0.119405870682	1	1	2	1
2	39	0.0	0.120094751548	1	1	8	0
2	5	0.0	0.120094617376	1	1	4	1
2	198	0.0	0.105069166143	1	1	4	4
2	160	0.0	0.11324792454	1	1	3	2
2	9	0.0	0.105053457425	1	1	1	1
2	20	0.0	0.105097910154	1	1	5	6
2	26	0.0	0.055336940748	1	1	5	0
2	28	0.0	0.106077981658	1	1	3	6
2	164	0.0	0.105097504259	1	1	4	5
2	34	0.0	0.113247948146	1	1	4	1
2	35	0.0	0.105097857239	1	1	5	2
2	40	0.0	0.055337101027	1	1	1	2
2	47	0.0	0.055336769341	1	1	3	4
2	169	0.0	0.105097907018	1	1	3	3
2	52	0.0	0.113644767805	1	1	1	1
2	54	0.0	0.055336858647	1	1	0	2
2	172	0.0	0.106077796634	1	1	1	2
2	55	0.0	0.105099028916	1	1	2	4
2	56	0.0	0.113644776338	1	1	1	1
2	58	0.0	0.106078274193	1	1	4	0
2	61	0.0	0.055337113958	1	1	1	4
2	62	0.0	0.110702208511	1	1	6	1
2	63	0.0	0.105098851469	1	1	0	8
2	65	0.0	0.105097925593	1	1	4	3
2	66	0.0	0.113247978636	1	1	4	1
2	71	0.0	0.055336808324	1	1	0	6
2	177	0.0	0.105097784755	1	1	6	3
2	196	0.0	0.055337059642	1	1	0	2
2	180	0.0	0.105097603112	1	1	4	10
2	199	0.0	0.055336988327	1	1	7	5
2	182	0.0	0.120094694215	1	1	3	2
2	83	0.0	0.055336675361	1	1	5	7
2	183	0.0	0.105069044289	1	1	4	2
2	94	0.0	0.055337085783	1	1	1	6
2	95	0.0	0.055336996596	1	1	3	9
2	99	0.0	0.106435532919	1	1	3	1
2	100	0.0	0.105053588687	1	1	2	4
2	103	0.0	0.105097869996	1	1	5	2
2	105	0.0	0.120094969136	1	1	5	0
2	107	0.0	0.120094375723	1	1	4	0
2	110	0.0	0.119405554928	1	1	2	0
2	185	0.0	0.105053441154	1	1	7	1
2	200	0.0	0.105053237648	1	1	4	2
2	118	0.0	0.105053282379	1	1	3	2
2	186	0.0	0.120094946732	1	1	5	1
2	124	0.0	0.120094883001	1	1	5	0
2	201	0.0	0.10509781394	1	1	6	3
2	135	0.0	0.120094982373	1	1	3	1
2	197	0.0	0.105069095462	1	1	3	4
2	137	0.0	0.10607761027	1	1	1	1
2	138	0.0	0.055337003043	1	1	0	3
2	189	0.0	0.055337165544	1	1	4	10
2	145	0.0	0.115296078004	1	1	2	0
2	147	0.0	0.10509762712	1	1	4	9
2	148	0.0	0.120094846942	1	1	8	1
3	112	NA 	 NA 	0	0	0	0
3	102	NA 	 NA 	0	0	0	0
3	185	NA 	 NA 	0	0	0	0
3	100	NA 	 NA 	0	0	0	0
3	88	0.0	0.055103256194	1	1	5	4
3	108	0.0	0.106121496777	1	1	8	0
3	96	0.0	0.109079301075	1	1	7	3
3	80	0.0	0.123721903436	1	1	3	0
3	121	0.0	0.108177122274	1	1	4	0
3	13	0.0	0.055103159298	1	1	6	1
3	32	0.0	0.123721981848	1	1	3	0
3	81	0.0	0.105179849867	1	1	5	0
3	28	0.0	0.11010362725	1	1	5	3
3	184	0.0	0.055103306251	1	1	8	4
3	2	0.0	0.110103700208	1	1	8	6
3	155	0.0	0.055103159735	1	1	8	8
3	118	0.0	0.106051202309	1	1	4	1
3	6	0.0	0.055103282779	1	1	6	7
3	46	0.0	0.105179928202	1	1	4	0
3	89	0.0	0.113189292651	1	1	6	0
3	128	0.0	0.106051357543	1	1	6	0
3	135	0.0	0.107300772242	1	1	8	2
3	30	0.0	0.055103190191	1	1	5	2
3	167	0.0	0.106121488252	1	1	8	3
3	82	0.0	0.105179907239	1	1	5	0
3	183	0.0	0.110103607695	1	1	5	5
3	78	0.0	0.116262277669	1	1	2	3
3	21	0.0	0.123721979742	1	1	6	0
3	40	0.0	0.109079206478	1	1	4	1
3	109	0.0	0.106121549129	1	1	4	3
3	176	0.0	0.106121217368	1	1	6	0
3	79	0.0	0.126696179741	1	1	5	0
3	101	0.0	0.12035958275	1	1	5	0
3	99	0.0	0.111172636143	1	1	3	0
3	124	0.0	0.105096829531	1	1	3	0
3	3	0.0	0.055103224979	1	1	3	4
3	154	0.0	0.115239891347	1	1	4	1
3	7	0.0	0.105096903199	1	1	5	1
3	161	0.0	0.055103202615	1	1	5	0
3	49	0.0	0.116264211293	1	1	4	3
3	122	0.0	0.111172716082	1	1	4	1
3	24	0.0	0.055102840645	1	1	2	6
3	137	0.0	0.105096984101	1	1	6	5
3	72	0.0	0.055103338269	1	1	4	3
3	0	0.0	0.107300994848	1	1	4	1
3	1	0.0	0.055103139361	1	1	3	6
3	54	0.0	0.105096478955	1	1	3	1
3	29	0.0	0.125479782641	1	1	0	0
3	162	0.0	0.109079124859	1	1	5	3
3	92	0.0	0.11626311288	1	1	3	0
3	138	0.0	0.105096803277	1	1	5	1
3	60	0.0	0.124889674134	1	1	0	0
3	37	0.0	0.106121200514	1	1	6	0
3	198	0.0	0.116264295531	1	1	2	3
3	117	0.0	0.055103082262	1	1	7	8
3	173	0.0	0.105096815457	1	1	4	1
3	43	0.0	0.055102519741	1	1	2	3
3	191	0.0	0.10907911584	1	1	4	3
3	196	0.0	0.055103220756	1	1	5	3
3	145	0.0	0.055102822674	1	1	1	6
3	115	0.0	0.055102669287	1	1	2	3
3	169	0.0	0.106050878091	1	1	8	2
3	57	0.0	0.055103163742	1	1	4	6
3	105	0.0	0.055103281701	1	1	6	6
3	16	0.0	0.116264543328	1	1	2	3
3	73	0.0	0.055103223404	1	1	2	4
3	69	0.0	0.123722063935	1	1	1	0
3	18	0.0	0.110103519998	1	1	3	2
3	26	0.0	0.105096889578	1	1	4	2
3	42	0.0	0.123722101575	1	1	0	0
3	4	0.0	0.106051177695	1	1	12	1
3	136	0.0	0.055102812098	1	1	1	11
3	144	0.0	0.106050981085	1	1	5	2
3	66	0.0	0.106050872999	1	1	5	2
3	132	0.0	0.055103028983	1	1	6	11
3	5	0.0	0.055102985358	1	1	2	4
3	189	0.0	0.055102505088	1	1	1	3
3	141	0.0	0.109079506619	1	1	7	1
3	45	0.0	0.05510320134	1	1	5	3
3	56	0.0	0.116262062922	1	1	8	6
3	179	0.0	0.106121220186	1	1	5	1
3	157	0.0	0.055103016018	1	1	2	7
3	113	0.0	0.106050860207	1	1	4	3
3	93	0.0	0.055102738108	1	1	4	11
3	44	0.0	0.055102873847	1	1	2	8
3	11	0.0	0.109079109037	1	1	6	2
3	156	0.0	0.055103245129	1	1	4	6
3	36	0.0	0.055103145811	1	1	3	0
3	38	0.0	0.105026631546	1	1	3	0
3	160	0.0	0.116264243192	1	1	3	0
3	67	0.0	0.055102841953	1	1	2	3
3	148	0.0	0.123721777185	1	1	5	0
3	199	0.0	0.116264202427	1	1	2	1
3	14	0.0	0.124889956987	1	1	1	0
3	152	0.0	0.105096958706	1	1	6	1
3	172	0.0	0.055102903076	1	1	7	6
3	197	0.0	0.111199176006	1	1	2	1
3	178	0.0	0.118313396057	1	1	1	2
3	149	0.0	0.109079199335	1	1	4	4
3	134	0.0	0.055102805351	1	1	3	6
3	127	0.0	0.055102964453	1	1	1	3
3	120	0.0	0.055102802124	1	1	1	11
3	75	0.0	0.106121602552	1	1	5	1
3	103	0.0	0.055102796564	1	1	4	10
3	74	0.0	0.10914961479	1	1	4	6
3	20	0.0	0.105026518363	1	1	9	2
3	22	0.0	0.108112246057	1	1	5	0
3	90	0.0	0.111172692869	1	1	4	1
3	84	0.0	0.105026507265	1	1	5	2
3	119	0.0	0.11626217056	1	1	6	2
3	77	0.0	0.123722021751	1	1	6	0
3	106	0.0	0.055102940173	1	1	3	5
3	48	0.0	0.05510317948	1	1	1	8
3	76	0.0	0.106051214467	1	1	5	0
3	51	0.0	0.055103185174	1	1	3	2
3	139	0.0	0.106121338859	1	1	7	4
3	195	0.0	0.116264366067	1	1	3	4
3	126	0.0	0.111172818471	1	1	3	0
3	107	0.0	0.116264042242	1	1	4	4
3	15	0.0	0.105026510831	1	1	8	5
3	34	0.0	0.055103309176	1	1	5	5
3	8	0.0	0.105096658375	1	1	2	1
3	180	0.0	0.126696259848	1	1	5	0
3	63	0.0	0.055103202758	1	1	6	5
3	165	0.0	0.105096664065	1	1	2	2
3	174	0.0	0.11010364252	1	1	8	1
3	59	0.0	0.10907927114	1	1	4	4
3	71	0.0	0.055103069162	1	1	4	2
3	164	0.0	0.05510313125	1	1	4	2
3	53	0.0	0.109079167771	1	1	6	2
3	9	0.0	0.109079360996	1	1	8	2
3	70	0.0	0.106051013172	1	1	5	2
3	140	0.0	0.11010366184	1	1	7	5
3	86	0.0	0.055103147286	1	1	4	5
3	142	0.0	0.055103154954	1	1	3	5
3	150	0.0	0.055103216044	1	1	9	4
3	47	0.0	0.055103031963	1	1	5	3
3	50	0.0	0.055102984593	1	1	6	6
3	94	0.0	0.05510282172	1	1	4	0
3	19	0.0	0.109079073322	1	1	7	1
3	104	0.0	0.055102821593	1	1	7	10
3	147	0.0	0.055103028777	1	1	6	10
3	114	0.0	0.105187303624	1	1	4	0
3	151	0.0	0.116264141195	1	1	3	5
3	23	0.0	0.055102955647	1	1	3	8
3	25	0.0	0.055102623027	1	1	3	10
3	186	0.0	0.105026522124	1	1	5	2
3	17	0.0	0.055102804826	1	1	3	9
3	35	0.0	0.116262288723	1	1	2	8
3	58	0.0	0.115238221493	1	1	5	0
3	129	0.0	0.107300949062	1	1	6	4
3	159	0.0	0.108100179022	1	1	6	3
3	170	0.0	0.055102811819	1	1	3	10
3	175	0.0	0.114214005432	1	1	3	3
3	55	0.0	0.105096839602	1	1	4	0
3	27	0.0	0.055102903962	1	1	2	0
3	188	0.0	0.109079178719	1	1	5	2
3	31	0.0	0.105096936126	1	1	5	0
3	61	0.0	0.123722071858	1	1	6	0
3	52	0.0	0.10605109465	1	1	6	0
3	166	0.0	0.055102966571	1	1	3	11
3	116	0.0	0.055102989261	1	1	1	11
3	158	0.0	0.107300952821	1	1	7	2
3	41	0.0	0.116263023775	1	1	3	0
3	153	0.0	0.116264386497	1	1	2	5
3	10	0.0	0.11626449735	1	1	2	3
3	12	0.0	0.107300948234	1	1	6	0
3	192	0.0	0.055103031384	1	1	1	2
3	193	0.0	0.111172534633	1	1	5	3
3	163	0.0	0.116264389448	1	1	2	1
3	33	0.0	0.109079083333	1	1	6	2
3	194	0.0	0.109079246769	1	1	5	1
3	39	0.0	0.055103166954	1	1	2	2
3	168	0.0	0.108723584973	1	1	5	3
3	171	0.0	0.111199200358	1	1	2	1
3	62	0.0	0.116264386035	1	1	1	0
3	64	0.0	0.111172609618	1	1	4	1
3	65	0.0	0.105187170211	1	1	2	3
3	68	0.0	0.110103667533	1	1	5	6
3	177	0.0	0.109078941896	1	1	5	2
3	83	0.0	0.110103651436	1	1	5	3
3	85	0.0	0.055102544683	1	1	1	12
3	87	0.0	0.109078983913	1	1	4	2
3	91	0.0	0.108112021708	1	1	7	6
3	95	0.0	0.114213878959	1	1	2	3
3	97	0.0	0.116264329285	1	1	2	1
3	98	0.0	0.055103064867	1	1	2	8
3	181	0.0	0.116264234926	1	1	3	4
3	110	0.0	0.116262294191	1	1	3	7
3	111	0.0	0.107300872	1	1	5	1
3	182	0.0	0.109079074551	1	1	6	0
3	123	0.0	0.116264247849	1	1	5	1
3	125	0.0	0.055103157832	1	1	7	3
3	130	0.0	0.055102964654	1	1	6	3
3	131	0.0	0.116262124822	1	1	7	4
3	133	0.0	0.11757248379	1	1	8	0
3	187	0.0	0.0551030545	1	1	4	3
3	143	0.0	0.123721968463	1	1	6	0
3	146	0.0	0.05510280717	1	1	4	10
3	190	0.0	0.055103008502	1	1	1	8
4	134	NA 	 NA 	0	0	0	0
4	83	NA 	 NA 	0	0	0	0
4	38	NA 	 NA 	0	0	0	0
4	148	NA 	 NA 	0	0	0	0
4	84	NA 	 NA 	0	0	0	0
4	14	NA 	 NA 	0	0	0	0
4	169	NA 	 NA 	0	0	0	0
4	36	NA 	 NA 	0	0	0	0
4	33	0.0	0.105093477786	1	1	2	0
4	190	0.0	0.055109703791	1	1	0	10
4	85	0.0	0.1050715383	1	1	4	2
4	73	0.0	0.105097409229	1	1	2	4
4	19	0.0	0.11736737312	1	1	3	0
4	111	0.0	0.114306595526	1	1	6	3
4	127	0.0	0.116317353027	1	1	4	4
4	88	0.0	0.106118030465	1	1	7	2
4	48	0.0	0.055109811892	1	1	2	9
4	11	0.0	0.10507175016	1	1	3	2
4	121	0.0	0.111507001946	1	1	5	2
4	100	0.0	0.105093316332	1	1	3	5
4	118	0.0	0.10507169162	1	1	4	4
4	59	0.0	0.055110096342	1	1	2	10
4	189	0.0	0.055110267574	1	1	2	3
4	87	0.0	0.105071440232	1	1	1	1
4	95	0.0	0.055109825996	1	1	1	10
4	29	0.0	0.055110333864	1	1	2	5
4	31	0.0	0.106117354792	1	1	3	3
4	110	0.0	0.105071424591	1	1	1	2
4	188	0.0	0.105097494781	1	1	4	5
4	171	0.0	0.105097176257	1	1	2	4
4	20	0.0	0.116316572822	1	1	3	1
4	159	0.0	0.055110386052	1	1	6	3
4	165	0.0	0.055109662477	1	1	1	5
4	57	0.0	0.105071587202	1	1	6	4
4	74	0.0	0.055110404029	1	1	6	2
4	80	0.0	0.1050976849	1	1	5	0
4	124	0.0	0.055110241446	1	1	3	0
4	91	0.0	0.105071695359	1	1	7	3
4	22	0.0	0.111282395008	1	1	5	2
4	96	0.0	0.115292717299	1	1	1	0
4	164	0.0	0.106118055025	1	1	7	3
4	179	0.0	0.105097221851	1	1	2	6
4	70	0.0	0.11836591477	1	1	3	0
4	18	0.0	0.055110033716	1	1	2	5
4	4	0.0	0.055109972914	1	1	3	7
4	193	0.0	0.108144796422	1	1	6	0
4	126	0.0	0.116316327315	1	1	1	0
4	61	0.0	0.109081238106	1	1	7	1
4	24	0.0	0.106118009223	1	1	5	1
4	65	0.0	0.10814463289	1	1	6	1
4	128	0.0	0.055110458936	1	1	5	10
4	15	0.0	0.11736732926	1	1	2	0
4	54	0.0	0.105093546389	1	1	3	3
4	192	0.0	0.116316464721	1	1	1	1
4	79	0.0	0.055110306352	1	1	5	10
4	132	0.0	0.105093686892	1	1	2	2
4	50	0.0	0.105093731849	1	1	8	5
4	77	0.0	0.111282259483	1	1	3	0
4	94	0.0	0.055110116908	1	1	5	7
4	27	0.0	0.055110000093	1	1	2	8
4	180	0.0	0.105071548657	1	1	4	2
4	46	0.0	0.10916887405	1	1	5	1
4	182	0.0	0.05511030917	1	1	5	9
4	156	0.0	0.055110302957	1	1	4	5
4	155	0.0	0.117341308607	1	1	5	0
4	6	0.0	0.055110145852	1	1	4	5
4	13	0.0	0.10610939779	1	1	5	5
4	78	0.0	0.123552461898	1	1	2	0
4	197	0.0	0.055110037926	1	1	3	6
4	45	0.0	0.055110330585	1	1	5	2
4	55	0.0	0.122501657617	1	1	2	0
4	17	0.0	0.105097530388	1	1	3	4
4	168	0.0	0.105097330982	1	1	5	7
4	105	0.0	0.055110427967	1	1	4	10
4	92	0.0	0.11734152171	1	1	6	3
4	82	0.0	0.109080709127	1	1	4	0
4	181	0.0	0.05511017125	1	1	2	12
4	42	0.0	0.106117987954	1	1	6	1
4	139	0.0	0.10814463725	1	1	6	0
4	56	NA 	 NA 	0	0	0	0
4	66	0.0	0.055110456028	1	1	2	6
4	12	0.0	0.055110108111	1	1	3	4
4	125	0.0	0.055110478914	1	1	3	0
4	174	0.0	0.107120241275	1	1	2	1
4	107	0.0	0.105093642186	1	1	6	4
4	99	0.0	0.055110048945	1	1	2	6
4	123	0.0	0.055109993138	1	1	1	5
4	68	0.0	0.114306885744	1	1	6	0
4	58	0.0	0.118365687124	1	1	1	0
4	35	0.0	0.105071723841	1	1	7	3
4	166	0.0	0.05511008146	1	1	2	8
4	172	0.0	0.055110407893	1	1	4	9
4	199	0.0	0.105093343407	1	1	3	6
4	198	0.0	0.117367162225	1	1	2	0
4	185	0.0	0.105093725423	1	1	6	3
4	183	0.0	0.055109981672	1	1	2	8
4	2	0.0	0.055110230972	1	1	3	5
4	160	0.0	0.105071365008	1	1	5	2
4	108	0.0	0.105071263723	1	1	1	4
4	86	0.0	0.105071637376	1	1	5	8
4	98	0.0	0.055110320739	1	1	4	0
4	53	0.0	0.105093647822	1	1	7	1
4	3	0.0	0.112242065034	1	1	1	1
4	113	0.0	0.055110313885	1	1	3	7
4	10	0.0	0.105093390486	1	1	5	5
4	8	0.0	0.105071668206	1	1	4	2
4	9	0.0	0.114306080043	1	1	4	3
4	161	0.0	0.055110317182	1	1	4	6
4	191	0.0	0.116316635272	1	1	1	1
4	138	0.0	0.05510979336	1	1	0	9
4	136	0.0	0.105097565164	1	1	0	3
4	76	0.0	0.105071573309	1	1	1	2
4	26	0.0	0.105071590488	1	1	4	3
4	93	0.0	0.106118112645	1	1	3	1
4	41	0.0	0.055110364924	1	1	3	9
4	25	0.0	0.105093369778	1	1	6	4
4	102	0.0	0.114306245008	1	1	4	4
4	75	0.0	0.05511023975	1	1	1	0
4	133	0.0	0.114306874805	1	1	7	3
4	175	0.0	0.10509761345	1	1	0	6
4	112	0.0	0.116316556999	1	1	3	0
4	5	0.0	0.105071429161	1	1	5	3
4	101	0.0	0.106117890162	1	1	3	1
4	157	0.0	0.105097503146	1	1	3	5
4	130	0.0	0.105093260141	1	1	2	6
4	63	0.0	0.055109990707	1	1	1	0
4	106	0.0	0.118365752369	1	1	3	1
4	28	0.0	0.109169850783	1	1	5	0
4	201	0.0	0.114306735309	1	1	6	4
4	72	0.0	0.055109678299	1	1	2	2
4	152	0.0	0.105093710993	1	1	6	7
4	150	0.0	0.055110444078	1	1	4	6
4	200	0.0	0.105071378125	1	1	3	4
4	147	0.0	0.055110157282	1	1	4	2
4	0	0.0	0.105093747114	1	1	8	5
4	184	0.0	0.105071606357	1	1	1	3
4	194	0.0	0.055110338095	1	1	3	6
4	39	0.0	0.114306468892	1	1	4	3
4	51	0.0	0.114306858998	1	1	7	3
4	146	0.0	0.105093278292	1	1	3	0
4	32	0.0	0.105093534229	1	1	4	8
4	114	0.0	0.055110413131	1	1	7	7
4	176	0.0	0.10509743234	1	1	1	4
4	143	0.0	0.106109324266	1	1	4	2
4	69	0.0	0.105093657282	1	1	3	6
4	137	0.0	0.105071680577	1	1	5	0
4	34	0.0	0.105071761756	1	1	2	3
4	119	0.0	0.105097366499	1	1	5	9
4	30	0.0	0.055110369194	1	1	4	2
4	81	0.0	0.10509712918	1	1	2	7
4	90	0.0	0.055110138328	1	1	3	3
4	202	0.0	0.055110403209	1	1	5	4
4	1	0.0	0.105071557772	1	1	5	4
4	103	0.0	0.105097302627	1	1	4	3
4	7	0.0	0.105071240438	1	1	1	1
4	16	0.0	0.118365557931	1	1	1	0
4	145	0.0	0.105093316328	1	1	3	5
4	21	0.0	0.116316218753	1	1	2	1
4	23	0.0	0.10509724966	1	1	2	7
4	149	0.0	0.10610908498	1	1	4	2
4	151	0.0	0.055110371813	1	1	0	0
4	37	0.0	0.122501740497	1	1	2	0
4	153	0.0	0.11836570037	1	1	2	1
4	144	0.0	0.108197488925	1	1	4	2
4	40	0.0	0.109081176365	1	1	7	0
4	154	0.0	0.114306707578	1	1	6	3
4	43	0.0	0.117341399962	1	1	5	4
4	44	0.0	0.055110323361	1	1	2	6
4	158	0.0	0.122501805757	1	1	2	0
4	47	0.0	0.107653860807	1	1	6	1
4	49	0.0	0.105097355818	1	1	3	7
4	162	0.0	0.105097564942	1	1	2	6
4	163	0.0	0.106118031728	1	1	4	6
4	52	0.0	0.055110018869	1	1	3	10
4	167	0.0	0.111506876968	1	1	6	0
4	60	0.0	0.105071640585	1	1	3	3
4	62	0.0	0.105093505395	1	1	5	6
4	170	0.0	0.055110057136	1	1	3	8
4	64	0.0	0.055110445449	1	1	6	9
4	195	0.0	0.105097343906	1	1	4	8
4	67	0.0	0.055110154502	1	1	3	4
4	173	0.0	0.05511021016	1	1	4	10
4	196	0.0	0.055110159986	1	1	4	7
4	71	0.0	0.105093651589	1	1	4	4
4	177	0.0	0.105093765759	1	1	5	9
4	89	0.0	0.055110000743	1	1	3	4
4	97	0.0	0.105071468078	1	1	1	3
4	178	0.0	0.05511031513	1	1	3	7
4	104	0.0	0.105071354762	1	1	4	2
4	109	0.0	0.055110297956	1	1	4	6
4	115	0.0	0.105071539684	1	1	6	3
4	116	0.0	0.055110001357	1	1	2	9
4	117	0.0	0.114306410062	1	1	4	3
4	120	0.0	0.055110429879	1	1	4	8
4	122	0.0	0.055110418922	1	1	5	4
4	186	0.0	0.10819744929	1	1	5	2
4	187	0.0	0.055110325035	1	1	2	0
4	129	0.0	0.114306562058	1	1	4	0
4	131	0.0	0.108197396879	1	1	6	4
4	135	0.0	0.105097489074	1	1	5	6
4	140	0.0	0.105093655418	1	1	6	2
4	141	0.0	0.105097324711	1	1	2	4
4	142	0.0	0.055110233671	1	1	3	4
5	135	NA 	 NA 	0	0	0	0
5	136	NA 	 NA 	0	0	0	0
5	142	NA 	 NA 	0	0	0	0
5	132	NA 	 NA 	0	0	0	0
5	37	NA 	 NA 	0	0	0	0
5	114	NA 	 NA 	0	0	0	0
5	122	NA 	 NA 	0	0	0	0
5	188	NA 	 NA 	0	0	0	0
5	196	0.0	0.0550985798	1	1	2	7
5	141	0.0	0.055098410369	1	1	1	10
5	97	0.0	0.105051229526	1	1	2	5
5	131	0.0	0.124620697215	1	1	5	0
5	201	0.0	0.110212814433	1	1	2	2
5	153	0.0	0.055098988498	1	1	5	5
5	29	0.0	0.055099051378	1	1	5	5
5	184	0.0	0.110212785456	1	1	4	4
5	13	0.0	0.105064297231	1	1	6	5
5	87	0.0	0.055098787245	1	1	2	0
5	203	0.0	0.05509867491	1	1	6	10
5	48	0.0	0.055099043129	1	1	7	6
5	100	0.0	0.055098584116	1	1	2	8
5	186	0.0	0.11735865792	1	1	9	2
5	67	0.0	0.123596329738	1	1	5	0
5	155	0.0	0.10627098667	1	1	8	0
5	93	0.0	0.106088829313	1	1	4	9
5	126	0.0	0.055099050654	1	1	5	14
5	36	0.0	0.10608891215	1	1	6	7
5	42	0.0	0.107360337433	1	1	11	1
5	82	0.0	0.115319977293	1	1	4	0
5	140	0.0	0.117358185635	1	1	5	0
5	171	0.0	0.055098798863	1	1	7	7
5	101	0.0	0.122040215485	1	1	3	1
5	157	0.0	0.105413318298	1	1	6	0
5	65	0.0	0.105064329638	1	1	5	3
5	18	0.0	0.123595889562	1	1	5	0
5	85	0.0	0.105064129499	1	1	5	6
5	158	0.0	0.055098700783	1	1	3	10
5	167	0.0	0.055099049493	1	1	4	10
5	11	0.0	0.105051454785	1	1	3	4
5	4	0.0	0.05509898539	1	1	7	5
5	185	0.0	0.110212861647	1	1	3	0
5	12	0.0	0.110212545989	1	1	4	0
5	163	0.0	0.05509906536	1	1	6	5
5	45	0.0	0.055098640726	1	1	5	6
5	68	0.0	0.055098804999	1	1	5	6
5	200	0.0	0.055098853819	1	1	3	0
5	110	0.0	0.10505143198	1	1	5	6
5	2	0.0	0.055099014308	1	1	5	9
5	38	0.0	0.106271115965	1	1	8	0
5	43	0.0	0.105051561669	1	1	3	4
5	96	0.0	0.118382198379	1	1	5	1
5	138	0.0	0.105064003627	1	1	6	8
5	94	0.0	0.055098984015	1	1	4	11
5	75	0.0	0.115319958741	1	1	7	1
5	152	0.0	0.106089157284	1	1	3	1
5	181	0.0	0.106088797107	1	1	2	2
5	113	0.0	0.055098618519	1	1	4	7
5	53	0.0	0.055098793482	1	1	3	5
5	102	0.0	0.105064363447	1	1	5	4
5	159	0.0	0.055098997393	1	1	4	4
5	121	0.0	0.055098992839	1	1	6	7
5	106	0.0	0.055098651119	1	1	7	6
5	78	0.0	0.055098828046	1	1	4	12
5	81	0.0	0.055098919127	1	1	4	7
5	134	0.0	0.105064064702	1	1	4	5
5	161	0.0	0.055098766381	1	1	3	11
5	168	0.0	0.106088748034	1	1	2	1
5	80	0.0	0.055099162566	1	1	5	6
5	7	0.0	0.106088561891	1	1	4	12
5	20	0.0	0.116553858039	1	1	7	1
5	174	0.0	0.117358096045	1	1	5	1
5	119	0.0	0.107308424034	1	1	11	0
5	123	0.0	0.055098441031	1	1	0	10
5	193	0.0	0.055099071963	1	1	2	9
5	172	0.0	0.105051198012	1	1	2	5
5	111	0.0	0.110212513344	1	1	7	0
5	148	0.0	0.105051540672	1	1	3	0
5	79	0.0	0.055098996332	1	1	6	2
5	120	0.0	0.105064273203	1	1	4	6
5	41	0.0	0.10608910701	1	1	5	7
5	91	0.0	0.105051513404	1	1	1	1
5	66	0.0	0.105064175273	1	1	4	3
5	125	0.0	0.123595958943	1	1	5	0
5	178	0.0	0.116553786885	1	1	6	2
5	52	0.0	0.10505133785	1	1	4	5
5	44	0.0	0.10505134078	1	1	4	5
5	57	0.0	0.10608894371	1	1	5	0
5	118	0.0	0.123596366017	1	1	6	0
5	124	0.0	0.123596126449	1	1	5	0
5	180	0.0	0.109525789748	1	1	9	1
5	26	0.0	0.105064338265	1	1	6	14
5	143	0.0	0.105063956967	1	1	5	3
5	116	0.0	0.055098884455	1	1	4	11
5	59	0.0	0.105064232818	1	1	3	12
5	24	0.0	0.055099166219	1	1	3	0
5	170	0.0	0.055098976467	1	1	4	8
5	71	0.0	0.120121891744	1	1	7	1
5	56	0.0	0.106088977422	1	1	4	1
5	3	0.0	0.11735820393	1	1	6	0
5	103	0.0	0.055098825274	1	1	3	7
5	129	0.0	0.055098665079	1	1	2	4
5	84	0.0	0.055098339929	1	1	0	3
5	88	0.0	0.115307022796	1	1	1	0
5	149	0.0	0.055098708262	1	1	4	6
5	112	0.0	0.055099040566	1	1	8	6
5	109	0.0	0.105064091479	1	1	4	8
5	127	0.0	0.11655376261	1	1	5	2
5	95	0.0	0.055098982996	1	1	6	7
5	39	0.0	0.105064292794	1	1	5	9
5	130	0.0	0.106088914708	1	1	7	2
5	50	0.0	0.055099051427	1	1	5	4
5	187	0.0	0.055098800528	1	1	5	9
5	198	0.0	0.05509907343	1	1	2	7
5	145	0.0	0.105051177336	1	1	1	6
5	90	0.0	0.055098707043	1	1	3	5
5	8	0.0	0.055099064464	1	1	3	12
5	166	0.0	0.105051289985	1	1	2	7
5	35	0.0	0.055099009703	1	1	4	5
5	47	0.0	0.055098639167	1	1	2	10
5	173	0.0	0.055098711756	1	1	2	14
5	98	0.0	0.055098687766	1	1	2	5
5	176	0.0	0.105051429058	1	1	2	5
5	191	0.0	0.107308525053	1	1	10	0
5	19	0.0	0.122040276197	1	1	3	1
5	190	0.0	0.117358464922	1	1	6	2
5	49	0.0	0.055099083518	1	1	7	7
5	28	0.0	0.105063940241	1	1	5	6
5	202	0.0	0.055098783531	1	1	5	6
5	195	0.0	0.106270970533	1	1	10	2
5	54	0.0	0.122040185432	1	1	4	2
5	128	0.0	0.10506400119	1	1	6	9
5	137	0.0	0.055098643082	1	1	2	11
5	76	0.0	0.106088525201	1	1	3	4
5	86	0.0	0.055098576105	1	1	2	7
5	5	0.0	0.055099138914	1	1	4	6
5	17	0.0	0.123596292955	1	1	5	0
5	69	0.0	0.105413175357	1	1	10	6
5	73	0.0	0.123596160819	1	1	4	0
5	139	0.0	0.112642038733	1	1	10	1
5	146	0.0	0.114295805701	1	1	5	0
5	144	0.0	0.105064285738	1	1	7	14
5	192	0.0	0.055099000521	1	1	5	3
5	156	0.0	0.114295479039	1	1	6	0
5	169	0.0	0.055098362412	1	1	0	8
5	10	0.0	0.108062435319	1	1	7	1
5	179	0.0	0.055099029628	1	1	7	6
5	162	0.0	0.106089023489	1	1	3	6
5	105	0.0	0.055098655051	1	1	3	6
5	147	0.0	0.055098938767	1	1	5	3
5	151	0.0	0.106270947645	1	1	6	1
5	34	0.0	0.106271016386	1	1	8	1
5	74	0.0	0.106089030806	1	1	2	1
5	22	0.0	0.105064313391	1	1	5	9
5	177	0.0	0.055098664545	1	1	6	8
5	164	0.0	0.116553623726	1	1	6	1
5	175	0.0	0.122040287367	1	1	3	1
5	21	0.0	0.106089212924	1	1	3	0
5	6	0.0	0.119405812069	1	1	4	0
5	64	0.0	0.108062653543	1	1	7	1
5	15	0.0	0.055098678266	1	1	4	3
5	55	0.0	0.055098990967	1	1	6	5
5	23	0.0	0.0550983889	1	1	0	7
5	0	0.0	0.106089044534	1	1	7	1
5	1	0.0	0.055098838585	1	1	5	8
5	9	0.0	0.10608898928	1	1	2	0
5	14	0.0	0.105064270829	1	1	5	3
5	16	0.0	0.106088904843	1	1	5	0
5	160	0.0	0.055099127123	1	1	5	8
5	25	0.0	0.117358579239	1	1	8	0
5	27	0.0	0.127707415924	1	1	3	0
5	30	0.0	0.055099022386	1	1	5	1
5	165	0.0	0.055098664905	1	1	4	7
5	31	0.0	0.115306879491	1	1	2	0
5	32	0.0	0.110212550487	1	1	7	1
5	33	0.0	0.105064268925	1	1	5	4
5	40	0.0	0.114295472131	1	1	6	0
5	46	0.0	0.106088935302	1	1	5	7
5	51	0.0	0.119405807272	1	1	4	2
5	58	0.0	0.106088618631	1	1	5	2
5	60	0.0	0.105064256246	1	1	4	3
5	61	0.0	0.055098995647	1	1	8	5
5	62	NA 	 NA 	0	0	0	0
5	63	0.0	0.105051368728	1	1	4	1
5	197	0.0	0.12204038588	1	1	2	0
5	70	0.0	0.116553619331	1	1	8	0
5	72	0.0	0.055098828105	1	1	3	8
5	77	0.0	0.106088907064	1	1	7	7
5	199	0.0	0.12204019488	1	1	3	0
5	182	0.0	0.114295812893	1	1	4	0
5	183	0.0	0.106088994606	1	1	6	8
5	83	0.0	0.106270963031	1	1	10	4
5	89	0.0	0.05509895585	1	1	7	4
5	92	0.0	0.117358189301	1	1	4	0
5	99	0.0	0.055098646002	1	1	1	4
5	104	0.0	0.106089075617	1	1	4	1
5	107	0.0	0.055098456032	1	1	4	7
5	108	0.0	0.055098819272	1	1	5	2
5	115	0.0	0.106089055615	1	1	6	8
5	117	0.0	0.105064214664	1	1	3	3
5	189	0.0	0.105064326337	1	1	5	5
5	133	0.0	0.106089082117	1	1	2	4
5	150	0.0	0.117577809399	1	1	3	0
5	194	0.0	0.11991348627	1	1	5	2
5	154	0.0	0.10736032703	1	1	11	1
6	145	NA 	 NA 	0	0	0	0
6	122	NA 	 NA 	0	0	0	0
6	63	NA 	 NA 	0	0	0	0
6	131	NA 	 NA 	0	0	0	0
6	104	NA 	 NA 	0	0	0	0
6	59	NA 	 NA 	0	0	0	0
6	128	NA 	 NA 	0	0	0	0
6	186	0.0	0.121434418159	1	1	3	0
6	57	0.0	0.107364961445	1	1	5	0
6	77	0.0	0.105094273154	1	1	2	6
6	127	0.0	0.055256049182	1	1	4	6
6	107	0.0	0.109880000259	1	1	7	0
6	45	0.0	0.106444004014	1	1	3	1
6	47	0.0	0.108114823608	1	1	7	2
6	16	0.0	0.105094329373	1	1	4	9
6	185	0.0	0.055256336731	1	1	6	1
6	191	0.0	0.055256315943	1	1	5	8
6	187	0.0	0.121434415615	1	1	3	2
6	82	0.0	0.108114862354	1	1	10	0
6	200	0.0	0.108115017887	1	1	5	0
6	41	0.0	0.126686748538	1	1	3	0
6	113	0.0	0.05525589339	1	1	2	10
6	30	0.0	0.114159208233	1	1	11	0
6	1	0.0	0.116321966415	1	1	2	1
6	117	0.0	0.055256285629	1	1	0	4
6	35	0.0	0.055256302077	1	1	5	4
6	158	0.0	0.116260279995	1	1	5	0
6	182	0.0	0.126686529901	1	1	3	0
6	28	0.0	0.108114884523	1	1	8	0
6	174	0.0	0.055256282263	1	1	6	3
6	177	0.0	0.055256236416	1	1	1	10
6	137	0.0	0.055255922671	1	1	0	4
6	52	0.0	0.105041973421	1	1	12	6
6	166	0.0	0.109880170392	1	1	8	1
6	0	0.0	0.055256159029	1	1	5	5
6	81	0.0	0.107090337409	1	1	5	1
6	84	0.0	0.109879933793	1	1	7	0
6	94	0.0	0.10709102043	1	1	3	0
6	24	0.0	0.055256381768	1	1	6	4
6	11	0.0	0.115284306358	1	1	5	0
6	8	0.0	0.055256330954	1	1	3	9
6	142	0.0	0.055255898137	1	1	4	6
6	139	0.0	0.055256341889	1	1	4	9
6	7	0.0	0.105041970547	1	1	12	6
6	197	0.0	0.116321859561	1	1	3	0
6	115	0.0	0.116321718448	1	1	6	1
6	26	0.0	0.118618177585	1	1	4	1
6	66	0.0	0.105094175162	1	1	2	8
6	130	0.0	0.055256276312	1	1	2	4
6	203	0.0	0.121434032092	1	1	2	0
6	56	0.0	0.055255568678	1	1	0	13
6	96	0.0	0.05525625663	1	1	6	2
6	134	0.0	0.05525615898	1	1	6	5
6	143	0.0	0.107090426863	1	1	8	0
6	165	0.0	0.125562154296	1	1	0	0
6	87	0.0	0.055256055031	1	1	3	3
6	154	0.0	0.05525597964	1	1	2	2
6	27	0.0	0.105094460313	1	1	3	2
6	67	0.0	0.055256255707	1	1	2	6
6	103	0.0	0.105094572396	1	1	4	5
6	118	0.0	0.055256023271	1	1	3	9
6	17	0.0	0.116635568806	1	1	6	1
6	111	0.0	0.055256253502	1	1	4	9
6	144	0.0	0.055256391919	1	1	6	2
6	161	0.0	0.118775276301	1	1	4	1
6	91	0.0	0.055256047509	1	1	4	6
6	92	0.0	0.055256284071	1	1	4	7
6	55	0.0	0.122458606323	1	1	6	0
6	15	0.0	0.105041999372	1	1	12	2
6	5	0.0	0.105094450922	1	1	6	2
6	76	0.0	0.105042033237	1	1	12	2
6	32	0.0	0.055256341758	1	1	1	9
6	201	0.0	0.0552562146	1	1	5	7
6	120	0.0	0.117297806031	1	1	5	4
6	43	0.0	0.05525589838	1	1	2	6
6	192	0.0	0.055256217223	1	1	6	1
6	72	0.0	0.105051913261	1	1	4	0
6	98	0.0	0.117686443432	1	1	2	0
6	10	0.0	0.055256031621	1	1	2	8
6	89	0.0	0.055255887996	1	1	2	5
6	86	0.0	0.05525594326	1	1	3	8
6	88	0.0	0.105052071537	1	1	8	1
6	68	0.0	0.055256076266	1	1	4	4
6	25	0.0	0.116322128937	1	1	4	0
6	37	0.0	0.105094208554	1	1	6	3
6	110	0.0	0.055255896758	1	1	2	1
6	202	0.0	0.106339986742	1	1	4	4
6	19	0.0	0.105093904439	1	1	0	3
6	106	0.0	0.116322559135	1	1	7	1
6	184	0.0	0.105041939658	1	1	11	6
6	9	0.0	0.105094466012	1	1	3	3
6	149	0.0	0.122458535822	1	1	6	0
6	121	0.0	0.11017617835	1	1	8	0
6	133	0.0	0.055256215253	1	1	3	8
6	102	0.0	0.055256339879	1	1	3	5
6	29	0.0	0.105094104763	1	1	1	11
6	157	0.0	0.055256297913	1	1	3	7
6	80	0.0	0.055256349024	1	1	6	4
6	44	0.0	0.055256227138	1	1	5	4
6	70	0.0	0.055255912618	1	1	0	11
6	125	0.0	0.055256307626	1	1	5	0
6	148	0.0	0.105094139775	1	1	2	11
6	18	0.0	0.105041928361	1	1	4	5
6	54	0.0	0.108115168143	1	1	7	0
6	40	0.0	0.116321659207	1	1	3	0
6	151	0.0	0.114159184994	1	1	9	1
6	75	0.0	0.111186920463	1	1	0	0
6	71	0.0	0.106339981738	1	1	6	0
6	61	0.0	0.106066637295	1	1	4	0
6	167	0.0	0.105094369087	1	1	2	5
6	129	0.0	0.113018173946	1	1	9	0
6	64	0.0	0.116322025728	1	1	3	0
6	141	0.0	0.117686296563	1	1	2	1
6	79	0.0	0.055256292044	1	1	3	9
6	22	0.0	0.055256085631	1	1	2	13
6	198	0.0	0.055256211178	1	1	6	7
6	183	0.0	0.105094292382	1	1	5	3
6	99	0.0	0.055256319879	1	1	5	7
6	42	0.0	0.105094309241	1	1	7	5
6	3	0.0	0.107090416547	1	1	3	0
6	175	0.0	0.055256001981	1	1	4	7
6	38	0.0	0.105094094449	1	1	2	8
6	138	0.0	0.105094089664	1	1	2	7
6	153	0.0	0.105094311699	1	1	6	1
6	34	0.0	0.105094416689	1	1	3	7
6	39	0.0	0.105094526496	1	1	5	3
6	124	0.0	0.05525622951	1	1	6	5
6	50	0.0	0.107090242629	1	1	5	2
6	156	0.0	0.105041865491	1	1	7	2
6	23	0.0	0.105094422755	1	1	3	7
6	62	0.0	0.055256273817	1	1	4	8
6	93	0.0	0.105094317576	1	1	7	3
6	164	0.0	0.105094032365	1	1	1	4
6	160	0.0	0.1142737159	1	1	7	0
6	190	0.0	0.110227944038	1	1	6	2
6	58	0.0	0.116322110892	1	1	5	0
6	90	0.0	0.114586261703	1	1	6	2
6	147	0.0	0.055256255682	1	1	4	7
6	168	0.0	0.055256281779	1	1	4	8
6	60	0.0	0.116260491489	1	1	6	3
6	169	0.0	0.111186846462	1	1	2	1
6	163	0.0	0.105094569257	1	1	4	8
6	126	0.0	0.126686679451	1	1	3	0
6	189	0.0	0.107090299809	1	1	5	2
6	178	0.0	0.055255891038	1	1	3	7
6	4	0.0	0.116322623514	1	1	7	2
6	51	0.0	0.055256101288	1	1	1	8
6	69	0.0	0.055255861049	1	1	1	6
6	65	0.0	0.105041878981	1	1	7	2
6	180	0.0	0.10509414609	1	1	2	4
6	53	0.0	0.105051572093	1	1	3	3
6	140	0.0	0.115611561406	1	1	7	1
6	31	0.0	0.121434288713	1	1	5	2
6	199	0.0	0.055256151083	1	1	2	11
6	100	0.0	0.10633995046	1	1	5	1
6	159	0.0	0.111500693399	1	1	4	1
6	119	0.0	0.121191176932	1	1	1	0
6	196	0.0	0.121434116386	1	1	2	0
6	188	0.0	0.055255952146	1	1	1	6
6	132	0.0	0.055255580713	1	1	0	13
6	20	0.0	0.105042072784	1	1	6	2
6	2	0.0	0.105094572104	1	1	3	2
6	6	0.0	0.105042121953	1	1	6	5
6	12	0.0	0.055256306233	1	1	2	2
6	13	0.0	0.055256370802	1	1	3	10
6	14	0.0	0.055256305685	1	1	3	10
6	170	0.0	0.105041819734	1	1	8	2
6	171	0.0	0.115611517245	1	1	6	1
6	21	0.0	0.121434140578	1	1	3	2
6	172	0.0	0.055256283992	1	1	6	4
6	173	0.0	0.105094472593	1	1	3	1
6	33	0.0	0.121434302391	1	1	3	0
6	36	0.0	0.110227893295	1	1	6	1
6	46	0.0	0.117297674016	1	1	4	0
6	48	0.0	0.105094428301	1	1	2	3
6	49	0.0	0.055255964318	1	1	0	9
6	176	0.0	0.055256332956	1	1	5	3
6	179	0.0	0.114586343135	1	1	5	0
6	181	0.0	0.117685953123	1	1	4	2
6	73	0.0	0.121434286143	1	1	3	2
6	74	0.0	0.055256019034	1	1	1	5
6	78	0.0	0.055256122136	1	1	1	0
6	83	0.0	0.121434277965	1	1	5	2
6	85	0.0	0.105094202431	1	1	3	9
6	95	0.0	0.117685992178	1	1	5	0
6	97	0.0	0.121434066901	1	1	4	2
6	101	0.0	0.111252261892	1	1	6	2
6	105	0.0	0.055255893403	1	1	3	6
6	108	0.0	0.105051854911	1	1	6	4
6	109	0.0	0.055255897665	1	1	3	4
6	112	0.0	0.116321716651	1	1	3	0
6	114	0.0	0.105094475813	1	1	5	5
6	116	0.0	0.105051950318	1	1	6	0
6	123	0.0	0.055256012357	1	1	0	4
6	135	0.0	0.055256387498	1	1	4	6
6	136	0.0	0.055256353931	1	1	2	2
6	193	0.0	0.055256354034	1	1	3	1
6	146	0.0	0.055256124831	1	1	4	6
6	150	0.0	0.105041936131	1	1	4	6
6	152	0.0	0.055256353162	1	1	1	0
6	155	0.0	0.116322549099	1	1	7	2
6	194	0.0	0.055255962732	1	1	2	5
6	195	0.0	0.105094622612	1	1	5	5
6	162	0.0	0.116635625446	1	1	4	3
7	26	NA 	 NA 	0	0	0	0
7	24	NA 	 NA 	0	0	0	0
7	187	NA 	 NA 	0	0	0	0
7	108	NA 	 NA 	0	0	0	0
7	125	NA 	 NA 	0	0	0	0
7	22	0.0	0.116586226766	1	1	6	1
7	118	0.0	0.115301810829	1	1	5	0
7	53	0.0	0.105045953177	1	1	8	4
7	25	0.0	0.055140487541	1	1	2	3
7	41	0.0	0.105106667484	1	1	5	5
7	102	0.0	0.055140029092	1	1	0	9
7	74	0.0	0.105045615637	1	1	2	1
7	185	0.0	0.120709826912	1	1	8	0
7	106	0.0	0.116586189951	1	1	8	4
7	103	0.0	0.055140758543	1	1	3	6
7	130	0.0	0.105045904082	1	1	5	2
7	33	0.0	0.118508640743	1	1	6	3
7	88	0.0	0.10607599703	1	1	11	0
7	177	0.0	0.116312641943	1	1	5	1
7	69	0.0	0.106075769617	1	1	7	1
7	150	0.0	0.055140560312	1	1	2	6
7	126	0.0	0.055140722185	1	1	6	5
7	19	0.0	0.055140649503	1	1	3	5
7	172	0.0	0.116586277802	1	1	6	0
7	99	0.0	0.055140588535	1	1	5	6
7	180	0.0	0.106391363845	1	1	12	1
7	54	0.0	0.105045378302	1	1	2	5
7	10	0.0	0.055140318521	1	1	5	4
7	113	0.0	0.109142754704	1	1	7	3
7	6	0.0	0.116312754136	1	1	2	1
7	105	0.0	0.105106555442	1	1	6	3
7	124	0.0	0.055140612209	1	1	7	6
7	175	0.0	0.055140249422	1	1	3	7
7	101	0.0	0.05514066175	1	1	9	4
7	129	0.0	0.105051332723	1	1	8	1
7	197	0.0	0.105045802379	1	1	1	1
7	89	0.0	0.055140711278	1	1	3	3
7	158	0.0	0.055140733098	1	1	3	5
7	119	0.0	0.055140513682	1	1	6	9
7	61	0.0	0.055140636934	1	1	8	1
7	52	0.0	0.112770822819	1	1	10	0
7	115	0.0	0.055140674131	1	1	3	6
7	1	0.0	0.112216080823	1	1	2	1
7	161	0.0	0.055140592801	1	1	5	6
7	45	0.0	0.105045624009	1	1	6	5
7	35	0.0	0.05514027658	1	1	2	13
7	75	0.0	0.109142711777	1	1	6	2
7	176	0.0	0.127893841021	1	1	5	0
7	120	0.0	0.105051393976	1	1	1	2
7	114	0.0	0.05514062439	1	1	3	3
7	195	0.0	0.11658602977	1	1	6	1
7	163	0.0	0.10504568501	1	1	4	0
7	4	0.0	0.105045340396	1	1	1	1
7	29	0.0	0.116585991594	1	1	8	1
7	79	0.0	0.055140677618	1	1	6	1
7	64	0.0	0.116585897774	1	1	4	0
7	84	0.0	0.055140354849	1	1	2	7
7	76	0.0	0.125843910311	1	1	7	1
7	171	0.0	0.1153016824	1	1	6	2
7	12	0.0	0.055140612049	1	1	3	6
7	191	0.0	0.1153016093	1	1	3	1
7	57	0.0	0.055140446302	1	1	5	5
7	173	0.0	0.105051352835	1	1	1	1
7	144	0.0	0.055140701148	1	1	6	3
7	111	0.0	0.107113340715	1	1	6	0
7	123	0.0	0.116312579283	1	1	6	0
7	100	0.0	0.05514058235	1	1	1	8
7	17	0.0	0.116586182874	1	1	7	1
7	156	0.0	0.105051380202	1	1	8	3
7	9	0.0	0.107113205213	1	1	11	1
7	3	0.0	0.055140446748	1	1	0	6
7	36	0.0	0.105051386666	1	1	8	0
7	112	0.0	0.055140335189	1	1	0	1
7	149	0.0	0.116585904283	1	1	5	0
7	196	0.0	0.115301773814	1	1	7	1
7	59	0.0	0.126869078727	1	1	5	0
7	40	0.0	0.126869081167	1	1	7	2
7	58	0.0	0.055140278457	1	1	4	7
7	56	0.0	0.116586232186	1	1	8	2
7	190	0.0	0.055140782289	1	1	9	5
7	85	0.0	0.116312727359	1	1	2	2
7	193	0.0	0.105106619397	1	1	6	2
7	86	0.0	0.105050935699	1	1	1	5
7	143	0.0	0.116312827909	1	1	6	2
7	186	0.0	0.127893853542	1	1	5	0
7	151	0.0	0.117337253954	1	1	7	2
7	16	0.0	0.106075439312	1	1	4	6
7	146	0.0	0.117337296165	1	1	7	4
7	13	0.0	0.055140586958	1	1	2	4
7	167	0.0	0.11658616165	1	1	8	2
7	8	0.0	0.116586213241	1	1	7	2
7	192	0.0	0.105045637129	1	1	1	2
7	170	0.0	0.055140570852	1	1	2	2
7	70	0.0	0.126869191188	1	1	6	2
7	164	0.0	0.105050975977	1	1	8	5
7	60	0.0	0.055140060216	1	1	0	7
7	117	0.0	0.126869271119	1	1	6	1
7	68	0.0	0.055140418453	1	1	2	6
7	121	0.0	0.105045345597	1	1	9	1
7	46	0.0	0.055140617423	1	1	0	6
7	110	0.0	0.115301733189	1	1	5	1
7	82	0.0	0.107584409866	1	1	10	0
7	44	0.0	0.055140595487	1	1	6	5
7	11	0.0	0.116312488955	1	1	2	0
7	49	0.0	0.055140289516	1	1	0	4
7	169	0.0	0.055140680583	1	1	3	5
7	168	0.0	0.116586202666	1	1	8	4
7	107	0.0	0.105106526131	1	1	9	3
7	81	0.0	0.106075763991	1	1	10	0
7	34	0.0	0.055140588321	1	1	1	4
7	96	0.0	0.117337231595	1	1	8	4
7	153	0.0	0.055140360203	1	1	5	7
7	7	0.0	0.117337157506	1	1	5	2
7	97	0.0	0.055140758667	1	1	2	0
7	178	0.0	0.115301735251	1	1	7	1
7	133	0.0	0.055140701541	1	1	4	7
7	109	0.0	0.055139943651	1	1	0	7
7	127	0.0	0.105050802262	1	1	1	3
7	135	0.0	0.12070980412	1	1	8	2
7	128	0.0	0.055140570252	1	1	5	6
7	72	0.0	0.105045432281	1	1	4	1
7	199	0.0	0.105106649461	1	1	6	2
7	194	0.0	0.055140330173	1	1	8	4
7	2	0.0	0.117337182606	1	1	6	1
7	15	0.0	0.116312978977	1	1	7	2
7	71	0.0	0.055140616779	1	1	3	5
7	201	0.0	0.055140413488	1	1	6	5
7	77	0.0	0.055140378254	1	1	6	6
7	27	0.0	0.05514054426	1	1	9	7
7	166	0.0	0.115301737989	1	1	7	1
7	139	0.0	0.105045436489	1	1	8	7
7	65	0.0	0.116585999962	1	1	8	1
7	80	0.0	0.115301483158	1	1	2	0
7	189	0.0	0.108634615174	1	1	10	0
7	31	0.0	0.106070636144	1	1	2	2
7	55	0.0	0.115301606731	1	1	3	0
7	90	0.0	0.128930973704	1	1	4	0
7	142	0.0	0.109447886393	1	1	4	2
7	98	0.0	0.106075470941	1	1	5	1
7	43	0.0	0.05514057157	1	1	2	8
7	165	0.0	0.105045772124	1	1	6	3
7	5	0.0	0.055140591096	1	1	5	6
7	122	0.0	0.105050847543	1	1	0	0
7	0	0.0	0.055140237564	1	1	3	2
7	116	0.0	0.055140268335	1	1	6	7
7	145	0.0	0.05514063518	1	1	6	7
7	23	0.0	0.105106499106	1	1	7	1
7	93	0.0	0.10639125338	1	1	7	0
7	104	0.0	0.055140629844	1	1	9	7
7	162	0.0	0.116312598144	1	1	2	1
7	131	0.0	0.055140406315	1	1	7	6
7	32	0.0	0.120709801853	1	1	7	0
7	148	0.0	0.055140663029	1	1	5	4
7	14	0.0	0.12789374059	1	1	5	2
7	18	0.0	0.116312653171	1	1	5	0
7	20	0.0	0.105106630794	1	1	7	3
7	21	0.0	0.105045138212	1	1	2	2
7	152	0.0	0.105045837555	1	1	6	6
7	200	0.0	0.105106498607	1	1	6	2
7	154	0.0	0.055140264875	1	1	7	3
7	155	0.0	0.127893813162	1	1	5	2
7	28	0.0	0.106075412612	1	1	5	1
7	30	0.0	0.055140730935	1	1	2	0
7	37	0.0	0.055140670165	1	1	1	9
7	38	0.0	0.105051043558	1	1	2	2
7	39	0.0	0.105106519061	1	1	9	1
7	157	0.0	0.127893860746	1	1	6	2
7	42	0.0	0.105106586616	1	1	10	2
7	47	0.0	0.105051221711	1	1	2	0
7	159	0.0	0.055140729033	1	1	1	1
7	48	0.0	0.117337347641	1	1	7	2
7	50	0.0	0.105106609134	1	1	10	1
7	51	0.0	0.11631284985	1	1	7	4
7	160	0.0	0.120709724452	1	1	8	0
7	62	0.0	0.105045443108	1	1	9	5
7	63	0.0	0.055140312779	1	1	7	6
7	66	0.0	0.105051384401	1	1	3	4
7	67	0.0	0.126869056378	1	1	5	0
7	198	0.0	0.106075802731	1	1	4	0
7	73	0.0	0.105045814062	1	1	8	4
7	174	0.0	0.055140222127	1	1	3	0
7	78	0.0	0.105051185548	1	1	3	5
7	83	0.0	0.10504576854	1	1	8	6
7	179	0.0	0.055140350205	1	1	7	1
7	87	0.0	0.127893676285	1	1	4	0
7	91	0.0	0.105106504562	1	1	7	2
7	92	0.0	0.114884494122	1	1	9	1
7	94	0.0	0.116312366782	1	1	2	1
7	95	0.0	0.055140700102	1	1	3	2
7	181	0.0	0.116585941857	1	1	7	3
7	182	0.0	0.055140647101	1	1	9	4
7	183	0.0	0.055139962794	1	1	0	14
7	184	0.0	0.055140618857	1	1	3	4
7	132	0.0	0.055140412941	1	1	5	6
7	134	0.0	0.055140612288	1	1	1	0
7	136	0.0	0.055140325071	1	1	6	6
7	137	0.0	0.10505133865	1	1	2	1
7	138	0.0	0.055140258286	1	1	7	3
7	140	0.0	0.105045794114	1	1	8	2
7	141	0.0	0.112215680053	1	1	0	0
7	188	0.0	0.055140736838	1	1	3	7
7	147	0.0	0.116312485701	1	1	2	4
8	93	NA 	 NA 	0	0	0	0
8	20	NA 	 NA 	0	0	0	0
8	144	NA 	 NA 	0	0	0	0
8	122	NA 	 NA 	0	0	0	0
8	131	NA 	 NA 	0	0	0	0
8	104	NA 	 NA 	0	0	0	0
8	186	NA 	 NA 	0	0	0	0
8	128	0.0	0.107141915214	1	1	5	2
8	1	0.0	0.115283732939	1	1	3	1
8	127	0.0	0.055235251499	1	1	6	4
8	57	0.0	0.120405072635	1	1	6	0
8	107	0.0	0.113234709327	1	1	6	0
8	185	0.0	0.055235657906	1	1	5	2
8	45	0.0	0.112262935501	1	1	2	1
8	47	0.0	0.113299729425	1	1	6	1
8	16	0.0	0.118421862485	1	1	5	4
8	82	0.0	0.109138517979	1	1	7	0
8	191	0.0	0.055235589011	1	1	6	3
8	187	0.0	0.120405095331	1	1	8	0
8	41	0.0	0.120616070139	1	1	3	0
8	77	0.0	0.120496139138	1	1	6	4
8	30	0.0	0.113234557983	1	1	6	1
8	52	0.0	0.108113791212	1	1	2	2
8	154	0.0	0.055235242442	1	1	6	9
8	113	0.0	0.055235183762	1	1	3	8
8	63	0.0	0.109138435384	1	1	6	0
8	5	0.0	0.107141986229	1	1	4	2
8	43	0.0	0.055235198553	1	1	7	5
8	117	0.0	0.05523556447	1	1	11	3
8	28	0.0	0.113299750895	1	1	8	1
8	158	0.0	0.107089527832	1	1	6	1
8	182	0.0	0.120615863159	1	1	4	0
8	174	0.0	0.055235561909	1	1	5	3
8	35	0.0	0.055235591747	1	1	7	3
8	137	0.0	0.055235193673	1	1	10	5
8	166	0.0	0.113234808556	1	1	6	0
8	81	0.0	0.107128767819	1	1	6	1
8	0	0.0	0.055235430231	1	1	7	6
8	24	0.0	0.05523566565	1	1	6	8
8	84	0.0	0.110162256896	1	1	4	0
8	139	0.0	0.055235660942	1	1	6	6
8	11	0.0	0.115283776802	1	1	2	0
8	89	0.0	0.055235167004	1	1	8	4
8	94	0.0	0.114285570766	1	1	5	0
8	8	0.0	0.055235605596	1	1	10	7
8	66	0.0	0.120496121445	1	1	5	0
8	142	0.0	0.055235172776	1	1	3	7
8	197	0.0	0.108113635307	1	1	8	0
8	7	0.0	0.108113815325	1	1	2	4
8	17	0.0	0.131276948435	1	1	2	0
8	19	0.0	0.120496000182	1	1	5	4
8	26	0.0	0.113260953285	1	1	4	1
8	56	0.0	0.055234848315	1	1	2	6
8	59	0.0	0.120405075298	1	1	9	1
8	111	0.0	0.05523552781	1	1	8	3
8	96	0.0	0.055235532876	1	1	6	7
8	130	0.0	0.055235595444	1	1	11	7
8	115	0.0	0.108113667595	1	1	6	0
8	165	0.0	0.112262849322	1	1	4	2
8	134	0.0	0.055235439765	1	1	7	8
8	143	0.0	0.108114038005	1	1	5	1
8	27	0.0	0.106065676445	1	1	9	4
8	15	0.0	0.10811381558	1	1	3	2
8	87	0.0	0.055235329584	1	1	6	7
8	67	0.0	0.055235530317	1	1	5	4
8	177	0.0	0.055235504859	1	1	10	7
8	125	0.0	0.055235453411	1	1	8	3
8	118	0.0	0.055235301684	1	1	6	4
8	202	0.0	0.055235520055	1	1	6	7
8	103	0.0	0.107142229769	1	1	6	0
8	55	0.0	0.115282950143	1	1	6	2
8	161	0.0	0.131276876604	1	1	2	0
8	91	0.0	0.055235326489	1	1	6	6
8	98	0.0	0.107141965561	1	1	6	4
8	86	0.0	0.055235201098	1	1	7	7
8	133	0.0	0.055235483859	1	1	6	8
8	76	0.0	0.108113856033	1	1	2	0
8	120	0.0	0.107089348197	1	1	6	1
8	88	0.0	0.115283759684	1	1	3	1
8	40	0.0	0.114273169206	1	1	6	0
8	203	0.0	0.055235496165	1	1	9	3
8	72	0.0	0.106065773957	1	1	7	0
8	32	0.0	0.055235630034	1	1	10	3
8	106	0.0	0.120615797022	1	1	4	0
8	184	0.0	0.108113759084	1	1	3	3
8	110	0.0	0.05523517915	1	1	6	3
8	102	0.0	0.055235626464	1	1	7	6
8	9	0.0	0.107141763291	1	1	8	3
8	37	0.0	0.118421706361	1	1	3	0
8	25	0.0	0.107128358266	1	1	4	1
8	68	0.0	0.055235350638	1	1	6	7
8	201	0.0	0.120496102817	1	1	4	1
8	192	0.0	0.115349882506	1	1	3	0
8	151	0.0	0.113234528072	1	1	7	3
8	92	0.0	0.055235552981	1	1	8	6
8	29	0.0	0.120496365267	1	1	8	0
8	80	0.0	0.055235611821	1	1	5	3
8	44	0.0	0.055235558475	1	1	7	2
8	129	0.0	0.11323452249	1	1	7	1
8	148	0.0	0.120496118719	1	1	4	0
8	124	0.0	0.055235471659	1	1	5	3
8	71	0.0	0.107142240878	1	1	6	2
8	121	0.0	0.111238540108	1	1	5	1
8	61	0.0	0.108114214386	1	1	5	1
8	75	0.0	0.107128368022	1	1	8	0
8	70	0.0	0.055235189497	1	1	8	7
8	167	0.0	0.11842191595	1	1	5	1
8	54	0.0	0.109137930916	1	1	8	0
8	18	0.0	0.107089529972	1	1	7	4
8	79	0.0	0.055235571283	1	1	10	4
8	141	0.0	0.107141923989	1	1	6	1
8	64	0.0	0.107128342034	1	1	4	1
8	183	0.0	0.127743575449	1	1	3	0
8	4	0.0	0.120615730838	1	1	4	0
8	157	0.0	0.055235520739	1	1	6	6
8	42	0.0	0.113260979084	1	1	6	1
8	175	0.0	0.055235330999	1	1	5	3
8	22	0.0	0.055235318474	1	1	9	4
8	69	0.0	0.055235140093	1	1	7	7
8	23	0.0	0.107141723579	1	1	9	3
8	58	0.0	0.114273293765	1	1	5	0
8	3	0.0	0.107128398474	1	1	4	0
8	99	0.0	0.055235586692	1	1	6	7
8	147	0.0	0.055235536337	1	1	7	5
8	198	0.0	0.055235509747	1	1	7	5
8	153	0.0	0.116333982281	1	1	5	1
8	149	0.0	0.115282910399	1	1	5	0
8	39	0.0	0.107141868059	1	1	4	1
8	38	0.0	0.119446391401	1	1	9	0
8	34	0.0	0.107141659176	1	1	10	2
8	100	0.0	0.107142167281	1	1	5	2
8	50	0.0	0.107128616601	1	1	4	4
8	90	0.0	0.107142248048	1	1	6	0
8	138	0.0	0.120496243593	1	1	7	1
8	190	0.0	0.118395515796	1	1	4	0
8	156	0.0	0.119380867733	1	1	5	1
8	60	0.0	0.107089365825	1	1	6	3
8	10	0.0	0.055235286171	1	1	10	11
8	62	0.0	0.055235543511	1	1	9	3
8	160	0.0	0.109137869546	1	1	7	0
8	189	0.0	0.107128630451	1	1	4	1
8	33	0.0	0.119380841528	1	1	7	0
8	164	0.0	0.120496357636	1	1	8	0
8	168	0.0	0.055235547723	1	1	7	2
8	2	0.0	0.106065749013	1	1	9	2
8	132	0.0	0.055234859527	1	1	1	0
8	163	0.0	0.107142244368	1	1	7	0
8	140	0.0	0.107089201483	1	1	5	2
8	172	0.0	0.055235544159	1	1	5	2
8	200	0.0	0.120615706743	1	1	5	1
8	65	0.0	0.108113692001	1	1	4	3
8	196	0.0	0.107089483753	1	1	7	2
8	126	0.0	0.108114118185	1	1	8	0
8	155	0.0	0.120615794841	1	1	4	0
8	159	0.0	0.120405293116	1	1	6	0
8	49	0.0	0.055235251086	1	1	10	6
8	180	0.0	0.120496172599	1	1	6	1
8	173	0.0	0.1060656176	1	1	9	0
8	53	0.0	0.114285395163	1	1	4	0
8	119	0.0	0.107142406742	1	1	7	1
8	169	0.0	0.107128467455	1	1	6	1
8	6	0.0	0.10811388566	1	1	10	3
8	12	0.0	0.107128295645	1	1	4	0
8	13	0.0	0.105040997201	1	1	5	2
8	14	0.0	0.055235585204	1	1	5	4
8	170	0.0	0.108113621923	1	1	5	2
8	171	0.0	0.107089170179	1	1	5	4
8	21	0.0	0.107089502203	1	1	7	2
8	31	0.0	0.113234825413	1	1	7	0
8	36	0.0	0.115310026202	1	1	5	1
8	46	0.0	0.107089304025	1	1	6	3
8	48	0.0	0.106065615773	1	1	11	3
8	176	0.0	0.055235599768	1	1	6	3
8	51	0.0	0.05523538949	1	1	7	8
8	178	0.0	0.055235169386	1	1	5	5
8	179	0.0	0.10714234789	1	1	5	1
8	181	0.0	0.107142022524	1	1	5	4
8	73	0.0	0.120405088448	1	1	8	1
8	74	0.0	0.05523529811	1	1	9	4
8	78	0.0	0.055235383967	1	1	5	9
8	199	0.0	0.055235377901	1	1	7	6
8	188	0.0	0.055235230225	1	1	8	10
8	83	0.0	0.115283058594	1	1	6	0
8	85	0.0	0.120496544567	1	1	7	4
8	95	0.0	0.107141973474	1	1	4	3
8	97	0.0	0.107089386828	1	1	5	5
8	101	0.0	0.114324243228	1	1	7	2
8	105	0.0	0.055235173216	1	1	6	11
8	108	0.0	0.109138235823	1	1	6	0
8	109	0.0	0.055235176995	1	1	6	11
8	112	0.0	0.114273141494	1	1	5	0
8	114	0.0	0.107141770013	1	1	8	2
8	116	0.0	0.109138296334	1	1	5	0
8	123	0.0	0.05523525858	1	1	5	3
8	135	0.0	0.055235563152	1	1	8	3
8	136	0.0	0.055235609989	1	1	8	2
8	193	0.0	0.055235567436	1	1	10	7
8	145	0.0	0.119446379809	1	1	10	4
8	146	0.0	0.05523556681	1	1	6	0
8	150	0.0	0.11630764251	1	1	9	1
8	152	0.0	0.055235643542	1	1	10	4
8	194	0.0	0.055235246246	1	1	6	0
8	195	0.0	0.106065728202	1	1	5	4
8	162	0.0	0.131276983726	1	1	2	0
9	37	NA 	 NA 	0	0	0	0
9	87	NA 	 NA 	0	0	0	0
9	110	NA 	 NA 	0	0	0	0
9	169	NA 	 NA 	0	0	0	0
9	17	NA 	 NA 	0	0	0	0
9	198	NA 	 NA 	0	0	0	0
9	137	NA 	 NA 	0	0	0	0
9	152	NA 	 NA 	0	0	0	0
9	130	NA 	 NA 	0	0	0	0
9	54	NA 	 NA 	0	0	0	0
9	95	NA 	 NA 	0	0	0	0
9	97	NA 	 NA 	0	0	0	0
9	69	NA 	 NA 	0	0	0	0
9	5	NA 	 NA 	0	0	0	0
9	132	NA 	 NA 	0	0	0	0
9	9	0.0	0.115297030928	1	1	6	1
9	197	0.0	0.106222845561	1	1	4	3
9	76	0.0	0.055137044741	1	1	5	6
9	24	0.0	0.112224232696	1	1	5	1
9	28	0.0	0.105068369145	1	1	2	0
9	162	0.0	0.11530938756	1	1	1	1
9	173	0.0	0.105116489668	1	1	2	0
9	153	0.0	0.055137309942	1	1	3	7
9	64	0.0	0.105053493531	1	1	0	3
9	119	0.0	0.117423870812	1	1	2	1
9	71	0.0	0.055137356325	1	1	2	0
9	52	0.0	0.105068243734	1	1	3	1
9	85	0.0	0.117345106269	1	1	4	0
9	81	0.0	0.105053704896	1	1	4	6
9	107	0.0	0.105116492304	1	1	1	10
9	74	0.0	0.113248518392	1	1	1	0
9	114	0.0	0.114272971257	1	1	3	1
9	4	0.0	0.109825969951	1	1	2	2
9	99	0.0	0.115296877083	1	1	2	0
9	60	0.0	0.055137012131	1	1	4	7
9	184	0.0	0.113248244617	1	1	3	0
9	174	0.0	0.105116133074	1	1	2	6
9	32	0.0	0.106661173225	1	1	2	3
9	123	0.0	0.105053435485	1	1	3	6
9	178	0.0	0.105068225496	1	1	3	7
9	67	0.0	0.105053496517	1	1	0	3
9	116	0.0	0.055137036232	1	1	2	8
9	33	0.0	0.105053675641	1	1	5	0
9	126	0.0	0.106661018213	1	1	3	2
9	117	0.0	0.105053387754	1	1	3	4
9	154	NA 	 NA 	0	0	0	0
9	151	0.0	0.105068366683	1	1	7	4
9	40	0.0	0.115309140291	1	1	6	0
9	180	0.0	0.106661240825	1	1	2	2
9	138	0.0	0.117345439233	1	1	2	1
9	142	0.0	0.117344872516	1	1	4	0
9	131	0.0	0.055137478161	1	1	5	7
9	44	0.0	0.105116495112	1	1	3	3
9	161	0.0	0.105068633406	1	1	6	1
9	39	0.0	0.106660869884	1	1	3	6
9	48	0.0	0.105053687837	1	1	3	2
9	145	0.0	0.105068422992	1	1	5	4
9	93	0.0	0.107102737501	1	1	3	2
9	148	0.0	0.106157976224	1	1	5	3
9	43	0.0	0.117345152001	1	1	3	0
9	146	0.0	0.118369557357	1	1	1	1
9	38	0.0	0.105053541327	1	1	0	3
9	165	0.0	0.117345704817	1	1	2	1
9	127	0.0	0.055137338021	1	1	5	0
9	134	0.0	0.10506828045	1	1	6	4
9	20	0.0	0.115309275316	1	1	5	2
9	82	0.0	0.116333702732	1	1	3	0
9	109	0.0	0.105116572229	1	1	3	2
9	155	0.0	0.116321023594	1	1	2	1
9	16	0.0	0.055137068889	1	1	4	11
9	121	0.0	0.105053584809	1	1	0	6
9	65	0.0	0.105116537841	1	1	2	9
9	34	0.0	0.055137219065	1	1	2	7
9	45	0.0	0.055137330391	1	1	5	14
9	15	0.0	0.105116221819	1	1	1	2
9	31	0.0	0.055137254726	1	1	4	1
9	125	0.0	0.105053590678	1	1	0	1
9	58	0.0	0.055137409869	1	1	6	7
9	88	0.0	0.055137415336	1	1	6	13
9	108	0.0	0.105053601919	1	1	1	2
9	172	0.0	0.117344952176	1	1	4	1
9	91	0.0	0.055137017075	1	1	1	8
9	29	0.0	0.11530918079	1	1	6	1
9	23	0.0	0.055137207274	1	1	4	12
9	185	0.0	0.055137369787	1	1	7	4
9	94	0.0	0.116333784686	1	1	3	2
9	159	0.0	0.105053728545	1	1	6	3
9	183	0.0	0.055137386031	1	1	5	7
9	73	0.0	0.114272640114	1	1	8	0
9	175	0.0	0.055137129245	1	1	6	7
9	118	0.0	0.055137338623	1	1	2	8
9	135	0.0	0.114272606883	1	1	8	0
9	102	0.0	0.10506857881	1	1	4	3
9	101	0.0	0.116333867166	1	1	3	2
9	199	0.0	0.055137363248	1	1	7	9
9	201	0.0	0.055137470732	1	1	3	8
9	98	0.0	0.105053353667	1	1	5	4
9	90	0.0	0.055136965658	1	1	4	6
9	111	0.0	0.105068144211	1	1	2	4
9	195	0.0	0.105116552057	1	1	5	3
9	115	0.0	0.116333789054	1	1	4	2
9	25	0.0	0.055136940205	1	1	4	5
9	149	0.0	0.105068389987	1	1	4	1
9	186	0.0	0.105115974663	1	1	0	3
9	120	0.0	0.116321349147	1	1	2	1
9	3	0.0	0.105116247242	1	1	3	3
9	63	0.0	0.112224045537	1	1	4	0
9	7	0.0	0.121444286105	1	1	0	0
9	26	0.0	0.055137413042	1	1	4	9
9	182	0.0	0.105116212159	1	1	2	7
9	141	0.0	0.055137345693	1	1	4	6
9	80	0.0	0.055137425706	1	1	5	8
9	144	0.0	0.105116266612	1	1	3	8
9	21	0.0	0.055137396196	1	1	3	2
9	136	0.0	0.105116233542	1	1	3	11
9	168	0.0	0.055137412164	1	1	4	0
9	188	0.0	0.105116557154	1	1	3	9
9	189	0.0	0.10511626412	1	1	3	5
9	181	0.0	0.055137288407	1	1	4	3
9	147	0.0	0.05513733471	1	1	3	6
9	55	0.0	0.105116592391	1	1	3	2
9	46	0.0	0.106661107519	1	1	2	4
9	193	0.0	0.105068285533	1	1	3	4
9	187	0.0	0.10511646997	1	1	1	9
9	133	0.0	0.107102878254	1	1	1	0
9	104	0.0	0.112224102932	1	1	5	1
9	6	0.0	0.05513731991	1	1	6	2
9	86	0.0	0.1051163075	1	1	2	4
9	156	0.0	0.105068639732	1	1	8	3
9	105	0.0	0.055137015837	1	1	4	7
9	112	0.0	0.105053437	1	1	1	6
9	163	0.0	0.115297095659	1	1	6	1
9	192	0.0	0.055137441524	1	1	1	7
9	89	0.0	0.05513731767	1	1	7	5
9	83	0.0	0.055137331889	1	1	5	14
9	51	0.0	0.117423805495	1	1	2	0
9	77	0.0	0.118369634579	1	1	2	1
9	167	0.0	0.055137450273	1	1	4	14
9	124	0.0	0.055137092273	1	1	6	9
9	177	0.0	0.055137353316	1	1	1	3
9	166	0.0	0.121599149597	1	1	1	0
9	41	0.0	0.114272723631	1	1	2	0
9	35	0.0	0.117423686968	1	1	0	0
9	92	0.0	0.105116451401	1	1	4	6
9	19	0.0	0.055136997466	1	1	3	1
9	196	0.0	0.105068036055	1	1	3	9
9	157	0.0	0.055137404857	1	1	5	6
9	140	0.0	0.055137394086	1	1	2	1
9	200	0.0	0.105053412738	1	1	1	1
9	203	0.0	0.055137431328	1	1	3	4
9	53	0.0	0.055137459032	1	1	3	4
9	100	0.0	0.105068412374	1	1	6	5
9	158	0.0	0.055137449918	1	1	5	8
9	50	0.0	0.117345206227	1	1	3	0
9	194	0.0	0.105116197857	1	1	2	3
9	129	0.0	0.055137095357	1	1	5	11
9	143	0.0	0.115296791069	1	1	2	1
9	59	0.0	0.105053834239	1	1	5	2
9	18	0.0	0.055137280277	1	1	2	4
9	2	0.0	0.05513738474	1	1	6	6
9	79	0.0	0.055137145835	1	1	6	1
9	27	0.0	0.114272575226	1	1	4	1
9	61	0.0	0.107103081433	1	1	4	0
9	47	0.0	0.055136800346	1	1	3	8
9	75	0.0	0.055137152802	1	1	5	8
9	106	0.0	0.105116528316	1	1	6	4
9	13	0.0	0.10511627805	1	1	3	13
9	170	0.0	0.055136988117	1	1	5	9
9	8	0.0	0.105053458836	1	1	1	0
9	62	0.0	0.105053537672	1	1	6	5
9	0	0.0	0.105116440187	1	1	3	7
9	1	0.0	0.055137261045	1	1	1	2
9	10	0.0	0.105053714841	1	1	6	7
9	11	0.0	0.055137411729	1	1	3	0
9	12	0.0	0.055137091438	1	1	4	9
9	190	0.0	0.055137300963	1	1	3	7
9	14	0.0	0.105116281801	1	1	2	2
9	160	0.0	0.055137370813	1	1	4	4
9	22	0.0	0.105116540731	1	1	5	5
9	30	0.0	0.114272028908	1	1	4	0
9	191	0.0	0.055137395079	1	1	6	6
9	36	0.0	0.105116572813	1	1	5	2
9	42	0.0	0.116333775535	1	1	3	2
9	164	0.0	0.105053706749	1	1	3	4
9	49	0.0	0.105116120641	1	1	2	4
9	56	0.0	0.105053433585	1	1	0	6
9	57	0.0	0.105116442207	1	1	2	0
9	171	0.0	0.117345214126	1	1	4	1
9	66	0.0	0.055137107721	1	1	4	3
9	68	0.0	0.055137323708	1	1	3	1
9	176	0.0	0.055137424477	1	1	5	1
9	70	0.0	0.117345968526	1	1	1	2
9	72	0.0	0.105053699196	1	1	3	2
9	202	0.0	0.105116300094	1	1	3	5
9	78	0.0	0.105053367603	1	1	3	6
9	84	0.0	0.105116301429	1	1	4	13
9	179	0.0	0.055137488712	1	1	4	4
9	96	0.0	0.055137155151	1	1	3	7
9	103	0.0	0.116333690549	1	1	3	2
9	113	0.0	0.055136987415	1	1	3	3
9	122	0.0	0.105116643301	1	1	5	1
9	128	0.0	0.117345134784	1	1	3	1
9	139	0.0	0.115297034047	1	1	6	1
9	150	0.0	0.055137388681	1	1	3	7
