0	189	NA 	 NA 	0	0	0	0
0	202	NA 	 NA 	0	0	0	0
0	76	NA 	 NA 	0	0	0	0
0	46	NA 	 NA 	0	0	0	0
0	196	NA 	 NA 	0	0	0	0
0	240	NA 	 NA 	0	0	0	0
0	257	NA 	 NA 	0	0	0	0
0	168	NA 	 NA 	0	0	0	0
0	195	NA 	 NA 	0	0	0	0
0	283	0.0	0.055368542434	1	1	4	6
0	239	0.0	0.109732867207	1	1	9	3
0	114	0.0	0.055368986801	1	1	5	10
0	176	0.0	0.111206737156	1	1	6	0
0	133	0.0	0.115550708814	1	1	7	1
0	262	0.0	0.111192884976	1	1	6	3
0	303	0.0	0.110169070833	1	1	13	1
0	151	0.0	0.124723483633	1	1	4	0
0	243	0.0	0.11423317143	1	1	5	1
0	256	0.0	0.055368970694	1	1	6	6
0	185	0.0	0.119367935863	1	1	7	2
0	92	0.0	0.106072248394	1	1	7	3
0	42	0.0	0.113208274517	1	1	3	1
0	207	0.0	0.055368945121	1	1	8	6
0	154	0.0	0.055368597936	1	1	3	9
0	91	0.0	0.119354626518	1	1	4	0
0	59	0.0	0.115290977214	1	1	6	4
0	96	0.0	0.05536902665	1	1	6	7
0	252	0.0	0.108120528157	1	1	6	3
0	124	0.0	0.055368754883	1	1	5	12
0	299	0.0	0.055368628708	1	1	4	7
0	244	0.0	0.129409366741	1	1	3	0
0	209	0.0	0.109145240728	1	1	14	1
0	67	0.0	0.114233287617	1	1	6	0
0	130	0.0	0.110169094658	1	1	10	4
0	147	0.0	0.129409395399	1	1	4	1
0	85	0.0	0.119354692177	1	1	3	2
0	242	0.0	0.109144867584	1	1	11	4
0	65	0.0	0.108120381089	1	1	4	5
0	304	0.0	0.109732842768	1	1	3	3
0	36	0.0	0.108120394524	1	1	6	9
0	84	0.0	0.114233069112	1	1	3	0
0	89	0.0	0.110168888903	1	1	12	2
0	132	0.0	0.11936760329	1	1	10	5
0	100	0.0	0.05536891336	1	1	6	4
0	79	0.0	0.119354729686	1	1	2	3
0	87	0.0	0.055369140024	1	1	7	3
0	138	0.0	0.119354810495	1	1	4	3
0	214	0.0	0.055368999576	1	1	6	7
0	211	0.0	0.111206701032	1	1	7	2
0	261	0.0	0.116902290604	1	1	8	0
0	37	0.0	0.055368955423	1	1	6	5
0	13	0.0	0.117307194381	1	1	4	6
0	267	0.0	0.10973254297	1	1	6	5
0	18	0.0	0.108120440879	1	1	6	1
0	11	0.0	0.116902679215	1	1	6	0
0	192	0.0	0.11936761308	1	1	11	2
0	236	0.0	0.107096090786	1	1	5	3
0	246	0.0	0.116902171166	1	1	6	1
0	45	0.0	0.055368626913	1	1	6	8
0	293	0.0	0.116902203469	1	1	5	0
0	222	0.0	0.05536901877	1	1	6	4
0	155	0.0	0.108120348913	1	1	3	3
0	148	0.0	0.055368950738	1	1	5	6
0	275	0.0	0.11125836678	1	1	12	4
0	295	0.0	0.055368823057	1	1	6	6
0	164	0.0	0.116601518604	1	1	5	2
0	203	0.0	0.055368664488	1	1	3	9
0	194	0.0	0.121404136579	1	1	5	1
0	160	0.0	0.055368629339	1	1	3	13
0	150	0.0	0.129610300078	1	1	3	1
0	43	0.0	0.124723601272	1	1	5	1
0	174	0.0	0.13590288517	1	1	4	0
0	112	0.0	0.119354662551	1	1	4	2
0	206	0.0	0.109732462312	1	1	4	1
0	260	0.0	0.055369013218	1	1	7	6
0	38	0.0	0.112230383631	1	1	5	4
0	245	0.0	0.11936745798	1	1	10	0
0	75	0.0	0.108120374837	1	1	5	0
0	156	0.0	0.108120450178	1	1	11	2
0	78	0.0	0.055368754985	1	1	5	6
0	229	0.0	0.11935462197	1	1	4	2
0	248	0.0	0.106072149386	1	1	10	1
0	127	0.0	0.055368601925	1	1	4	10
0	188	0.0	0.11936760209	1	1	11	1
0	2	0.0	0.055369034376	1	1	8	7
0	298	0.0	0.1050476104	1	1	6	4
0	7	0.0	0.129408877123	1	1	4	0
0	20	0.0	0.119367924306	1	1	7	1
0	118	0.0	0.129409332374	1	1	5	1
0	97	0.0	0.114233524335	1	1	8	4
0	121	0.0	0.115550907001	1	1	3	0
0	41	0.0	0.108120297001	1	1	3	3
0	226	0.0	0.05536874723	1	1	6	7
0	93	0.0	0.112230240071	1	1	5	1
0	157	0.0	0.055368793277	1	1	6	7
0	140	0.0	0.126551703748	1	1	2	0
0	297	0.0	0.110168969798	1	1	10	4
0	291	0.0	0.129409460571	1	1	4	2
0	12	0.0	0.119355803993	1	1	4	0
0	68	0.0	0.055368778431	1	1	6	10
0	165	0.0	0.119355688363	1	1	5	2
0	110	0.0	0.119367641746	1	1	8	2
0	29	0.0	0.055369068226	1	1	6	7
0	3	0.0	0.108120536595	1	1	5	1
0	81	0.0	0.055368887295	1	1	7	9
0	278	0.0	0.110169267312	1	1	10	2
0	129	0.0	0.055368637816	1	1	4	13
0	90	0.0	0.130635666174	1	1	8	0
0	190	0.0	0.108120371694	1	1	6	9
0	235	0.0	0.110507073256	1	1	7	0
0	48	0.0	0.05536899259	1	1	5	7
0	173	0.0	0.110169148458	1	1	11	2
0	115	0.0	0.055368784706	1	1	6	8
0	274	0.0	0.055368750353	1	1	6	9
0	172	0.0	0.109144769324	1	1	4	6
0	287	0.0	0.119354813601	1	1	3	1
0	228	0.0	0.055368683977	1	1	5	9
0	145	0.0	0.124723590265	1	1	5	1
0	223	0.0	0.129409211451	1	1	4	2
0	52	0.0	0.116902689468	1	1	8	1
0	170	0.0	0.055368889204	1	1	7	6
0	8	0.0	0.055369022591	1	1	6	5
0	183	0.0	0.05536866421	1	1	5	8
0	94	0.0	0.128572994617	1	1	3	0
0	131	0.0	0.116902430107	1	1	6	0
0	71	0.0	0.105047569325	1	1	5	2
0	26	0.0	0.117307274711	1	1	4	2
0	307	NA 	 NA 	0	0	0	0
0	149	0.0	0.055368951304	1	1	5	11
0	233	0.0	0.119367902162	1	1	9	2
0	103	0.0	0.119510728632	1	1	7	1
0	181	0.0	0.119367536964	1	1	12	4
0	101	0.0	0.055368977183	1	1	2	3
0	49	0.0	0.055369038511	1	1	8	7
0	61	0.0	0.055368350055	1	1	1	10
0	4	0.0	0.055368952412	1	1	3	4
0	143	0.0	0.129409344979	1	1	4	1
0	105	0.0	0.105047559009	1	1	5	2
0	53	0.0	0.055368809771	1	1	6	11
0	44	0.0	0.11690275037	1	1	8	1
0	56	0.0	0.119510603391	1	1	8	1
0	66	0.0	0.11936747367	1	1	10	1
0	218	0.0	0.055369013795	1	1	7	4
0	178	0.0	0.128573406293	1	1	3	0
0	216	0.0	0.055368734396	1	1	6	8
0	144	0.0	0.055368666365	1	1	5	8
0	271	0.0	0.124723621846	1	1	5	0
0	221	0.0	0.116902621864	1	1	8	0
0	182	0.0	0.119367622044	1	1	10	4
0	167	0.0	0.055368579824	1	1	4	10
0	285	0.0	0.055369091635	1	1	6	4
0	186	0.0	0.05536905936	1	1	8	5
0	24	0.0	0.129408951624	1	1	3	0
0	250	0.0	0.108120340519	1	1	7	0
0	279	0.0	0.055368963746	1	1	6	5
0	166	0.0	0.055369032066	1	1	7	6
0	184	0.0	0.108120323526	1	1	7	2
0	273	0.0	0.124723169071	1	1	6	1
0	57	0.0	0.133034824742	1	1	6	0
0	212	0.0	0.055368675132	1	1	5	7
0	277	0.0	0.114233116266	1	1	5	2
0	213	0.0	0.108120381331	1	1	5	4
0	117	0.0	0.055368483346	1	1	4	10
0	302	0.0	0.055368753953	1	1	3	9
0	83	0.0	0.11423307357	1	1	5	2
0	225	0.0	0.055368944361	1	1	8	6
0	35	0.0	0.055368985803	1	1	4	6
0	123	0.0	0.055368740721	1	1	6	8
0	197	0.0	0.055369038821	1	1	6	7
0	180	0.0	0.055368998032	1	1	5	8
0	193	0.0	0.112230186927	1	1	5	1
0	54	0.0	0.108120403654	1	1	4	2
0	191	0.0	0.055368609823	1	1	5	9
0	111	0.0	0.055369120644	1	1	7	3
0	217	0.0	0.129409314269	1	1	4	0
0	120	0.0	0.10914501156	1	1	13	3
0	199	0.0	0.116902649553	1	1	8	1
0	136	0.0	0.05536878089	1	1	7	7
0	39	0.0	0.119367689214	1	1	9	4
0	28	0.0	0.055369130501	1	1	9	10
0	17	0.0	0.114233217316	1	1	6	2
0	177	0.0	0.055368628851	1	1	5	9
0	280	0.0	0.055369083157	1	1	8	5
0	306	NA 	 NA 	0	0	0	0
0	247	0.0	0.055369060432	1	1	7	7
0	104	0.0	0.055369046137	1	1	8	5
0	19	0.0	0.110169132927	1	1	10	3
0	227	0.0	0.116601721917	1	1	6	1
0	5	0.0	0.055369114533	1	1	8	5
0	69	0.0	0.108120374103	1	1	8	3
0	231	0.0	0.124723256072	1	1	6	1
0	205	0.0	0.110507185607	1	1	4	0
0	141	0.0	0.110169090748	1	1	13	4
0	74	0.0	0.107096211886	1	1	5	0
0	21	0.0	0.109732521041	1	1	6	5
0	224	0.0	0.055368302956	1	1	1	11
0	10	0.0	0.110169001521	1	1	8	1
0	159	0.0	0.055368620816	1	1	3	8
0	108	0.0	0.114233153513	1	1	6	4
0	64	0.0	0.111206848169	1	1	8	2
0	259	0.0	0.055369077511	1	1	6	5
0	106	0.0	0.116902097598	1	1	7	1
0	288	0.0	0.10973258146	1	1	3	2
0	107	0.0	0.12472362852	1	1	4	0
0	22	0.0	0.119367768905	1	1	9	0
0	230	0.0	0.110169198903	1	1	8	5
0	282	0.0	0.110168856546	1	1	12	0
0	179	0.0	0.121404459552	1	1	5	2
0	201	0.0	0.055368905586	1	1	4	8
0	135	0.0	0.055368824334	1	1	6	9
0	296	0.0	0.055369101377	1	1	7	5
0	139	0.0	0.11951065717	1	1	7	1
0	0	0.0	0.117307372124	1	1	5	2
0	1	0.0	0.055368887394	1	1	6	8
0	6	0.0	0.117307020566	1	1	3	0
0	9	0.0	0.129409241968	1	1	4	1
0	14	0.0	0.119367715943	1	1	8	4
0	15	0.0	0.055368672854	1	1	3	9
0	16	0.0	0.10812039749	1	1	7	8
0	215	0.0	0.055369121788	1	1	6	7
0	23	0.0	0.055368631777	1	1	5	8
0	25	0.0	0.108120474207	1	1	5	2
0	219	0.0	0.109145113054	1	1	10	0
0	27	0.0	0.120379667575	1	1	7	4
0	30	0.0	0.055368942597	1	1	7	4
0	220	0.0	0.055368630162	1	1	3	6
0	31	0.0	0.12940931698	1	1	5	1
0	32	0.0	0.117307229537	1	1	4	1
0	33	0.0	0.132010939896	1	1	6	0
0	34	0.0	0.110169106596	1	1	13	5
0	40	0.0	0.116601067005	1	1	4	0
0	300	0.0	0.108120303334	1	1	5	2
0	47	0.0	0.055368306294	1	1	1	11
0	50	0.0	0.055369049454	1	1	6	5
0	51	0.0	0.110169267554	1	1	6	5
0	55	0.0	0.055369117286	1	1	6	5
0	58	0.0	0.119355825503	1	1	5	2
0	60	0.0	0.115290648619	1	1	4	3
0	62	0.0	0.124723646497	1	1	4	0
0	63	0.0	0.116601391901	1	1	4	2
0	284	0.0	0.110169174143	1	1	6	1
0	70	0.0	0.130635663194	1	1	8	0
0	72	0.0	0.055368869035	1	1	6	6
0	232	0.0	0.055368641311	1	1	5	9
0	234	0.0	0.055368951458	1	1	2	8
0	73	0.0	0.128573477729	1	1	4	0
0	301	0.0	0.108120347188	1	1	6	5
0	77	0.0	0.108120299238	1	1	5	1
0	286	0.0	0.108120426359	1	1	4	0
0	237	0.0	0.115550719556	1	1	7	1
0	238	0.0	0.108120290896	1	1	6	1
0	80	0.0	0.128573460342	1	1	4	1
0	241	0.0	0.108120389328	1	1	8	0
0	82	0.0	0.055369038134	1	1	8	5
0	86	0.0	0.119367618506	1	1	11	2
0	249	0.0	0.130635753888	1	1	8	0
0	88	0.0	0.106072094525	1	1	6	1
0	251	0.0	0.1152903326	1	1	4	5
0	253	0.0	0.055368852175	1	1	6	5
0	254	0.0	0.116601723682	1	1	5	2
0	255	0.0	0.055369024382	1	1	3	10
0	95	0.0	0.111258334214	1	1	12	4
0	98	0.0	0.055368956052	1	1	7	6
0	305	0.0	0.055369033707	1	1	7	7
0	258	0.0	0.115290633162	1	1	4	0
0	99	0.0	0.108120528096	1	1	9	2
0	102	0.0	0.055368331135	1	1	0	0
0	109	0.0	0.124723446772	1	1	6	1
0	289	0.0	0.124723317923	1	1	6	1
0	113	0.0	0.129409305228	1	1	4	2
0	263	0.0	0.111192839162	1	1	6	5
0	290	0.0	0.117307221902	1	1	3	0
0	116	0.0	0.055368689665	1	1	3	12
0	264	0.0	0.055368664528	1	1	3	10
0	119	0.0	0.055368831487	1	1	5	9
0	265	0.0	0.121404253566	1	1	5	1
0	266	0.0	0.115290656875	1	1	5	3
0	122	0.0	0.119354782308	1	1	2	3
0	125	0.0	0.11429195072	1	1	6	0
0	292	0.0	0.05536864323	1	1	3	7
0	126	0.0	0.112230165297	1	1	7	4
0	128	0.0	0.055368657895	1	1	3	8
0	268	0.0	0.119367526941	1	1	11	2
0	294	0.0	0.130635713017	1	1	8	0
0	134	0.0	0.055368969832	1	1	7	8
0	269	0.0	0.129408881277	1	1	3	1
0	137	0.0	0.055368953795	1	1	4	6
0	270	0.0	0.055369102124	1	1	6	8
0	272	0.0	0.1294092725	1	1	4	1
0	142	0.0	0.108120277843	1	1	6	3
0	146	0.0	0.119354710946	1	1	3	0
0	152	0.0	0.055368699711	1	1	5	9
0	153	0.0	0.055368633332	1	1	6	5
0	158	0.0	0.119510554853	1	1	7	0
0	161	0.0	0.055368370933	1	1	1	10
0	162	0.0	0.055368805843	1	1	5	9
0	163	0.0	0.135903115371	1	1	4	0
0	169	0.0	0.108120304324	1	1	4	5
0	171	0.0	0.135903046405	1	1	3	0
0	276	0.0	0.108120438723	1	1	11	0
0	175	0.0	0.055368997065	1	1	3	4
0	187	0.0	0.129409428791	1	1	4	1
0	198	0.0	0.117307240932	1	1	4	2
0	200	0.0	0.115550724811	1	1	7	0
0	204	0.0	0.110169062232	1	1	15	5
0	281	0.0	0.108120389625	1	1	6	5
0	208	0.0	0.109144990955	1	1	6	1
0	210	0.0	0.116601054153	1	1	3	1
1	144	NA 	 NA 	0	0	0	0
1	153	NA 	 NA 	0	0	0	0
1	155	NA 	 NA 	0	0	0	0
1	23	NA 	 NA 	0	0	0	0
1	75	NA 	 NA 	0	0	0	0
1	122	NA 	 NA 	0	0	0	0
1	98	NA 	 NA 	0	0	0	0
1	187	NA 	 NA 	0	0	0	0
1	42	NA 	 NA 	0	0	0	0
1	208	NA 	 NA 	0	0	0	0
1	236	NA 	 NA 	0	0	0	0
1	38	0.0	0.055251053704	1	1	3	4
1	62	0.0	0.106079735263	1	1	2	8
1	89	0.0	0.055250701542	1	1	3	12
1	292	0.0	0.118283300537	1	1	5	4
1	216	0.0	0.121354387374	1	1	2	1
1	65	0.0	0.106080101153	1	1	3	4
1	52	0.0	0.118283277337	1	1	5	1
1	106	0.0	0.105118819034	1	1	3	3
1	215	0.0	0.055251193601	1	1	2	4
1	150	0.0	0.105074013912	1	1	6	10
1	142	0.0	0.106077907663	1	1	0	1
1	243	0.0	0.105053543986	1	1	5	0
1	161	0.0	0.055251012938	1	1	3	4
1	298	0.0	0.105053260297	1	1	6	2
1	176	0.0	0.106969417259	1	1	3	1
1	140	0.0	0.105053689614	1	1	10	7
1	13	0.0	0.105074362021	1	1	5	1
1	9	0.0	0.106079848251	1	1	5	3
1	101	0.0	0.108126891312	1	1	2	8
1	245	0.0	0.105074108628	1	1	5	3
1	28	0.0	0.055251212634	1	1	2	7
1	214	0.0	0.106969423855	1	1	4	1
1	30	0.0	0.105118477427	1	1	3	1
1	51	0.0	0.106969027535	1	1	7	5
1	135	0.0	0.055251040641	1	1	3	12
1	151	0.0	0.106080021049	1	1	8	1
1	145	0.0	0.105055464425	1	1	4	15
1	133	0.0	0.106077924557	1	1	7	2
1	204	0.0	0.055251162065	1	1	6	9
1	129	0.0	0.118283405545	1	1	8	0
1	222	0.0	0.114244938611	1	1	5	1
1	181	0.0	0.105118697512	1	1	3	0
1	43	0.0	0.055251151134	1	1	3	12
1	99	0.0	0.105055170842	1	1	3	4
1	71	0.0	0.106098415129	1	1	3	8
1	205	0.0	0.055250858048	1	1	6	1
1	158	0.0	0.055250663611	1	1	3	13
1	198	0.0	0.107102409783	1	1	4	3
1	282	0.0	0.055251222636	1	1	4	10
1	263	0.0	0.118283314823	1	1	4	3
1	206	0.0	0.105118469759	1	1	3	8
1	113	0.0	0.055250776019	1	1	3	13
1	139	0.0	0.120332164609	1	1	1	3
1	210	0.0	0.105053376016	1	1	8	5
1	225	0.0	0.055251044641	1	1	8	8
1	134	0.0	0.121354485325	1	1	3	2
1	177	0.0	0.05525070643	1	1	1	4
1	143	0.0	0.118269348279	1	1	1	0
1	2	0.0	0.106098780835	1	1	6	4
1	223	0.0	0.105073856869	1	1	5	3
1	26	0.0	0.10511872822	1	1	2	1
1	41	0.0	0.118283091334	1	1	4	0
1	157	0.0	0.055251042171	1	1	1	3
1	274	0.0	0.120331948247	1	1	2	2
1	227	0.0	0.121354373624	1	1	2	0
1	184	0.0	0.121354581256	1	1	2	2
1	92	0.0	0.105118695303	1	1	4	2
1	218	0.0	0.114172281736	1	1	1	0
1	120	0.0	0.105074193364	1	1	5	1
1	232	0.0	0.106080183502	1	1	2	7
1	166	0.0	0.055251172864	1	1	3	9
1	185	0.0	0.055250550882	1	1	2	5
1	191	0.0	0.055251216476	1	1	2	9
1	31	0.0	0.105074032426	1	1	5	8
1	5	0.0	0.10507387818	1	1	3	0
1	230	0.0	0.105055353328	1	1	4	5
1	148	0.0	0.05525110499	1	1	7	9
1	302	0.0	0.11828367073	1	1	4	2
1	237	0.0	0.105074226618	1	1	4	5
1	56	0.0	0.055250832957	1	1	4	0
1	90	0.0	0.105053339748	1	1	8	5
1	212	0.0	0.055251157399	1	1	4	6
1	229	0.0	0.055251170889	1	1	2	4
1	53	0.0	0.055250778018	1	1	3	0
1	96	0.0	0.106079634435	1	1	1	0
1	146	0.0	0.10505355387	1	1	6	9
1	0	0.0	0.105055005485	1	1	3	14
1	114	0.0	0.118283392793	1	1	4	2
1	190	0.0	0.055251136206	1	1	6	7
1	40	0.0	0.055251039979	1	1	3	9
1	268	0.0	0.055250704733	1	1	4	7
1	149	0.0	0.105055228083	1	1	3	3
1	21	0.0	0.055251135392	1	1	4	10
1	118	0.0	0.106079872608	1	1	2	11
1	12	0.0	0.055251234404	1	1	4	13
1	167	0.0	0.055251036225	1	1	4	13
1	95	0.0	0.118283071636	1	1	5	2
1	246	0.0	0.055251177719	1	1	5	11
1	46	0.0	0.055250800418	1	1	2	6
1	103	0.0	0.055250728494	1	1	1	13
1	130	0.0	0.055250716057	1	1	7	16
1	11	0.0	0.055250831457	1	1	4	8
1	54	0.0	0.055251175417	1	1	5	8
1	175	0.0	0.055251113259	1	1	4	2
1	183	0.0	0.105053563547	1	1	3	3
1	36	0.0	0.105074003427	1	1	6	2
1	249	0.0	0.10505534815	1	1	3	15
1	6	0.0	0.055250992758	1	1	2	4
1	261	0.0	0.121354035827	1	1	2	3
1	73	0.0	0.055250427052	1	1	0	6
1	25	0.0	0.105053382238	1	1	8	8
1	259	0.0	0.107102551541	1	1	7	1
1	80	0.0	0.120332068977	1	1	4	3
1	85	0.0	0.121354353649	1	1	2	2
1	277	0.0	0.105055488337	1	1	4	9
1	289	0.0	0.106098703117	1	1	3	3
1	234	0.0	0.055251092519	1	1	2	13
1	256	0.0	0.055251099358	1	1	3	10
1	123	0.0	0.105074233543	1	1	6	2
1	16	0.0	0.117244161838	1	1	3	0
1	233	0.0	0.105073897739	1	1	6	3
1	213	0.0	0.105055002534	1	1	2	5
1	29	0.0	0.105055333866	1	1	3	0
1	69	0.0	0.118283382977	1	1	8	0
1	131	0.0	0.10505356038	1	1	6	5
1	178	0.0	0.108126829576	1	1	5	2
1	219	0.0	0.055250724272	1	1	6	6
1	78	0.0	0.106079823453	1	1	3	5
1	160	0.0	0.055250942393	1	1	8	15
1	119	0.0	0.055251053271	1	1	6	14
1	226	0.0	0.055250650636	1	1	3	13
1	255	0.0	0.105074211732	1	1	6	1
1	94	0.0	0.105055501367	1	1	4	3
1	265	0.0	0.055250717106	1	1	4	8
1	107	0.0	0.106080056515	1	1	5	0
1	231	0.0	0.10511835704	1	1	2	1
1	37	0.0	0.055250959205	1	1	4	14
1	262	0.0	0.055251130962	1	1	4	0
1	203	0.0	0.120332110494	1	1	1	1
1	67	0.0	0.121354490967	1	1	2	3
1	110	0.0	0.055251068345	1	1	7	12
1	301	0.0	0.105118361571	1	1	4	9
1	251	0.0	0.106079680237	1	1	4	3
1	15	0.0	0.05525113949	1	1	3	13
1	108	0.0	0.106079668116	1	1	3	3
1	260	0.0	0.105073873321	1	1	6	1
1	186	0.0	0.118283694749	1	1	4	3
1	173	0.0	0.055251198073	1	1	2	3
1	93	0.0	0.107102217218	1	1	6	2
1	179	0.0	0.055250693663	1	1	4	8
1	128	0.0	0.055250972294	1	1	2	1
1	20	0.0	0.105118374963	1	1	3	5
1	63	0.0	0.106079659999	1	1	3	3
1	267	0.0	0.105054987452	1	1	3	14
1	239	0.0	0.105053545195	1	1	6	6
1	162	0.0	0.120332094067	1	1	4	0
1	300	0.0	0.055251136268	1	1	2	6
1	278	0.0	0.05525083709	1	1	3	4
1	271	0.0	0.105055097268	1	1	2	15
1	279	0.0	0.055251017925	1	1	2	4
1	68	0.0	0.10507393561	1	1	4	2
1	299	0.0	0.055251133581	1	1	6	11
1	1	0.0	0.055251074603	1	1	5	2
1	288	0.0	0.105055457813	1	1	4	15
1	47	0.0	0.055250784166	1	1	4	5
1	257	0.0	0.055251182037	1	1	4	13
1	269	0.0	0.105118511223	1	1	4	3
1	165	0.0	0.055251169526	1	1	4	3
1	64	0.0	0.121354416713	1	1	2	2
1	182	0.0	0.055251100114	1	1	6	13
1	201	0.0	0.055251115902	1	1	4	0
1	82	0.0	0.106098581125	1	1	4	3
1	44	0.0	0.105053648766	1	1	9	1
1	156	0.0	0.105118190417	1	1	3	1
1	84	0.0	0.121354509851	1	1	2	0
1	163	0.0	0.105055325429	1	1	4	13
1	81	0.0	0.105055430766	1	1	5	2
1	171	0.0	0.105074365844	1	1	6	2
1	87	0.0	0.105053338709	1	1	8	8
1	8	0.0	0.118283357273	1	1	4	0
1	303	0.0	0.117246108523	1	1	5	2
1	304	0.0	0.120332104867	1	1	3	2
1	211	0.0	0.10511845038	1	1	4	5
1	24	0.0	0.055251066423	1	1	2	12
1	224	0.0	0.107102259479	1	1	6	4
1	275	0.0	0.121354569324	1	1	2	0
1	247	0.0	0.121353952834	1	1	3	3
1	159	0.0	0.055250855353	1	1	5	6
1	76	0.0	0.055251059643	1	1	7	3
1	258	0.0	0.107102237271	1	1	7	6
1	18	0.0	0.121354247341	1	1	2	3
1	58	0.0	0.055250679736	1	1	3	5
1	294	0.0	0.118283246035	1	1	4	1
1	296	0.0	0.106079852693	1	1	2	9
1	27	0.0	0.120332046966	1	1	2	1
1	253	0.0	0.105055417227	1	1	4	2
1	264	0.0	0.105055428376	1	1	2	11
1	74	0.0	0.055250734518	1	1	5	16
1	83	0.0	0.05525043915	1	1	0	7
1	121	0.0	0.055251168176	1	1	2	11
1	238	0.0	0.106080182232	1	1	5	2
1	147	0.0	0.107102292383	1	1	5	3
1	196	0.0	0.105053653326	1	1	5	6
1	3	0.0	0.106080002031	1	1	3	0
1	4	0.0	0.105118475405	1	1	1	0
1	197	0.0	0.055251104102	1	1	4	3
1	7	0.0	0.106098582196	1	1	4	5
1	10	0.0	0.055251086691	1	1	1	5
1	199	0.0	0.055250557939	1	1	1	13
1	14	0.0	0.055250732388	1	1	1	17
1	17	0.0	0.10511853052	1	1	5	3
1	19	0.0	0.055251050568	1	1	6	15
1	22	0.0	0.115727226514	1	1	2	1
1	32	0.0	0.105118500459	1	1	2	3
1	33	0.0	0.055251148324	1	1	3	6
1	34	0.0	0.106078114106	1	1	5	5
1	35	0.0	0.105055173303	1	1	3	16
1	39	0.0	0.055250851231	1	1	4	16
1	200	0.0	0.105118560374	1	1	4	1
1	202	0.0	0.055250849238	1	1	2	16
1	45	0.0	0.106077861395	1	1	9	3
1	48	0.0	0.105118718929	1	1	2	0
1	49	0.0	0.105053542975	1	1	5	0
1	50	0.0	0.121354389673	1	1	2	3
1	55	0.0	0.055251018676	1	1	4	6
1	57	0.0	0.105073858594	1	1	4	5
1	59	0.0	0.11826863067	1	1	3	0
1	207	0.0	0.055251183528	1	1	3	6
1	60	0.0	0.055251061927	1	1	5	5
1	209	0.0	0.055250809967	1	1	4	5
1	61	0.0	0.055250584319	1	1	1	13
1	66	0.0	0.105074195019	1	1	3	0
1	70	0.0	0.118283243862	1	1	4	0
1	72	0.0	0.106098600587	1	1	6	2
1	194	0.0	0.106079864964	1	1	3	10
1	272	0.0	0.055250609334	1	1	1	17
1	270	0.0	0.106079944947	1	1	4	3
1	77	0.0	0.118283400498	1	1	8	0
1	79	0.0	0.10511836721	1	1	2	1
1	217	0.0	0.106077887593	1	1	7	2
1	86	0.0	0.118283075188	1	1	4	1
1	220	0.0	0.055251038109	1	1	4	6
1	88	0.0	0.055250913237	1	1	2	16
1	221	0.0	0.120331918663	1	1	2	3
1	91	0.0	0.118268620954	1	1	3	0
1	97	0.0	0.10607967806	1	1	2	2
1	228	0.0	0.05525122525	1	1	2	7
1	295	0.0	0.118283128466	1	1	4	0
1	100	0.0	0.105073936975	1	1	6	4
1	102	0.0	0.121354442165	1	1	1	0
1	273	0.0	0.055251117797	1	1	2	4
1	104	0.0	0.105074239331	1	1	7	6
1	105	0.0	0.055250933218	1	1	3	7
1	276	0.0	0.120331937368	1	1	3	2
1	109	0.0	0.055251130202	1	1	3	5
1	235	0.0	0.105074318335	1	1	4	4
1	195	0.0	0.055251060328	1	1	7	10
1	111	0.0	0.121354094453	1	1	2	3
1	112	0.0	0.105118526534	1	1	3	9
1	240	0.0	0.113677876214	1	1	6	1
1	280	0.0	0.055250726106	1	1	6	3
1	115	0.0	0.055251213176	1	1	3	3
1	116	0.0	0.055250811055	1	1	6	14
1	117	0.0	0.05525104294	1	1	4	9
1	241	0.0	0.105118554417	1	1	3	1
1	281	0.0	0.055251231193	1	1	6	5
1	242	0.0	0.105055219756	1	1	3	5
1	244	0.0	0.118283521847	1	1	4	1
1	248	0.0	0.105073703802	1	1	4	1
1	283	0.0	0.106077773373	1	1	2	4
1	250	0.0	0.105118348541	1	1	4	4
1	284	0.0	0.105055321264	1	1	3	15
1	124	0.0	0.118268803369	1	1	3	2
1	285	0.0	0.105073783588	1	1	5	3
1	286	0.0	0.107102167985	1	1	9	5
1	287	0.0	0.106098719129	1	1	6	0
1	252	0.0	0.107102486429	1	1	9	4
1	254	0.0	0.121354532445	1	1	1	3
1	125	0.0	0.105074012128	1	1	7	1
1	126	0.0	0.105053710115	1	1	4	1
1	127	0.0	0.105074193648	1	1	3	4
1	290	0.0	0.105053548639	1	1	7	6
1	132	0.0	0.055251239524	1	1	2	8
1	136	0.0	0.105118404896	1	1	3	2
1	137	0.0	0.055250634351	1	1	1	5
1	138	0.0	0.107102519538	1	1	9	2
1	141	0.0	0.05525057805	1	1	5	11
1	152	0.0	0.113677716664	1	1	5	0
1	297	0.0	0.055251070783	1	1	7	7
1	154	0.0	0.121354570659	1	1	2	4
1	291	0.0	0.055251143215	1	1	4	3
1	164	0.0	0.05525121801	1	1	3	0
1	293	0.0	0.10607967939	1	1	4	2
1	168	0.0	0.055251049118	1	1	7	10
1	169	0.0	0.10511842536	1	1	3	3
1	170	0.0	0.055251144522	1	1	3	7
1	266	0.0	0.107102147973	1	1	10	5
1	172	0.0	0.105118396176	1	1	3	2
1	174	0.0	0.05525113919	1	1	6	4
1	180	0.0	0.105055165284	1	1	3	13
1	188	0.0	0.118283296789	1	1	5	1
1	189	0.0	0.055251142849	1	1	3	9
1	192	0.0	0.05525115608	1	1	5	11
1	193	0.0	0.118283328784	1	1	8	3
2	37	NA 	 NA 	0	0	0	0
2	67	NA 	 NA 	0	0	0	0
2	137	NA 	 NA 	0	0	0	0
2	256	NA 	 NA 	0	0	0	0
2	273	NA 	 NA 	0	0	0	0
2	197	NA 	 NA 	0	0	0	0
2	45	NA 	 NA 	0	0	0	0
2	188	NA 	 NA 	0	0	0	0
2	127	NA 	 NA 	0	0	0	0
2	77	NA 	 NA 	0	0	0	0
2	7	NA 	 NA 	0	0	0	0
2	95	NA 	 NA 	0	0	0	0
2	260	0.0	0.132322063873	1	1	3	1
2	169	0.0	0.116931658218	1	1	6	5
2	182	0.0	0.11181311718	1	1	12	2
2	71	0.0	0.113234450171	1	1	4	2
2	83	0.0	0.115907067286	1	1	10	3
2	153	0.0	0.055310961495	1	1	2	8
2	126	0.0	0.116263441407	1	1	1	3
2	48	0.0	0.106067593938	1	1	5	2
2	79	0.0	0.105027483024	1	1	4	6
2	173	0.0	0.115907138016	1	1	7	0
2	108	0.0	0.113234975012	1	1	4	0
2	115	0.0	0.105027567342	1	1	2	4
2	281	0.0	0.105027396229	1	1	2	7
2	276	0.0	0.105043375049	1	1	6	2
2	133	0.0	0.05531078218	1	1	4	10
2	275	0.0	0.111813325464	1	1	4	2
2	78	0.0	0.106509747713	1	1	2	2
2	242	0.0	0.118980436894	1	1	4	5
2	81	0.0	0.055311131901	1	1	4	5
2	283	0.0	0.055310868807	1	1	3	6
2	211	0.0	0.113234422644	1	1	5	1
2	172	0.0	0.113212724024	1	1	1	0
2	52	0.0	0.123090806193	1	1	3	0
2	263	0.0	0.113234618049	1	1	5	2
2	193	0.0	0.055310989436	1	1	5	8
2	288	0.0	0.105043367878	1	1	5	0
2	59	0.0	0.112833767515	1	1	5	4
2	41	0.0	0.120225583941	1	1	2	3
2	98	0.0	0.105043095965	1	1	2	2
2	208	0.0	0.055311143106	1	1	3	0
2	266	0.0	0.055310654487	1	1	2	12
2	297	0.0	0.055310662519	1	1	1	11
2	58	0.0	0.116262908849	1	1	4	5
2	299	0.0	0.111813093991	1	1	7	2
2	159	0.0	0.112197164569	1	1	2	0
2	271	0.0	0.112197597067	1	1	5	1
2	29	0.0	0.105027539463	1	1	3	5
2	31	0.0	0.055311043529	1	1	2	7
2	85	0.0	0.106510061888	1	1	6	2
2	279	0.0	0.116931525366	1	1	5	3
2	179	0.0	0.113234520834	1	1	4	1
2	66	0.0	0.110148485099	1	1	8	3
2	222	0.0	0.105043444512	1	1	5	5
2	80	0.0	0.055311101988	1	1	4	13
2	304	0.0	0.055310738556	1	1	5	6
2	248	0.0	0.055310832891	1	1	3	7
2	166	0.0	0.131284648157	1	1	4	1
2	148	0.0	0.105043359248	1	1	4	4
2	104	0.0	0.055310494023	1	1	3	13
2	233	0.0	0.116931540309	1	1	6	2
2	213	0.0	0.120225615786	1	1	1	3
2	217	0.0	0.055310987547	1	1	5	3
2	186	0.0	0.105027291411	1	1	2	1
2	74	0.0	0.105027477073	1	1	5	5
2	144	0.0	0.113234638949	1	1	5	2
2	36	0.0	0.055310595457	1	1	1	7
2	286	0.0	0.115278038187	1	1	2	3
2	171	0.0	0.113234432136	1	1	3	2
2	138	0.0	0.106510067761	1	1	2	1
2	224	0.0	0.05531096462	1	1	4	3
2	111	0.0	0.055311000358	1	1	0	1
2	51	0.0	0.05531046288	1	1	2	14
2	146	0.0	0.055310631089	1	1	1	13
2	90	0.0	0.05531083377	1	1	4	7
2	151	0.0	0.113234542822	1	1	4	1
2	13	0.0	0.105027505737	1	1	2	5
2	1	0.0	0.113212436345	1	1	2	3
2	269	0.0	0.055310776779	1	1	0	11
2	101	0.0	0.055310667754	1	1	2	11
2	129	0.0	0.055310679942	1	1	1	12
2	245	0.0	0.118980297426	1	1	4	4
2	177	0.0	0.055310884758	1	1	4	5
2	114	0.0	0.055310817892	1	1	4	9
2	202	0.0	0.110148394839	1	1	9	7
2	136	0.0	0.113234437914	1	1	4	2
2	152	0.0	0.105042977333	1	1	1	2
2	201	0.0	0.118980018573	1	1	6	2
2	91	0.0	0.106793234708	1	1	5	3
2	131	0.0	0.055310453377	1	1	0	6
2	20	0.0	0.055311022167	1	1	2	12
2	5	0.0	0.106067632801	1	1	3	2
2	65	0.0	0.105027347527	1	1	3	1
2	280	0.0	0.055310605664	1	1	1	11
2	212	0.0	0.12414117435	1	1	2	0
2	162	0.0	0.113212133644	1	1	4	0
2	227	0.0	0.055310865424	1	1	1	13
2	284	0.0	0.105043336534	1	1	4	10
2	11	0.0	0.055311005664	1	1	5	1
2	150	0.0	0.11897990772	1	1	3	6
2	63	0.0	0.124115193935	1	1	4	0
2	206	0.0	0.112197269333	1	1	3	0
2	47	0.0	0.113212251402	1	1	4	1
2	30	0.0	0.055310930683	1	1	3	9
2	221	0.0	0.05531037033	1	1	1	14
2	196	0.0	0.105027623454	1	1	5	5
2	139	0.0	0.116263262239	1	1	3	1
2	204	0.0	0.113234660352	1	1	4	0
2	88	0.0	0.10511650219	1	1	6	0
2	60	0.0	0.055311090345	1	1	3	1
2	145	0.0	0.132322193603	1	1	2	0
2	265	0.0	0.055310839047	1	1	2	9
2	250	0.0	0.118979936978	1	1	4	2
2	130	0.0	0.105027346423	1	1	3	2
2	84	0.0	0.055310740167	1	1	4	14
2	190	0.0	0.105027209168	1	1	5	3
2	155	0.0	0.119336266885	1	1	4	0
2	267	0.0	0.055310770934	1	1	3	12
2	239	0.0	0.055311083146	1	1	4	7
2	214	0.0	0.055310626669	1	1	2	11
2	4	0.0	0.118979943523	1	1	6	1
2	223	0.0	0.105027652813	1	1	4	2
2	174	0.0	0.113234875909	1	1	5	2
2	291	0.0	0.118980014544	1	1	5	4
2	109	0.0	0.055311166449	1	1	2	9
2	140	0.0	0.116931484774	1	1	6	4
2	27	0.0	0.105027477581	1	1	3	6
2	142	0.0	0.1132119733	1	1	4	1
2	132	0.0	0.105027443937	1	1	4	5
2	125	0.0	0.055310714374	1	1	1	12
2	272	0.0	0.055311039587	1	1	3	8
2	19	0.0	0.055310773599	1	1	3	7
2	194	0.0	0.105027647521	1	1	5	6
2	54	0.0	0.118980256608	1	1	2	5
2	209	0.0	0.105027451811	1	1	4	4
2	24	0.0	0.055311008928	1	1	4	1
2	92	0.0	0.110148240937	1	1	5	4
2	120	0.0	0.11323495562	1	1	5	3
2	270	0.0	0.126177221687	1	1	4	4
2	55	0.0	0.055311137784	1	1	4	5
2	251	0.0	0.055310725124	1	1	4	12
2	285	0.0	0.055310814242	1	1	3	6
2	178	0.0	0.106509713956	1	1	4	3
2	295	0.0	0.113212245054	1	1	6	2
2	3	0.0	0.0553105769	1	1	4	13
2	15	0.0	0.111812748155	1	1	8	4
2	64	0.0	0.118320668605	1	1	2	0
2	203	0.0	0.110148417706	1	1	5	4
2	156	0.0	0.055310945111	1	1	5	11
2	44	0.0	0.132322078254	1	1	3	2
2	268	0.0	0.055310350253	1	1	1	12
2	230	0.0	0.109124679595	1	1	8	4
2	187	0.0	0.055310340375	1	1	1	12
2	110	0.0	0.118980254853	1	1	5	5
2	241	0.0	0.110148383155	1	1	8	2
2	35	0.0	0.105027199254	1	1	2	6
2	99	0.0	0.132322021196	1	1	4	1
2	195	0.0	0.055310967546	1	1	3	6
2	161	0.0	0.055311083484	1	1	5	3
2	122	0.0	0.055310844612	1	1	2	8
2	93	0.0	0.113234578681	1	1	3	0
2	287	0.0	0.113234263958	1	1	1	0
2	225	0.0	0.111813169844	1	1	8	7
2	226	0.0	0.05531109766	1	1	4	10
2	234	0.0	0.055311007394	1	1	2	8
2	232	0.0	0.124141154837	1	1	2	1
2	175	0.0	0.132322147323	1	1	2	0
2	89	0.0	0.055310780593	1	1	6	6
2	261	0.0	0.110148344038	1	1	6	2
2	254	0.0	0.105027304215	1	1	3	9
2	255	0.0	0.124141620739	1	1	3	0
2	243	0.0	0.055311164214	1	1	4	2
2	68	0.0	0.105027144465	1	1	5	5
2	154	0.0	0.055310937686	1	1	3	9
2	26	0.0	0.055311181916	1	1	4	5
2	141	0.0	0.118980305194	1	1	3	3
2	107	0.0	0.118980220028	1	1	5	4
2	50	0.0	0.116931514151	1	1	7	3
2	157	0.0	0.11283378145	1	1	4	2
2	57	0.0	0.055310692622	1	1	4	5
2	237	0.0	0.124141452247	1	1	5	2
2	247	0.0	0.105027668558	1	1	6	2
2	123	0.0	0.055311058595	1	1	2	5
2	75	0.0	0.055311004211	1	1	5	3
2	191	0.0	0.12414135566	1	1	5	1
2	176	0.0	0.113212050188	1	1	4	2
2	210	0.0	0.116931500818	1	1	6	6
2	294	0.0	0.131284811689	1	1	4	1
2	18	0.0	0.105027504252	1	1	3	5
2	113	0.0	0.118980324672	1	1	3	4
2	22	0.0	0.055310642037	1	1	1	10
2	82	0.0	0.055311115314	1	1	6	6
2	300	0.0	0.118992753046	1	1	7	0
2	100	0.0	0.110148417004	1	1	9	7
2	143	0.0	0.111813060211	1	1	11	1
2	228	0.0	0.055310926756	1	1	4	16
2	73	0.0	0.055310521845	1	1	1	6
2	97	0.0	0.131284644471	1	1	3	0
2	76	0.0	0.110148512762	1	1	3	3
2	262	0.0	0.109673686306	1	1	5	3
2	112	0.0	0.055310811322	1	1	4	4
2	0	0.0	0.055310708704	1	1	3	5
2	2	0.0	0.124141514986	1	1	2	1
2	6	0.0	0.105027684083	1	1	6	4
2	8	0.0	0.055310675109	1	1	0	10
2	303	0.0	0.055311051607	1	1	4	12
2	198	0.0	0.1183203947	1	1	3	1
2	9	0.0	0.105043416738	1	1	3	0
2	10	0.0	0.105027534192	1	1	3	7
2	199	0.0	0.105043359976	1	1	5	4
2	12	0.0	0.113234434456	1	1	4	1
2	200	0.0	0.113234900985	1	1	5	2
2	14	0.0	0.111812773178	1	1	8	1
2	16	0.0	0.055311044141	1	1	4	12
2	17	0.0	0.055311007276	1	1	2	9
2	21	0.0	0.113212668753	1	1	2	1
2	23	0.0	0.110148143157	1	1	6	3
2	274	0.0	0.055310375087	1	1	1	12
2	25	0.0	0.111812790895	1	1	5	4
2	28	0.0	0.055311048314	1	1	6	13
2	205	0.0	0.113234959439	1	1	5	2
2	32	0.0	0.110148513446	1	1	4	4
2	33	0.0	0.055311117623	1	1	6	4
2	34	0.0	0.118979986498	1	1	6	2
2	207	0.0	0.109943985814	1	1	4	4
2	293	0.0	0.111813145988	1	1	7	5
2	38	0.0	0.132322366714	1	1	4	0
2	39	0.0	0.05531114099	1	1	2	0
2	40	0.0	0.132322124284	1	1	4	2
2	42	0.0	0.11014839813	1	1	9	4
2	43	0.0	0.105027155062	1	1	5	5
2	46	0.0	0.055311109762	1	1	4	10
2	49	0.0	0.055310679588	1	1	3	9
2	277	0.0	0.1082022399	1	1	5	0
2	215	0.0	0.055310986335	1	1	2	9
2	216	0.0	0.116931579487	1	1	4	0
2	278	0.0	0.113858340709	1	1	7	0
2	53	0.0	0.055310985387	1	1	3	8
2	218	0.0	0.106509615882	1	1	2	10
2	56	0.0	0.123090821277	1	1	5	2
2	296	0.0	0.118980394862	1	1	4	4
2	219	0.0	0.125139239579	1	1	5	2
2	220	0.0	0.132321958873	1	1	2	0
2	61	0.0	0.055310817352	1	1	2	9
2	62	0.0	0.055310998052	1	1	4	0
2	69	0.0	0.105027414616	1	1	2	3
2	70	0.0	0.055311086188	1	1	4	4
2	72	0.0	0.120225573043	1	1	2	3
2	229	0.0	0.105027533134	1	1	4	6
2	231	0.0	0.055311095029	1	1	4	8
2	86	0.0	0.118980159295	1	1	2	4
2	87	0.0	0.106510114116	1	1	2	0
2	235	0.0	0.132321868966	1	1	3	1
2	236	0.0	0.118980422361	1	1	1	0
2	238	0.0	0.105027618477	1	1	4	1
2	94	0.0	0.055311105422	1	1	4	13
2	282	0.0	0.105027588284	1	1	3	1
2	240	0.0	0.118979954369	1	1	6	4
2	96	0.0	0.055310764151	1	1	5	5
2	244	0.0	0.055310670965	1	1	3	6
2	102	0.0	0.105027309383	1	1	4	1
2	103	0.0	0.107547247135	1	1	4	4
2	105	0.0	0.055310663844	1	1	2	6
2	106	0.0	0.106067628594	1	1	6	3
2	246	0.0	0.116931580356	1	1	6	2
2	249	0.0	0.055310662762	1	1	4	7
2	252	0.0	0.118980193036	1	1	5	5
2	253	0.0	0.10651004915	1	1	3	6
2	116	0.0	0.118980043311	1	1	2	0
2	117	0.0	0.055311092864	1	1	5	5
2	257	0.0	0.124141598904	1	1	2	0
2	118	0.0	0.110148448486	1	1	9	4
2	119	0.0	0.123090438946	1	1	8	0
2	258	0.0	0.111812723134	1	1	7	2
2	259	0.0	0.113212240099	1	1	5	1
2	121	0.0	0.05531044808	1	1	1	7
2	289	0.0	0.113234634042	1	1	4	1
2	124	0.0	0.055310718396	1	1	0	2
2	301	0.0	0.116931511315	1	1	5	2
2	290	0.0	0.055311054127	1	1	2	7
2	264	0.0	0.055310904843	1	1	4	10
2	128	0.0	0.109674060297	1	1	7	1
2	134	0.0	0.105027601122	1	1	5	6
2	135	0.0	0.106509782354	1	1	2	4
2	298	0.0	0.055311072252	1	1	4	5
2	147	0.0	0.110148429338	1	1	4	1
2	149	0.0	0.106067581077	1	1	5	1
2	158	0.0	0.055310400082	1	1	1	12
2	160	0.0	0.109943207723	1	1	4	0
2	163	0.0	0.055311077675	1	1	3	8
2	164	0.0	0.055311117625	1	1	2	4
2	165	0.0	0.105027357786	1	1	3	3
2	167	0.0	0.105043028922	1	1	4	12
2	168	0.0	0.113234737941	1	1	5	2
2	170	0.0	0.118980160791	1	1	5	4
2	180	0.0	0.13232231681	1	1	4	1
2	181	0.0	0.055310665693	1	1	4	12
2	183	0.0	0.110148344168	1	1	6	2
2	302	0.0	0.118979933254	1	1	6	1
2	184	0.0	0.124141357896	1	1	2	1
2	185	0.0	0.109124698115	1	1	8	0
2	292	0.0	0.132322038622	1	1	3	2
2	189	0.0	0.118980411082	1	1	3	3
2	192	0.0	0.055310987927	1	1	1	11
3	59	NA 	 NA 	0	0	0	0
3	134	NA 	 NA 	0	0	0	0
3	4	NA 	 NA 	0	0	0	0
3	50	NA 	 NA 	0	0	0	0
3	15	NA 	 NA 	0	0	0	0
3	219	NA 	 NA 	0	0	0	0
3	274	NA 	 NA 	0	0	0	0
3	86	NA 	 NA 	0	0	0	0
3	147	NA 	 NA 	0	0	0	0
3	90	NA 	 NA 	0	0	0	0
3	198	NA 	 NA 	0	0	0	0
3	110	NA 	 NA 	0	0	0	0
3	129	NA 	 NA 	0	0	0	0
3	126	0.0	0.105031534458	1	1	3	4
3	300	0.0	0.117817541615	1	1	2	3
3	85	0.0	0.055181167447	1	1	4	2
3	215	0.0	0.122223813334	1	1	3	2
3	67	0.0	0.107574780879	1	1	9	4
3	40	0.0	0.055181235994	1	1	5	10
3	237	0.0	0.055180799324	1	1	8	11
3	76	0.0	0.120643206359	1	1	5	0
3	117	0.0	0.107574720808	1	1	8	2
3	1	0.0	0.108104317229	1	1	1	3
3	163	0.0	0.055180639714	1	1	4	7
3	10	0.0	0.107574391592	1	1	11	1
3	81	0.0	0.113251434879	1	1	3	0
3	179	0.0	0.113250852112	1	1	4	1
3	35	0.0	0.055180828262	1	1	2	8
3	100	0.0	0.126142670366	1	1	5	0
3	97	0.0	0.106056129285	1	1	7	4
3	294	0.0	0.131381085087	1	1	2	0
3	125	0.0	0.05518118438	1	1	6	5
3	176	0.0	0.055181304888	1	1	5	2
3	252	0.0	0.11325104903	1	1	5	3
3	290	0.0	0.107080248724	1	1	4	1
3	263	0.0	0.106056211123	1	1	9	3
3	56	0.0	0.055180983339	1	1	7	9
3	188	0.0	0.124544437767	1	1	8	3
3	41	0.0	0.055180976106	1	1	5	9
3	71	0.0	0.106055977377	1	1	7	6
3	9	0.0	0.11325144182	1	1	4	0
3	128	0.0	0.116350015698	1	1	2	0
3	258	0.0	0.106056092381	1	1	7	1
3	37	0.0	0.116012568619	1	1	13	0
3	272	0.0	0.106056167356	1	1	4	4
3	226	0.0	0.119825440398	1	1	2	2
3	109	0.0	0.055180511971	1	1	2	11
3	79	0.0	0.1050315209	1	1	4	4
3	171	0.0	0.118867806311	1	1	7	1
3	279	0.0	0.128204202977	1	1	5	0
3	249	0.0	0.107574349078	1	1	7	5
3	44	0.0	0.107080210837	1	1	4	1
3	244	0.0	0.105106169475	1	1	13	2
3	182	0.0	0.106056017529	1	1	8	8
3	213	0.0	0.10707995101	1	1	5	6
3	173	0.0	0.107574328619	1	1	11	3
3	6	0.0	0.113251248156	1	1	8	2
3	167	0.0	0.107079893376	1	1	3	6
3	265	0.0	0.055180882415	1	1	10	7
3	18	0.0	0.106056214359	1	1	5	4
3	165	0.0	0.055180879026	1	1	5	6
3	180	0.0	0.108104332272	1	1	5	4
3	102	0.0	0.055180942457	1	1	10	4
3	83	0.0	0.133285669078	1	1	7	1
3	220	0.0	0.12454430451	1	1	9	0
3	287	0.0	0.116350210269	1	1	5	1
3	98	0.0	0.106056292233	1	1	12	5
3	196	0.0	0.116350161902	1	1	4	1
3	194	0.0	0.055181291311	1	1	4	6
3	281	0.0	0.055181151357	1	1	9	8
3	26	0.0	0.117817445175	1	1	3	2
3	162	0.0	0.055181148949	1	1	5	10
3	25	0.0	0.133285634835	1	1	7	3
3	260	0.0	0.127180547392	1	1	4	0
3	259	0.0	0.133285794044	1	1	6	0
3	137	0.0	0.055181038005	1	1	4	8
3	124	0.0	0.05518116771	1	1	5	8
3	122	0.0	0.055180493763	1	1	2	7
3	211	0.0	0.113508550997	1	1	15	0
3	282	0.0	0.107574723702	1	1	9	1
3	271	0.0	0.116012713799	1	1	14	0
3	49	0.0	0.055181070779	1	1	4	4
3	118	0.0	0.055180867029	1	1	4	9
3	131	0.0	0.111241806713	1	1	16	4
3	112	0.0	0.055180868244	1	1	9	7
3	183	0.0	0.106055975709	1	1	6	6
3	61	0.0	0.055181233606	1	1	10	5
3	243	0.0	0.131494290416	1	1	7	0
3	30	0.0	0.05518083994	1	1	4	10
3	8	0.0	0.055180912497	1	1	5	9
3	77	0.0	0.055180585898	1	1	3	11
3	174	0.0	0.055181011747	1	1	5	7
3	57	0.0	0.124285706906	1	1	3	0
3	195	0.0	0.133285598629	1	1	8	2
3	52	0.0	0.128204139121	1	1	3	0
3	146	0.0	0.055180927331	1	1	11	8
3	12	0.0	0.111241668596	1	1	16	4
3	299	0.0	0.055180827197	1	1	6	9
3	78	0.0	0.133285753913	1	1	6	0
3	255	0.0	0.113251047847	1	1	4	1
3	68	0.0	0.125309803997	1	1	9	2
3	216	0.0	0.055180840476	1	1	5	6
3	256	0.0	0.107574458424	1	1	11	5
3	205	0.0	0.111241673743	1	1	16	1
3	54	0.0	0.110152524126	1	1	3	1
3	141	0.0	0.109385351629	1	1	9	3
3	87	0.0	0.116012517663	1	1	14	0
3	33	0.0	0.124544810659	1	1	2	3
3	278	0.0	0.108104634074	1	1	6	2
3	75	0.0	0.108104332049	1	1	1	4
3	262	0.0	0.105106223182	1	1	21	2
3	153	0.0	0.123520297295	1	1	7	2
3	273	0.0	0.133285532039	1	1	7	1
3	130	0.0	0.108104730657	1	1	13	5
3	181	0.0	0.055180796014	1	1	9	10
3	103	0.0	0.108104639031	1	1	6	3
3	121	0.0	0.122223819356	1	1	3	1
3	149	0.0	0.106056037468	1	1	9	5
3	264	0.0	0.116012836862	1	1	11	0
3	60	0.0	0.055181164233	1	1	4	10
3	291	0.0	0.055181192493	1	1	4	9
3	285	0.0	0.10757450096	1	1	12	1
3	208	0.0	0.122223757354	1	1	4	2
3	283	0.0	0.107079932102	1	1	4	4
3	42	0.0	0.107080262439	1	1	5	1
3	202	0.0	0.119825123521	1	1	2	1
3	150	0.0	0.10605586721	1	1	5	6
3	214	0.0	0.107574714391	1	1	8	5
3	190	0.0	0.107079754822	1	1	4	6
3	185	0.0	0.055181154919	1	1	5	5
3	166	0.0	0.122223629626	1	1	6	0
3	248	0.0	0.055180486246	1	1	2	10
3	136	0.0	0.119824932677	1	1	4	2
3	298	0.0	0.107574745038	1	1	10	2
3	204	0.0	0.123520403767	1	1	5	2
3	296	0.0	0.107079979759	1	1	3	2
3	207	0.0	0.131494289608	1	1	7	0
3	242	0.0	0.107080146782	1	1	4	0
3	88	0.0	0.055181019148	1	1	7	6
3	155	0.0	0.10938502149	1	1	12	5
3	120	0.0	0.05518097008	1	1	12	5
3	192	0.0	0.107574702185	1	1	8	5
3	193	0.0	0.106056028761	1	1	5	5
3	106	0.0	0.055180750086	1	1	4	13
3	101	0.0	0.110152559814	1	1	4	1
3	189	0.0	0.055181172237	1	1	8	10
3	253	0.0	0.106055924344	1	1	7	5
3	233	0.0	0.109384971332	1	1	18	1
3	45	0.0	0.055181141637	1	1	11	5
3	286	0.0	0.131381275646	1	1	2	0
3	201	0.0	0.106056010278	1	1	5	5
3	203	0.0	0.116012549806	1	1	15	0
3	212	0.0	0.111241837775	1	1	12	3
3	275	0.0	0.055180970937	1	1	6	11
3	115	0.0	0.12326087208	1	1	9	1
3	95	0.0	0.124285591714	1	1	2	0
3	47	0.0	0.107079912722	1	1	4	2
3	168	0.0	0.10605612573	1	1	6	1
3	267	0.0	0.055181294067	1	1	7	5
3	28	0.0	0.119825127012	1	1	2	4
3	92	0.0	0.118867788152	1	1	7	1
3	142	0.0	0.055180863643	1	1	4	9
3	94	0.0	0.108104454156	1	1	2	4
3	31	0.0	0.123520644527	1	1	5	1
3	63	0.0	0.05518107994	1	1	11	6
3	119	0.0	0.11124181836	1	1	16	2
3	104	0.0	0.10708008869	1	1	2	6
3	96	0.0	0.108104720806	1	1	11	0
3	38	0.0	0.108104355618	1	1	2	6
3	53	0.0	0.055180833153	1	1	4	9
3	251	0.0	0.1222234888	1	1	9	2
3	261	0.0	0.116012516686	1	1	15	1
3	11	0.0	0.124544298622	1	1	9	2
3	3	0.0	0.05518126603	1	1	4	7
3	268	0.0	0.055180525843	1	1	1	11
3	239	0.0	0.055181234832	1	1	13	7
3	21	0.0	0.105106233075	1	1	23	0
3	250	0.0	0.108104654413	1	1	4	1
3	17	0.0	0.126142701691	1	1	6	0
3	64	0.0	0.055180800871	1	1	4	5
3	143	0.0	0.123520599978	1	1	3	3
3	266	0.0	0.05518080717	1	1	4	10
3	156	0.0	0.111241860614	1	1	11	0
3	164	0.0	0.131494264172	1	1	7	0
3	217	0.0	0.107574557879	1	1	12	5
3	14	0.0	0.108104614114	1	1	6	4
3	65	0.0	0.131494268656	1	1	8	0
3	123	0.0	0.113251184342	1	1	4	1
3	113	0.0	0.055181321188	1	1	13	7
3	238	0.0	0.055181244161	1	1	3	7
3	34	0.0	0.116297209912	1	1	3	0
3	209	0.0	0.055181135279	1	1	8	6
3	22	0.0	0.055181221735	1	1	4	3
3	36	0.0	0.05518120605	1	1	4	4
3	223	0.0	0.107245312598	1	1	17	1
3	151	0.0	0.107245432938	1	1	18	0
3	170	0.0	0.116012548478	1	1	14	1
3	227	0.0	0.055180819471	1	1	4	9
3	197	0.0	0.111241826371	1	1	10	0
3	16	0.0	0.055181247629	1	1	5	8
3	254	0.0	0.116012575445	1	1	16	0
3	19	0.0	0.05518127755	1	1	9	7
3	160	0.0	0.055181338027	1	1	14	4
3	39	0.0	0.107079900974	1	1	4	5
3	114	0.0	0.105106153524	1	1	10	0
3	292	0.0	0.119931042672	1	1	5	3
3	295	0.0	0.122223877498	1	1	8	2
3	13	0.0	0.055181235487	1	1	12	4
3	224	0.0	0.106056066013	1	1	8	4
3	0	0.0	0.122223755518	1	1	8	4
3	2	0.0	0.107080210677	1	1	6	7
3	5	0.0	0.055181296059	1	1	7	7
3	7	0.0	0.108104648037	1	1	9	7
3	20	0.0	0.055180851318	1	1	4	7
3	218	0.0	0.118867768996	1	1	8	2
3	23	0.0	0.055181201702	1	1	12	7
3	221	0.0	0.118867686705	1	1	8	1
3	24	0.0	0.108104662447	1	1	6	7
3	280	0.0	0.131494273335	1	1	8	1
3	222	0.0	0.107080224845	1	1	4	3
3	27	0.0	0.133285613501	1	1	8	3
3	29	0.0	0.055180940154	1	1	6	4
3	32	0.0	0.133285645828	1	1	7	0
3	43	0.0	0.108104824129	1	1	11	1
3	46	0.0	0.116350185295	1	1	4	4
3	48	0.0	0.055181184158	1	1	10	6
3	51	0.0	0.105106183254	1	1	22	1
3	55	0.0	0.107574355288	1	1	7	4
3	58	0.0	0.055180556259	1	1	2	11
3	62	0.0	0.113251038436	1	1	5	3
3	66	0.0	0.116012880621	1	1	12	2
3	225	0.0	0.105105945528	1	1	15	4
3	228	0.0	0.055181329081	1	1	5	5
3	229	0.0	0.119824808709	1	1	3	2
3	230	0.0	0.108104663589	1	1	2	3
3	69	0.0	0.055181144101	1	1	7	6
3	284	0.0	0.10605617277	1	1	6	6
3	231	0.0	0.108104697185	1	1	10	5
3	301	0.0	0.116012492639	1	1	16	1
3	232	0.0	0.055180503773	1	1	2	7
3	70	0.0	0.119825579547	1	1	6	3
3	234	0.0	0.116350179269	1	1	4	3
3	72	0.0	0.055180892163	1	1	7	6
3	235	0.0	0.11325148787	1	1	4	0
3	73	0.0	0.133285823814	1	1	8	2
3	236	0.0	0.118346149397	1	1	15	0
3	74	0.0	0.119825445862	1	1	3	1
3	80	0.0	0.106056076271	1	1	7	7
3	82	0.0	0.106056188282	1	1	6	5
3	84	0.0	0.055181131041	1	1	8	6
3	89	0.0	0.13328562016	1	1	8	1
3	240	0.0	0.108104648013	1	1	8	12
3	91	0.0	0.055181183765	1	1	8	3
3	93	0.0	0.055180857614	1	1	7	6
3	99	0.0	0.106056056516	1	1	9	7
3	241	0.0	0.119370453608	1	1	11	0
3	245	0.0	0.133285634398	1	1	7	3
3	288	0.0	0.055180866249	1	1	4	5
3	105	0.0	0.055180965516	1	1	12	9
3	107	0.0	0.121445689665	1	1	10	3
3	210	0.0	0.123520307632	1	1	6	0
3	246	0.0	0.106056152707	1	1	8	5
3	247	0.0	0.133285804318	1	1	7	1
3	108	0.0	0.108104427481	1	1	2	8
3	289	0.0	0.119370458145	1	1	9	0
3	111	0.0	0.120407572233	1	1	9	2
3	116	0.0	0.107080178341	1	1	6	4
3	257	0.0	0.11350852969	1	1	16	0
3	127	0.0	0.107574584576	1	1	12	5
3	297	0.0	0.107574518319	1	1	13	3
3	293	0.0	0.121445567665	1	1	9	0
3	132	0.0	0.116350180548	1	1	4	1
3	133	0.0	0.116401914094	1	1	9	1
3	135	0.0	0.055180628624	1	1	6	6
3	138	0.0	0.133285735884	1	1	6	0
3	139	0.0	0.10938509607	1	1	11	1
3	140	0.0	0.05518117962	1	1	10	5
3	144	0.0	0.055180529149	1	1	1	0
3	145	0.0	0.05518078445	1	1	8	6
3	148	0.0	0.108104549749	1	1	17	4
3	152	0.0	0.055180932295	1	1	6	6
3	269	0.0	0.119825491542	1	1	5	1
3	154	0.0	0.123520657694	1	1	5	3
3	157	0.0	0.107574610731	1	1	10	4
3	158	0.0	0.105106181776	1	1	21	2
3	159	0.0	0.119825019328	1	1	2	3
3	161	0.0	0.133285677486	1	1	8	3
3	270	0.0	0.055181221931	1	1	12	5
3	169	0.0	0.11640184316	1	1	6	3
3	172	0.0	0.10708019486	1	1	4	2
3	175	0.0	0.055181267452	1	1	6	7
3	177	0.0	0.118867763753	1	1	8	0
3	178	0.0	0.133285663463	1	1	7	1
3	184	0.0	0.113251291425	1	1	8	0
3	186	0.0	0.107574536926	1	1	11	0
3	187	0.0	0.133285785294	1	1	8	2
3	191	0.0	0.107574678467	1	1	9	0
3	276	0.0	0.055181018539	1	1	5	8
3	199	0.0	0.108104670378	1	1	10	7
3	200	0.0	0.106056046319	1	1	9	2
3	277	0.0	0.113251175694	1	1	7	0
3	206	0.0	0.118867732905	1	1	9	2
4	40	NA 	 NA 	0	0	0	0
4	80	NA 	 NA 	0	0	0	0
4	204	NA 	 NA 	0	0	0	0
4	113	NA 	 NA 	0	0	0	0
4	20	NA 	 NA 	0	0	0	0
4	29	NA 	 NA 	0	0	0	0
4	164	NA 	 NA 	0	0	0	0
4	111	NA 	 NA 	0	0	0	0
4	98	NA 	 NA 	0	0	0	0
4	71	NA 	 NA 	0	0	0	0
4	106	NA 	 NA 	0	0	0	0
4	200	0.0	0.05505834286	1	1	5	11
4	150	0.0	0.106089336253	1	1	3	2
4	73	0.0	0.055058332917	1	1	4	9
4	35	0.0	0.117362298313	1	1	3	2
4	154	0.0	0.055058248791	1	1	5	8
4	16	0.0	0.114276194409	1	1	4	0
4	304	0.0	0.118386729105	1	1	6	3
4	59	0.0	0.105058265134	1	1	2	5
4	68	0.0	0.106089202219	1	1	5	1
4	123	0.0	0.127109960798	1	1	6	0
4	260	0.0	0.105111568698	1	1	6	1
4	5	0.0	0.105064486487	1	1	7	8
4	254	0.0	0.055058414526	1	1	0	6
4	183	0.0	0.12287701825	1	1	2	1
4	142	0.0	0.0550579925	1	1	3	9
4	269	0.0	0.105064989941	1	1	7	4
4	210	0.0	0.106089260175	1	1	5	5
4	82	0.0	0.117596644219	1	1	4	0
4	206	0.0	0.055058135317	1	1	0	9
4	70	0.0	0.118386600426	1	1	2	0
4	27	0.0	0.10506467925	1	1	2	6
4	251	0.0	0.117362327228	1	1	3	1
4	265	0.0	0.055058001544	1	1	5	11
4	273	0.0	0.10506512382	1	1	8	11
4	54	0.0	0.122877101557	1	1	2	2
4	141	0.0	0.055058125085	1	1	3	5
4	299	0.0	0.107108004684	1	1	6	1
4	165	0.0	0.055058493145	1	1	2	8
4	230	0.0	0.10506467426	1	1	5	14
4	116	0.0	0.055058430711	1	1	10	8
4	72	0.0	0.105093598843	1	1	9	11
4	91	0.0	0.115647888373	1	1	7	2
4	231	0.0	0.109450301389	1	1	9	0
4	96	0.0	0.111640388016	1	1	7	0
4	79	0.0	0.105058078193	1	1	3	6
4	171	0.0	0.105064997366	1	1	4	3
4	92	0.0	0.05505845283	1	1	7	6
4	270	0.0	0.055058383317	1	1	2	8
4	185	0.0	0.055057985014	1	1	5	2
4	101	0.0	0.055058432925	1	1	3	4
4	139	0.0	0.055058364005	1	1	6	1
4	6	0.0	0.114276177	1	1	4	2
4	63	0.0	0.05505834087	1	1	7	7
4	168	0.0	0.105058174775	1	1	4	7
4	77	0.0	0.055058032178	1	1	3	11
4	223	0.0	0.055058205436	1	1	5	3
4	148	0.0	0.105111437485	1	1	2	5
4	126	0.0	0.055058016104	1	1	3	9
4	99	0.0	0.10509345671	1	1	8	1
4	84	0.0	0.105092703221	1	1	6	4
4	290	0.0	0.108413011548	1	1	5	2
4	216	0.0	0.122876775391	1	1	2	3
4	199	0.0	0.115365698543	1	1	7	2
4	176	0.0	0.107107912748	1	1	4	2
4	53	0.0	0.114275839557	1	1	1	2
4	62	0.0	0.115647754865	1	1	5	2
4	76	0.0	0.115647820947	1	1	10	2
4	105	0.0	0.055058058552	1	1	5	7
4	236	0.0	0.10710798088	1	1	6	0
4	297	0.0	0.108412776381	1	1	8	5
4	78	0.0	0.105058238659	1	1	3	6
4	114	0.0	0.055058366178	1	1	8	7
4	160	0.0	0.055057994954	1	1	4	8
4	128	0.0	0.106089208875	1	1	5	7
4	9	0.0	0.055058418494	1	1	3	8
4	102	0.0	0.105057922933	1	1	2	8
4	47	0.0	0.105111907903	1	1	5	4
4	229	0.0	0.106089296338	1	1	5	5
4	44	0.0	0.055058333887	1	1	8	8
4	191	0.0	0.055058444998	1	1	2	5
4	32	0.0	0.055058444912	1	1	5	6
4	253	0.0	0.105065006538	1	1	5	15
4	120	0.0	0.055058021513	1	1	3	9
4	14	0.0	0.055058194679	1	1	0	10
4	194	0.0	0.055058331382	1	1	8	7
4	158	0.0	0.055058440816	1	1	1	6
4	177	0.0	0.127110091347	1	1	7	1
4	195	0.0	0.105065032507	1	1	6	2
4	259	0.0	0.115647991271	1	1	9	1
4	205	0.0	0.055058407567	1	1	4	1
4	133	0.0	0.115647894138	1	1	2	0
4	125	0.0	0.105058096017	1	1	3	4
4	212	0.0	0.118386808932	1	1	3	3
4	241	0.0	0.055058099216	1	1	3	2
4	198	0.0	0.121845536265	1	1	4	0
4	215	0.0	0.105111256847	1	1	3	1
4	124	0.0	0.126020541549	1	1	4	0
4	274	0.0	0.105111444761	1	1	2	5
4	64	0.0	0.055058188207	1	1	3	8
4	38	0.0	0.117596614312	1	1	4	0
4	182	0.0	0.105093455667	1	1	9	6
4	30	0.0	0.055058140469	1	1	3	3
4	300	0.0	0.055058302866	1	1	4	10
4	221	0.0	0.115647959028	1	1	11	2
4	258	0.0	0.11564794335	1	1	8	2
4	21	0.0	0.105064972674	1	1	7	9
4	153	0.0	0.105093346217	1	1	6	4
4	56	0.0	0.105065095745	1	1	5	2
4	61	0.0	0.055058461351	1	1	3	7
4	155	0.0	0.05505831422	1	1	6	8
4	103	0.0	0.105093641709	1	1	9	1
4	301	0.0	0.055058220523	1	1	2	7
4	152	0.0	0.055058110296	1	1	3	3
4	151	0.0	0.055057981443	1	1	0	10
4	233	0.0	0.114275872261	1	1	0	1
4	296	0.0	0.114275844377	1	1	1	2
4	24	0.0	0.105111393134	1	1	5	2
4	3	0.0	0.055058000379	1	1	6	9
4	115	0.0	0.109156027299	1	1	6	4
4	278	0.0	0.055058260326	1	1	4	11
4	88	0.0	0.05505799499	1	1	3	9
4	239	0.0	0.117596940115	1	1	3	0
4	112	0.0	0.105111650203	1	1	5	2
4	268	0.0	0.055058285581	1	1	7	8
4	122	0.0	0.055058350851	1	1	5	8
4	42	0.0	0.115647882504	1	1	3	4
4	227	0.0	0.105093493709	1	1	6	7
4	289	0.0	0.121846091673	1	1	7	3
4	202	0.0	0.105064642432	1	1	5	7
4	83	0.0	0.055058325049	1	1	7	7
4	282	0.0	0.127109978917	1	1	5	0
4	181	0.0	0.105064417569	1	1	7	14
4	157	0.0	0.055058323936	1	1	7	4
4	118	0.0	0.055058329613	1	1	6	7
4	275	0.0	0.05505816083	1	1	0	8
4	279	0.0	0.121846082765	1	1	8	0
4	74	0.0	0.118386387677	1	1	4	3
4	94	0.0	0.055058431007	1	1	4	5
4	277	0.0	0.105111184001	1	1	3	5
4	174	0.0	0.118386692885	1	1	5	0
4	66	0.0	0.118386718933	1	1	6	3
4	12	0.0	0.122877034699	1	1	2	0
4	18	0.0	0.105064967426	1	1	3	4
4	75	0.0	0.055058091832	1	1	4	11
4	242	0.0	0.115647969286	1	1	11	2
4	127	0.0	0.055058363266	1	1	5	6
4	159	0.0	0.05505848218	1	1	5	2
4	104	0.0	0.1142764615	1	1	9	0
4	19	0.0	0.055057992504	1	1	4	7
4	67	0.0	0.115647889709	1	1	5	4
4	235	0.0	0.105093482901	1	1	9	4
4	33	0.0	0.055058318226	1	1	0	9
4	137	0.0	0.121846072756	1	1	7	0
4	178	0.0	0.118386640389	1	1	5	3
4	134	0.0	0.105064918214	1	1	3	9
4	303	0.0	0.055058315819	1	1	2	7
4	255	0.0	0.105111250027	1	1	4	2
4	179	0.0	0.115647916047	1	1	8	2
4	2	0.0	0.10506490789	1	1	4	3
4	188	0.0	0.05505841025	1	1	7	8
4	7	0.0	0.105064422434	1	1	7	12
4	143	0.0	0.05505829821	1	1	8	1
4	213	0.0	0.055058305518	1	1	4	4
4	256	0.0	0.105065084361	1	1	5	4
4	291	0.0	0.105058139052	1	1	2	2
4	276	0.0	0.105064830021	1	1	5	9
4	246	0.0	0.105064929234	1	1	5	9
4	144	0.0	0.105064748295	1	1	5	3
4	257	0.0	0.105058053466	1	1	1	0
4	207	0.0	0.129184443866	1	1	5	1
4	147	0.0	0.055058400259	1	1	2	7
4	131	0.0	0.05505841685	1	1	7	7
4	293	0.0	0.105064857327	1	1	5	12
4	209	0.0	0.105064572346	1	1	4	1
4	86	0.0	0.114276518665	1	1	9	0
4	173	0.0	0.122877110484	1	1	1	0
4	228	0.0	0.055058406411	1	1	4	5
4	252	0.0	0.105093511849	1	1	10	7
4	45	0.0	0.105064762162	1	1	5	7
4	121	0.0	0.121846060949	1	1	8	0
4	146	0.0	0.107107797374	1	1	5	1
4	34	0.0	0.122877209239	1	1	4	2
4	295	0.0	0.121846059875	1	1	9	3
4	166	0.0	0.105093444767	1	1	9	4
4	248	0.0	0.055057990273	1	1	1	10
4	264	0.0	0.115647935709	1	1	4	2
4	10	0.0	0.105064810269	1	1	5	13
4	220	0.0	0.105064973268	1	1	5	3
4	95	0.0	0.115647964727	1	1	7	2
4	108	0.0	0.118386801838	1	1	5	4
4	190	0.0	0.105111916212	1	1	5	6
4	136	0.0	0.11759660379	1	1	4	0
4	180	0.0	0.105064967887	1	1	5	1
4	60	0.0	0.114275734585	1	1	2	1
4	55	0.0	0.105093469102	1	1	6	3
4	8	0.0	0.108412853953	1	1	6	2
4	189	0.0	0.105064570015	1	1	5	4
4	167	0.0	0.107107782189	1	1	7	6
4	250	0.0	0.130261411175	1	1	4	0
4	90	0.0	0.105057903943	1	1	2	4
4	110	0.0	0.055058323005	1	1	5	7
4	109	0.0	0.055057717879	1	1	2	13
4	140	0.0	0.11838660213	1	1	3	3
4	69	0.0	0.055058122168	1	1	4	8
4	219	0.0	0.12710997133	1	1	5	0
4	46	0.0	0.105064779103	1	1	6	10
4	184	0.0	0.105065044101	1	1	4	3
4	267	0.0	0.055058453025	1	1	3	12
4	285	0.0	0.055058157545	1	1	1	8
4	25	0.0	0.10509346336	1	1	9	3
4	58	0.0	0.055058324012	1	1	8	8
4	284	0.0	0.105111587628	1	1	7	1
4	0	0.0	0.055058475428	1	1	6	1
4	1	0.0	0.055058388687	1	1	9	4
4	4	0.0	0.105058043727	1	1	3	8
4	11	0.0	0.105093522772	1	1	9	1
4	13	0.0	0.114275983139	1	1	5	0
4	15	0.0	0.105093450819	1	1	6	4
4	208	0.0	0.115365724825	1	1	5	0
4	17	0.0	0.118386615209	1	1	4	1
4	280	0.0	0.05505847346	1	1	3	0
4	22	0.0	0.115365669452	1	1	8	1
4	23	0.0	0.105093551117	1	1	10	7
4	26	0.0	0.055058135545	1	1	3	11
4	28	0.0	0.118386521644	1	1	3	1
4	211	0.0	0.105058110693	1	1	4	6
4	281	0.0	0.105065091095	1	1	6	5
4	214	0.0	0.105058393276	1	1	7	3
4	31	0.0	0.105065171024	1	1	7	7
4	217	0.0	0.117362491471	1	1	0	0
4	36	0.0	0.055058239818	1	1	1	9
4	218	0.0	0.105064942804	1	1	4	5
4	37	0.0	0.055058481085	1	1	1	0
4	39	0.0	0.106089303129	1	1	6	6
4	41	0.0	0.105058330235	1	1	2	0
4	222	0.0	0.105093584955	1	1	9	7
4	43	0.0	0.055058430323	1	1	3	8
4	48	0.0	0.055057684978	1	1	1	11
4	49	0.0	0.118386468797	1	1	4	1
4	224	0.0	0.105064812197	1	1	5	12
4	50	0.0	0.055058472153	1	1	6	2
4	51	0.0	0.118386751966	1	1	2	0
4	225	0.0	0.105058230073	1	1	1	0
4	52	0.0	0.115648009909	1	1	8	3
4	57	0.0	0.118698676535	1	1	3	0
4	226	0.0	0.055058443819	1	1	2	9
4	283	0.0	0.105058414929	1	1	6	0
4	65	0.0	0.115647895144	1	1	4	4
4	302	0.0	0.055058376338	1	1	3	6
4	232	0.0	0.105064611706	1	1	2	4
4	234	0.0	0.10511142287	1	1	2	2
4	81	0.0	0.117596626175	1	1	4	0
4	85	0.0	0.119411440947	1	1	1	1
4	237	0.0	0.105064764012	1	1	5	6
4	238	0.0	0.055058334222	1	1	4	6
4	87	0.0	0.055058314361	1	1	4	13
4	89	0.0	0.107107965925	1	1	8	2
4	286	0.0	0.105065019769	1	1	6	4
4	240	0.0	0.114276574164	1	1	6	2
4	243	0.0	0.05505832537	1	1	1	8
4	93	0.0	0.055058396153	1	1	0	8
4	244	0.0	0.107107983841	1	1	5	0
4	245	0.0	0.105111903695	1	1	5	5
4	287	0.0	0.114276614819	1	1	9	1
4	97	0.0	0.10506499459	1	1	6	3
4	247	0.0	0.11461031567	1	1	6	1
4	100	0.0	0.118386610609	1	1	4	3
4	288	0.0	0.055058324707	1	1	6	6
4	249	0.0	0.105064662252	1	1	5	4
4	107	0.0	0.055058408305	1	1	2	10
4	292	0.0	0.114610396824	1	1	7	3
4	117	0.0	0.105111557712	1	1	5	5
4	119	0.0	0.05505850735	1	1	5	0
4	294	0.0	0.105111268815	1	1	4	5
4	129	0.0	0.115647941885	1	1	7	1
4	130	0.0	0.055057967193	1	1	5	9
4	132	0.0	0.055058413206	1	1	3	8
4	261	0.0	0.055058179422	1	1	1	8
4	135	0.0	0.055058053264	1	1	5	5
4	262	0.0	0.107108109496	1	1	6	2
4	263	0.0	0.10506514246	1	1	5	7
4	138	0.0	0.106089355395	1	1	4	0
4	266	0.0	0.105111292888	1	1	4	3
4	298	0.0	0.126020642311	1	1	4	0
4	145	0.0	0.055058403975	1	1	4	5
4	149	0.0	0.12184608706	1	1	8	0
4	156	0.0	0.13103018053	1	1	1	0
4	161	0.0	0.126020600096	1	1	4	0
4	162	0.0	0.118386348391	1	1	3	0
4	163	0.0	0.10511122411	1	1	4	6
4	271	0.0	0.126020335424	1	1	4	0
4	169	0.0	0.055058397434	1	1	4	6
4	170	0.0	0.05505792333	1	1	4	11
4	172	0.0	0.05505832337	1	1	7	8
4	175	0.0	0.105111603397	1	1	4	5
4	272	0.0	0.118386680192	1	1	3	1
4	186	0.0	0.055058509508	1	1	4	7
4	187	0.0	0.105064767199	1	1	5	13
4	192	0.0	0.127109966809	1	1	5	0
4	193	0.0	0.105065115436	1	1	7	12
4	196	0.0	0.117362343497	1	1	4	1
4	197	0.0	0.115365795152	1	1	7	3
4	201	0.0	0.105065024755	1	1	6	8
4	203	0.0	0.11838658951	1	1	5	1
5	82	NA 	 NA 	0	0	0	0
5	161	NA 	 NA 	0	0	0	0
5	184	NA 	 NA 	0	0	0	0
5	120	NA 	 NA 	0	0	0	0
5	81	NA 	 NA 	0	0	0	0
5	137	NA 	 NA 	0	0	0	0
5	37	NA 	 NA 	0	0	0	0
5	112	NA 	 NA 	0	0	0	0
5	131	NA 	 NA 	0	0	0	0
5	83	NA 	 NA 	0	0	0	0
5	135	0.0	0.105055925163	1	1	2	6
5	1	0.0	0.105091917581	1	1	4	3
5	126	0.0	0.106121885893	1	1	1	1
5	134	0.0	0.105097515863	1	1	7	6
5	33	0.0	0.105056068811	1	1	3	3
5	140	0.0	0.105055925882	1	1	2	5
5	50	0.0	0.105091392807	1	1	3	5
5	205	0.0	0.106122307158	1	1	4	2
5	193	0.0	0.105055829683	1	1	1	8
5	72	0.0	0.055085458473	1	1	0	12
5	80	0.0	0.109218338709	1	1	5	1
5	286	0.0	0.105091914904	1	1	2	1
5	144	0.0	0.105097547569	1	1	7	7
5	236	0.0	0.106194088849	1	1	5	2
5	108	0.0	0.105056101926	1	1	7	3
5	232	0.0	0.105091338794	1	1	1	11
5	260	0.0	0.119474232107	1	1	2	1
5	252	0.0	0.122719047314	1	1	2	2
5	272	0.0	0.055085778513	1	1	5	12
5	41	0.0	0.055086045322	1	1	1	4
5	159	0.0	0.055086087385	1	1	2	9
5	145	0.0	0.055086085162	1	1	3	15
5	204	0.0	0.055085962334	1	1	3	10
5	188	0.0	0.05508554056	1	1	3	10
5	160	0.0	0.11938457393	1	1	4	1
5	295	0.0	0.105091580678	1	1	4	0
5	128	0.0	0.05508599571	1	1	6	8
5	65	0.0	0.105055610709	1	1	5	8
5	122	0.0	0.105056002959	1	1	6	5
5	8	0.0	0.117296051606	1	1	3	0
5	269	0.0	0.05508567765	1	1	5	2
5	43	0.0	0.105055623745	1	1	2	2
5	277	0.0	0.105091153224	1	1	0	12
5	288	0.0	0.105055789454	1	1	0	5
5	86	0.0	0.105097259558	1	1	6	1
5	242	0.0	0.055085673065	1	1	0	10
5	301	0.0	0.116516443266	1	1	2	0
5	75	0.0	0.055085921775	1	1	4	11
5	45	0.0	0.116516743728	1	1	3	0
5	220	0.0	0.117308076839	1	1	6	0
5	156	0.0	0.055085943311	1	1	0	2
5	107	0.0	0.055085772136	1	1	3	16
5	292	0.0	0.105097549945	1	1	3	1
5	179	0.0	0.055086132327	1	1	3	9
5	244	0.0	0.055085615867	1	1	6	14
5	5	0.0	0.055085891641	1	1	2	3
5	10	0.0	0.105091405776	1	1	3	9
5	276	0.0	0.106122014043	1	1	2	5
5	74	0.0	0.055085973183	1	1	6	10
5	146	0.0	0.105055815273	1	1	0	4
5	158	0.0	0.055085634179	1	1	2	11
5	13	0.0	0.055086181725	1	1	9	2
5	175	0.0	0.055085663117	1	1	5	17
5	186	0.0	0.055085929561	1	1	4	10
5	287	0.0	0.105091812596	1	1	2	9
5	267	0.0	0.10619403576	1	1	6	4
5	123	0.0	0.109217701047	1	1	3	7
5	285	0.0	0.117295698182	1	1	4	0
5	153	0.0	0.105055978496	1	1	5	0
5	61	0.0	0.05508601252	1	1	7	4
5	280	0.0	0.106122209871	1	1	2	3
5	113	0.0	0.055085420278	1	1	0	10
5	11	0.0	0.106080523061	1	1	7	8
5	19	0.0	0.105097465748	1	1	4	2
5	194	0.0	0.055085752252	1	1	0	4
5	66	0.0	0.110126311599	1	1	5	0
5	93	0.0	0.105055619086	1	1	5	8
5	103	0.0	0.105091773234	1	1	3	9
5	148	0.0	0.106080441994	1	1	6	2
5	176	0.0	0.105056067785	1	1	3	6
5	241	0.0	0.105091516009	1	1	0	13
5	143	0.0	0.055086039107	1	1	4	9
5	254	0.0	0.105056027078	1	1	7	2
5	64	0.0	0.105055963802	1	1	7	0
5	155	0.0	0.119383537155	1	1	5	1
5	4	0.0	0.109217836703	1	1	5	3
5	223	0.0	0.105056047834	1	1	4	0
5	149	0.0	0.109218015314	1	1	3	1
5	166	0.0	0.055085894563	1	1	4	8
5	12	0.0	0.055086051603	1	1	1	11
5	202	0.0	0.105097497351	1	1	4	4
5	24	0.0	0.109217670544	1	1	3	8
5	31	0.0	0.055085674172	1	1	1	7
5	235	0.0	0.105091494927	1	1	2	8
5	294	0.0	0.105055604706	1	1	2	9
5	42	0.0	0.105097350764	1	1	7	5
5	46	0.0	0.105055687888	1	1	2	3
5	191	0.0	0.106121934414	1	1	2	4
5	251	0.0	0.055086133876	1	1	1	0
5	15	0.0	0.105097385648	1	1	4	5
5	91	0.0	0.121110016479	1	1	1	3
5	219	0.0	0.119384375269	1	1	3	2
5	95	0.0	0.055085664823	1	1	0	14
5	157	0.0	0.055086059588	1	1	1	12
5	281	0.0	0.055085996332	1	1	4	9
5	20	0.0	0.055085994785	1	1	5	0
5	300	0.0	0.106122105574	1	1	2	2
5	100	0.0	0.10505605613	1	1	2	0
5	271	0.0	0.10509177889	1	1	3	1
5	117	0.0	0.117307978605	1	1	5	0
5	133	0.0	0.055086020976	1	1	2	3
5	234	0.0	0.055085889304	1	1	3	7
5	189	0.0	0.119383541228	1	1	5	0
5	245	0.0	0.055085964688	1	1	5	7
5	229	0.0	0.055086030108	1	1	1	11
5	29	0.0	0.109217908977	1	1	5	3
5	261	0.0	0.105097547372	1	1	6	3
5	181	0.0	0.120421954675	1	1	2	2
5	165	0.0	0.055086008782	1	1	4	3
5	207	0.0	0.055086157733	1	1	5	10
5	237	0.0	0.105055699701	1	1	1	10
5	250	0.0	0.117308081579	1	1	6	0
5	59	0.0	0.11938498404	1	1	4	4
5	293	0.0	0.119474069878	1	1	1	0
5	7	0.0	0.055086171084	1	1	0	0
5	238	0.0	0.117295813065	1	1	3	2
5	185	0.0	0.105056080681	1	1	4	3
5	124	0.0	0.105097569297	1	1	6	1
5	138	0.0	0.055085979248	1	1	5	4
5	121	0.0	0.055086132694	1	1	0	12
5	297	0.0	0.117295706971	1	1	2	0
5	77	0.0	0.120422057863	1	1	2	2
5	119	0.0	0.119384491952	1	1	3	1
5	18	0.0	0.055085327924	1	1	0	14
5	110	0.0	0.055086049097	1	1	5	6
5	23	0.0	0.055085970198	1	1	8	5
5	265	0.0	0.105055628905	1	1	2	8
5	125	0.0	0.055085975771	1	1	6	7
5	132	0.0	0.105055425647	1	1	1	1
5	70	0.0	0.105097553951	1	1	2	0
5	116	0.0	0.055085804385	1	1	4	10
5	213	0.0	0.107159592516	1	1	8	4
5	255	0.0	0.106080545449	1	1	7	1
5	115	0.0	0.105091435598	1	1	4	4
5	230	0.0	0.121109889852	1	1	1	2
5	39	0.0	0.105055387382	1	1	2	1
5	164	0.0	0.10505560848	1	1	0	2
5	102	0.0	0.105091729166	1	1	6	5
5	17	0.0	0.120422043755	1	1	2	2
5	151	0.0	0.105056037883	1	1	3	4
5	171	0.0	0.11013807226	1	1	5	0
5	192	0.0	0.05508566347	1	1	1	14
5	218	0.0	0.055085953936	1	1	4	5
5	228	0.0	0.105097478886	1	1	6	5
5	52	0.0	0.118346198094	1	1	5	1
5	71	0.0	0.055085730309	1	1	0	9
5	68	0.0	0.105056050935	1	1	4	2
5	217	0.0	0.105055702437	1	1	3	10
5	200	0.0	0.117308056549	1	1	6	1
5	289	0.0	0.106194043917	1	1	7	2
5	78	0.0	0.055086042869	1	1	2	10
5	136	0.0	0.055086034991	1	1	3	4
5	21	0.0	0.105097294625	1	1	6	8
5	127	0.0	0.055085984636	1	1	4	9
5	197	0.0	0.109217709974	1	1	2	0
5	142	0.0	0.106121898589	1	1	1	5
5	302	0.0	0.109218085438	1	1	3	1
5	266	0.0	0.055086006311	1	1	8	5
5	104	0.0	0.109217941928	1	1	4	2
5	275	0.0	0.105091708207	1	1	5	5
5	6	0.0	0.105091468589	1	1	1	4
5	56	0.0	0.05508566211	1	1	2	13
5	182	0.0	0.105097185718	1	1	7	4
5	152	0.0	0.105055615376	1	1	3	8
5	224	0.0	0.120421893327	1	1	5	3
5	264	0.0	0.105091321622	1	1	3	9
5	180	0.0	0.105091364466	1	1	3	9
5	195	0.0	0.105091784037	1	1	3	5
5	172	0.0	0.055086075068	1	1	3	12
5	27	0.0	0.055085800092	1	1	0	14
5	198	0.0	0.105097143392	1	1	3	5
5	60	0.0	0.105091376099	1	1	4	9
5	99	0.0	0.120422443035	1	1	2	1
5	196	0.0	0.055085893805	1	1	0	2
5	284	0.0	0.055085774045	1	1	0	4
5	141	NA 	 NA 	0	0	0	0
5	97	0.0	0.055086097402	1	1	2	15
5	90	0.0	0.105055619114	1	1	2	8
5	222	0.0	0.105055614918	1	1	3	2
5	249	0.0	0.05508602602	1	1	1	4
5	163	0.0	0.055085996466	1	1	2	2
5	89	0.0	0.055086159567	1	1	1	6
5	0	0.0	0.10505594864	1	1	7	3
5	2	0.0	0.105091699777	1	1	7	6
5	203	0.0	0.117296072285	1	1	4	0
5	3	0.0	0.116271541356	1	1	5	0
5	9	0.0	0.105097148619	1	1	3	8
5	14	0.0	0.055086016896	1	1	3	0
5	16	0.0	0.055086075488	1	1	1	5
5	22	0.0	0.055085667498	1	1	3	9
5	25	0.0	0.055086137459	1	1	5	5
5	26	0.0	0.055085888201	1	1	4	5
5	206	0.0	0.05508608696	1	1	2	2
5	28	0.0	0.105097233916	1	1	3	4
5	30	0.0	0.105055530948	1	1	0	5
5	208	0.0	0.105097373324	1	1	6	8
5	32	0.0	0.105055831817	1	1	2	1
5	209	0.0	0.055085817876	1	1	0	11
5	34	0.0	0.111151560105	1	1	6	0
5	35	0.0	0.119384687394	1	1	4	2
5	36	0.0	0.121109815726	1	1	2	2
5	38	0.0	0.105055722261	1	1	0	2
5	40	0.0	0.055085685307	1	1	2	4
5	210	0.0	0.105091698624	1	1	6	3
5	211	0.0	0.055085965426	1	1	4	7
5	44	0.0	0.055085809151	1	1	2	10
5	47	0.0	0.055085750136	1	1	3	10
5	48	0.0	0.120421994064	1	1	2	1
5	49	0.0	0.055086143293	1	1	5	7
5	51	0.0	0.055085657503	1	1	3	3
5	212	0.0	0.055085666879	1	1	4	11
5	214	0.0	0.107159573304	1	1	8	5
5	215	0.0	0.109217903216	1	1	3	2
5	273	0.0	0.055085646003	1	1	4	8
5	53	0.0	0.106194068648	1	1	5	5
5	216	0.0	0.105056009938	1	1	8	2
5	274	0.0	0.109217874205	1	1	5	2
5	54	0.0	0.055085768301	1	1	0	10
5	55	0.0	0.055086093908	1	1	6	6
5	57	0.0	0.106122400302	1	1	4	0
5	58	0.0	0.105097229208	1	1	7	1
5	221	0.0	0.05508601558	1	1	1	13
5	62	0.0	0.109218308189	1	1	5	2
5	63	0.0	0.121109716847	1	1	4	1
5	225	0.0	0.055085995647	1	1	4	6
5	67	0.0	0.119383524764	1	1	6	1
5	226	0.0	0.107159612988	1	1	7	5
5	227	0.0	0.109217884995	1	1	2	2
5	69	0.0	0.055086037197	1	1	3	4
5	73	0.0	0.121109858932	1	1	0	0
5	231	0.0	0.055085940613	1	1	4	10
5	76	0.0	0.105097510738	1	1	6	1
5	79	0.0	0.05508578381	1	1	6	14
5	298	0.0	0.109217975084	1	1	3	0
5	84	0.0	0.055085837473	1	1	0	4
5	85	0.0	0.055086080485	1	1	2	0
5	233	0.0	0.105097186389	1	1	7	5
5	87	0.0	0.12042195049	1	1	4	1
5	88	0.0	0.120421918329	1	1	5	1
5	278	0.0	0.105055948202	1	1	7	6
5	92	0.0	0.055086037614	1	1	2	6
5	239	0.0	0.119383565631	1	1	4	0
5	94	0.0	0.105097194272	1	1	6	6
5	240	0.0	0.120421937396	1	1	3	1
5	279	0.0	0.055085993752	1	1	1	6
5	303	0.0	0.1092180464	1	1	4	1
5	96	0.0	0.105097125384	1	1	6	6
5	243	0.0	0.105091836425	1	1	7	4
5	98	0.0	0.105091709191	1	1	6	6
5	246	0.0	0.105055661766	1	1	6	8
5	101	0.0	0.055085717655	1	1	3	6
5	282	0.0	0.106122266754	1	1	3	2
5	105	0.0	0.055085917702	1	1	2	4
5	106	0.0	0.121109665037	1	1	3	0
5	247	0.0	0.105097579035	1	1	3	5
5	109	0.0	0.055086103463	1	1	3	3
5	111	0.0	0.119383516398	1	1	6	0
5	248	0.0	0.105056028016	1	1	4	0
5	114	0.0	0.055086071393	1	1	1	13
5	118	0.0	0.105096989501	1	1	7	7
5	296	0.0	0.117308031446	1	1	6	0
5	201	0.0	0.117308005764	1	1	5	0
5	291	0.0	0.106122254078	1	1	3	2
5	299	0.0	0.106194205157	1	1	4	2
5	253	0.0	0.055085643082	1	1	4	8
5	283	0.0	0.106080495006	1	1	6	1
5	256	0.0	0.055086093691	1	1	1	12
5	257	0.0	0.055085876284	1	1	4	3
5	258	0.0	0.055086070067	1	1	2	12
5	259	0.0	0.119383026572	1	1	5	1
5	262	0.0	0.055085718374	1	1	0	10
5	129	0.0	0.10505544325	1	1	1	3
5	263	0.0	0.105055720435	1	1	2	10
5	130	0.0	0.105097161748	1	1	6	5
5	304	NA 	 NA 	0	0	0	0
5	139	0.0	0.105091798139	1	1	7	4
5	147	0.0	0.105055629422	1	1	2	8
5	150	0.0	0.05508597957	1	1	7	9
5	154	0.0	0.121109993398	1	1	1	1
5	162	0.0	0.055085650807	1	1	3	9
5	268	0.0	0.124328589917	1	1	0	1
5	167	0.0	0.10505605151	1	1	8	0
5	168	0.0	0.12042229303	1	1	1	0
5	169	0.0	0.055085811995	1	1	6	8
5	170	0.0	0.111151554963	1	1	7	3
5	173	0.0	0.122719524133	1	1	1	0
5	174	0.0	0.105097311467	1	1	8	8
5	270	0.0	0.105097276775	1	1	8	2
5	177	0.0	0.105097311096	1	1	7	5
5	178	0.0	0.106121845698	1	1	1	4
5	183	0.0	0.055085978636	1	1	5	8
5	187	0.0	0.105097330885	1	1	8	5
5	290	0.0	0.055086135637	1	1	5	7
5	190	0.0	0.105055618798	1	1	2	8
5	199	0.0	0.105097311646	1	1	3	2
6	37	NA 	 NA 	0	0	0	0
6	156	NA 	 NA 	0	0	0	0
6	34	NA 	 NA 	0	0	0	0
6	73	NA 	 NA 	0	0	0	0
6	117	NA 	 NA 	0	0	0	0
6	63	NA 	 NA 	0	0	0	0
6	101	NA 	 NA 	0	0	0	0
6	256	NA 	 NA 	0	0	0	0
6	247	NA 	 NA 	0	0	0	0
6	232	NA 	 NA 	0	0	0	0
6	188	NA 	 NA 	0	0	0	0
6	45	NA 	 NA 	0	0	0	0
6	127	NA 	 NA 	0	0	0	0
6	7	NA 	 NA 	0	0	0	0
6	79	NA 	 NA 	0	0	0	0
6	153	NA 	 NA 	0	0	0	0
6	77	NA 	 NA 	0	0	0	0
6	169	0.0	0.123894590867	1	1	0	1
6	182	0.0	0.116478085698	1	1	6	4
6	71	0.0	0.105077312481	1	1	2	1
6	126	0.0	0.107078039356	1	1	6	2
6	83	0.0	0.123894555677	1	1	1	1
6	48	0.0	0.105077409124	1	1	2	3
6	108	0.0	0.10707869891	1	1	2	4
6	115	0.0	0.106053881298	1	1	2	0
6	260	0.0	0.10502904908	1	1	3	0
6	173	0.0	0.123894553664	1	1	1	1
6	89	0.0	0.055282381148	1	1	4	10
6	186	0.0	0.105029117353	1	1	3	4
6	276	0.0	0.105038660414	1	1	2	1
6	78	0.0	0.106076330951	1	1	2	3
6	275	0.0	0.11647826492	1	1	5	3
6	98	0.0	0.105038654829	1	1	2	9
6	281	0.0	0.117319793669	1	1	2	2
6	133	0.0	0.055282009113	1	1	1	16
6	283	0.0	0.055282095584	1	1	2	12
6	130	0.0	0.11731989902	1	1	3	2
6	81	0.0	0.055282375679	1	1	2	2
6	172	0.0	0.106053849105	1	1	5	3
6	263	0.0	0.105077441338	1	1	3	4
6	212	0.0	0.105077292285	1	1	2	5
6	41	0.0	0.105038382828	1	1	4	6
6	52	0.0	0.106222400249	1	1	2	6
6	301	0.0	0.05528237381	1	1	6	13
6	279	0.0	0.119785063382	1	1	2	4
6	65	0.0	0.117319877361	1	1	4	2
6	193	0.0	0.055282237082	1	1	0	0
6	271	0.0	0.116308434812	1	1	0	0
6	104	0.0	0.055281760813	1	1	1	6
6	269	0.0	0.055281978598	1	1	1	8
6	266	0.0	0.055281885254	1	1	1	12
6	303	0.0	0.055281867921	1	1	1	7
6	159	0.0	0.105077445527	1	1	4	7
6	85	0.0	0.105038922335	1	1	1	2
6	214	0.0	0.105038365095	1	1	4	6
6	223	0.0	0.105038842066	1	1	4	0
6	304	0.0	0.116477900393	1	1	4	1
6	92	0.0	0.105028891399	1	1	2	11
6	179	0.0	0.105077242796	1	1	1	4
6	138	0.0	0.106076591076	1	1	3	0
6	249	0.0	0.055282064504	1	1	1	10
6	243	0.0	0.105038797241	1	1	3	1
6	29	0.0	0.105029041215	1	1	2	13
6	288	0.0	0.105038631935	1	1	5	3
6	241	0.0	0.055282225306	1	1	5	9
6	166	0.0	0.119784953339	1	1	1	4
6	31	0.0	0.055282272938	1	1	7	6
6	208	0.0	0.055282322342	1	1	2	13
6	144	0.0	0.105077455873	1	1	4	7
6	80	0.0	0.055282372274	1	1	3	7
6	132	0.0	0.117319724357	1	1	3	2
6	286	0.0	0.106053983918	1	1	5	2
6	74	0.0	0.118344588122	1	1	2	0
6	95	0.0	0.05528236532	1	1	1	5
6	129	0.0	0.05528191845	1	1	1	7
6	215	0.0	0.055281893825	1	1	4	11
6	151	0.0	0.105077325788	1	1	2	3
6	298	0.0	0.055281973376	1	1	6	16
6	66	0.0	0.105029031531	1	1	3	10
6	174	NA 	 NA 	0	0	0	0
6	90	0.0	0.055282118006	1	1	4	1
6	194	0.0	0.105029014	1	1	2	1
6	148	0.0	0.105038571399	1	1	5	7
6	152	0.0	0.1162957158	1	1	1	0
6	51	0.0	0.055281699806	1	1	2	15
6	11	0.0	0.055282239474	1	1	5	9
6	84	0.0	0.055281895075	1	1	3	5
6	190	0.0	0.105028814021	1	1	4	3
6	1	0.0	0.117319774948	1	1	3	2
6	38	0.0	0.105028781399	1	1	1	8
6	177	0.0	0.055282114776	1	1	5	8
6	209	0.0	0.105029047947	1	1	4	4
6	58	0.0	0.105028797272	1	1	3	13
6	60	0.0	0.055282278341	1	1	1	7
6	306	0.0	0.120822526285	1	1	4	2
6	246	0.0	0.105038869353	1	1	6	1
6	136	0.0	0.105077330346	1	1	3	8
6	240	0.0	0.055282239167	1	1	1	6
6	308	NA 	 NA 	0	0	0	0
6	162	0.0	0.111174798824	1	1	3	1
6	91	0.0	0.109126629247	1	1	7	2
6	220	0.0	0.119784956936	1	1	1	1
6	111	0.0	0.05528223874	1	1	1	2
6	20	0.0	0.055282254575	1	1	2	8
6	13	0.0	0.117319874766	1	1	3	2
6	5	0.0	0.105077416367	1	1	1	8
6	250	0.0	0.055281914348	1	1	2	10
6	47	0.0	0.11429934895	1	1	4	2
6	36	0.0	0.055281570335	1	1	0	14
6	300	0.0	0.119785028965	1	1	1	3
6	206	0.0	0.107077983142	1	1	2	0
6	305	0.0	0.119785052618	1	1	1	1
6	280	0.0	0.055281834556	1	1	2	12
6	150	0.0	0.121872520678	1	1	3	2
6	273	0.0	0.121872386716	1	1	1	3
6	146	0.0	0.055281860732	1	1	2	13
6	268	0.0	0.055281580213	1	1	0	7
6	210	0.0	0.105028992493	1	1	4	6
6	155	0.0	0.117320321649	1	1	3	0
6	267	0.0	0.055281991787	1	1	4	2
6	30	0.0	0.05528212649	1	1	4	1
6	222	0.0	0.055281595276	1	1	0	10
6	76	0.0	0.106222207076	1	1	2	2
6	291	0.0	0.120822472887	1	1	3	3
6	204	0.0	0.105077471072	1	1	4	2
6	139	0.0	0.105077473126	1	1	4	1
6	272	0.0	0.055282267832	1	1	8	1
6	251	0.0	0.120822514528	1	1	3	1
6	88	0.0	0.107078585661	1	1	2	3
6	284	0.0	0.10503854265	1	1	3	1
6	265	0.0	0.05528207473	1	1	6	9
6	242	0.0	0.105029050532	1	1	2	7
6	270	0.0	0.119784830391	1	1	1	3
6	55	0.0	0.055282369753	1	1	3	8
6	145	0.0	0.119784807212	1	1	0	0
6	28	0.0	0.105028603075	1	1	0	10
6	238	0.0	0.105028658739	1	1	0	11
6	225	0.0	0.055282131314	1	1	1	14
6	114	0.0	0.05528204885	1	1	2	9
6	54	0.0	0.105038478318	1	1	2	8
6	125	0.0	0.055282096512	1	1	2	8
6	255	0.0	0.105028761589	1	1	1	5
6	195	0.0	0.05528224061	1	1	6	9
6	109	0.0	0.105077202941	1	1	2	7
6	19	0.0	0.055281955791	1	1	3	8
6	3	0.0	0.055281800192	1	1	2	10
6	27	0.0	0.117320274849	1	1	2	1
6	142	0.0	0.11015083768	1	1	3	2
6	233	0.0	0.106222280757	1	1	3	3
6	107	0.0	0.105038907672	1	1	3	1
6	224	0.0	0.106053789837	1	1	5	2
6	261	0.0	0.105028988471	1	1	3	7
6	15	0.0	0.116477884544	1	1	6	5
6	67	0.0	0.117319875622	1	1	3	2
6	140	0.0	0.119784898105	1	1	1	3
6	120	0.0	0.106053795493	1	1	4	2
6	26	0.0	0.055282249271	1	1	1	18
6	178	0.0	0.105038827311	1	1	5	6
6	122	0.0	0.05528204538	1	1	4	8
6	64	0.0	0.105077424228	1	1	1	3
6	99	0.0	0.105028736135	1	1	3	11
6	110	0.0	0.105038870883	1	1	7	3
6	171	0.0	0.055282282879	1	1	1	14
6	196	0.0	0.11731994181	1	1	4	2
6	228	0.0	0.055282291264	1	1	3	3
6	202	0.0	0.105029071952	1	1	2	6
6	231	0.0	0.117735927139	1	1	2	1
6	24	0.0	0.055282271065	1	1	2	6
6	93	0.0	0.105077388341	1	1	3	2
6	175	0.0	0.117736151808	1	1	1	1
6	226	0.0	0.106222705044	1	1	7	6
6	176	0.0	0.107077998846	1	1	5	0
6	123	0.0	0.055282288594	1	1	7	6
6	244	0.0	0.055282335905	1	1	2	6
6	35	0.0	0.105029066791	1	1	3	3
6	213	0.0	0.106222332556	1	1	3	7
6	68	0.0	0.105028915763	1	1	4	5
6	235	0.0	0.055282237418	1	1	2	7
6	227	0.0	0.05528232762	1	1	3	7
6	287	0.0	0.105077096231	1	1	1	6
6	17	0.0	0.055282216304	1	1	4	8
6	75	0.0	0.055282233042	1	1	5	9
6	191	0.0	0.105028708226	1	1	2	11
6	157	0.0	0.116477737701	1	1	5	2
6	211	0.0	0.11978504034	1	1	2	1
6	22	0.0	0.055281871786	1	1	1	2
6	16	0.0	0.11732010448	1	1	2	0
6	82	0.0	0.055282316574	1	1	5	8
6	285	0.0	0.05528205185	1	1	1	15
6	299	0.0	0.116478208846	1	1	4	2
6	161	0.0	0.055282312322	1	1	2	11
6	18	0.0	0.117320180434	1	1	2	2
6	112	0.0	0.055282042614	1	1	1	9
6	113	0.0	0.10503853569	1	1	3	4
6	252	0.0	0.055281946328	1	1	3	12
6	154	0.0	0.055282307092	1	1	4	7
6	297	0.0	0.055281954974	1	1	1	0
6	248	0.0	0.110150753417	1	1	3	2
6	277	0.0	0.121960585171	1	1	0	0
6	181	0.0	0.055281892738	1	1	4	9
6	282	0.0	0.117320018783	1	1	2	2
6	257	0.0	0.106222538744	1	1	7	6
6	198	0.0	0.105077209753	1	1	1	4
6	203	0.0	0.105029062681	1	1	4	7
6	143	0.0	0.10912654515	1	1	7	1
6	100	0.0	0.105029084574	1	1	2	7
6	69	0.0	0.117319724106	1	1	2	1
6	262	0.0	0.106076187905	1	1	0	3
6	0	0.0	0.055281927515	1	1	6	10
6	2	0.0	0.105028683664	1	1	0	11
6	4	0.0	0.121872538943	1	1	2	3
6	6	0.0	0.105029013991	1	1	1	8
6	8	0.0	0.05528189224	1	1	1	9
6	197	0.0	0.117319905732	1	1	4	0
6	9	0.0	0.105038794428	1	1	5	6
6	10	0.0	0.105029006084	1	1	3	13
6	199	0.0	0.105038596084	1	1	6	3
6	12	0.0	0.105077308648	1	1	3	2
6	200	0.0	0.107078546532	1	1	0	1
6	14	0.0	0.116477889153	1	1	4	1
6	21	0.0	0.106053767983	1	1	5	5
6	201	0.0	0.120822514335	1	1	5	1
6	23	0.0	0.105028796921	1	1	3	16
6	274	0.0	0.055281605047	1	1	0	12
6	25	0.0	0.116477746204	1	1	5	1
6	205	0.0	0.107078610445	1	1	1	3
6	32	0.0	0.116477712326	1	1	2	0
6	33	0.0	0.11978498298	1	1	2	0
6	295	0.0	0.105028926501	1	1	3	2
6	207	0.0	0.106222416945	1	1	6	7
6	293	0.0	0.106222736437	1	1	4	3
6	39	0.0	0.055282369251	1	1	3	9
6	40	0.0	0.105028585863	1	1	4	5
6	42	0.0	0.10502901952	1	1	1	6
6	43	0.0	0.105028927931	1	1	4	2
6	44	0.0	0.055282411225	1	1	3	11
6	46	0.0	0.055282339722	1	1	3	11
6	49	0.0	0.055281902432	1	1	3	13
6	216	0.0	0.055282217176	1	1	3	14
6	217	0.0	0.119784941495	1	1	3	3
6	50	0.0	0.119784974001	1	1	2	4
6	278	0.0	0.117736309352	1	1	2	4
6	53	0.0	0.055282212965	1	1	5	12
6	218	0.0	0.055282265154	1	1	5	4
6	219	0.0	0.105038510331	1	1	5	7
6	56	0.0	0.105028824675	1	1	1	4
6	57	0.0	0.055281952455	1	1	0	10
6	302	0.0	0.105038804762	1	1	3	4
6	59	0.0	0.11647782164	1	1	5	5
6	221	0.0	0.119784732671	1	1	1	4
6	61	0.0	0.055282068948	1	1	7	8
6	62	0.0	0.055282221493	1	1	6	14
6	229	0.0	0.055282176224	1	1	1	10
6	70	0.0	0.055282316148	1	1	3	7
6	72	0.0	0.10503835334	1	1	3	7
6	296	0.0	0.0552815885	1	1	0	17
6	230	0.0	0.117320112779	1	1	2	2
6	307	0.0	0.055282047312	1	1	5	9
6	234	0.0	0.119785003298	1	1	2	2
6	86	0.0	0.105038707947	1	1	2	3
6	87	0.0	0.106076121086	1	1	2	3
6	236	0.0	0.105028928522	1	1	3	6
6	237	0.0	0.055282352682	1	1	4	0
6	239	0.0	0.105029004078	1	1	3	0
6	94	0.0	0.105077171563	1	1	1	4
6	96	0.0	0.05528201512	1	1	2	9
6	97	0.0	0.119784915939	1	1	2	4
6	294	0.0	0.119784964436	1	1	2	4
6	245	0.0	0.055281895952	1	1	3	9
6	102	0.0	0.117319876903	1	1	1	0
6	103	0.0	0.105038779379	1	1	3	6
6	105	0.0	0.055281919251	1	1	0	6
6	106	0.0	0.105077445304	1	1	2	4
6	253	0.0	0.105038943797	1	1	3	5
6	254	0.0	0.106076133592	1	1	2	4
6	116	0.0	0.121872640453	1	1	2	3
6	118	0.0	0.117736508515	1	1	1	1
6	119	0.0	0.106222705873	1	1	8	3
6	258	0.0	0.116477881749	1	1	5	2
6	259	0.0	0.111174899815	1	1	6	0
6	121	0.0	0.055281691084	1	1	0	6
6	289	0.0	0.105077281987	1	1	0	3
6	124	0.0	0.055281932112	1	1	1	12
6	290	0.0	0.055282284087	1	1	7	3
6	264	0.0	0.055282199139	1	1	2	2
6	128	0.0	0.117319672788	1	1	3	1
6	131	0.0	0.05528168242	1	1	1	16
6	134	0.0	0.117319809901	1	1	2	2
6	135	0.0	0.105038782486	1	1	2	0
6	137	0.0	0.105029048078	1	1	3	6
6	141	0.0	0.105038452729	1	1	3	6
6	147	0.0	0.116477597389	1	1	2	0
6	149	0.0	0.105077405379	1	1	1	2
6	158	0.0	0.055281630043	1	1	0	11
6	160	0.0	0.110150772279	1	1	3	0
6	163	0.0	0.055282352703	1	1	3	4
6	164	0.0	0.055282338002	1	1	3	8
6	165	0.0	0.117319931438	1	1	3	0
6	167	0.0	0.10503876366	1	1	4	3
6	168	0.0	0.107078406718	1	1	2	2
6	170	0.0	0.123894475909	1	1	0	1
6	180	0.0	0.123894489178	1	1	0	1
6	183	0.0	0.10502901969	1	1	4	6
6	184	0.0	0.106222361552	1	1	4	6
6	185	0.0	0.116477880812	1	1	5	0
6	187	0.0	0.055281893733	1	1	1	13
6	292	0.0	0.119784820642	1	1	1	2
6	189	0.0	0.105038792318	1	1	4	2
6	192	0.0	0.055282220395	1	1	3	8
7	183	NA 	 NA 	0	0	0	0
7	167	NA 	 NA 	0	0	0	0
7	172	NA 	 NA 	0	0	0	0
7	43	NA 	 NA 	0	0	0	0
7	86	NA 	 NA 	0	0	0	0
7	152	NA 	 NA 	0	0	0	0
7	103	NA 	 NA 	0	0	0	0
7	107	0.0	0.109913674813	1	1	3	2
7	11	0.0	0.055049642401	1	1	4	8
7	40	0.0	0.105070718483	1	1	9	2
7	147	0.0	0.105070418613	1	1	3	3
7	99	0.0	0.105039125601	1	1	2	1
7	156	0.0	0.115281869686	1	1	6	0
7	188	0.0	0.106099127301	1	1	5	8
7	18	0.0	0.10740050268	1	1	3	0
7	202	0.0	0.106098817828	1	1	7	10
7	262	0.0	0.105039447816	1	1	2	3
7	204	0.0	0.055049635587	1	1	3	11
7	270	0.0	0.105074685063	1	1	8	11
7	100	0.0	0.105074499053	1	1	8	9
7	30	0.0	0.055049717361	1	1	5	6
7	255	0.0	0.055049693467	1	1	9	10
7	138	0.0	0.105074441131	1	1	5	13
7	248	0.0	0.111185517282	1	1	5	1
7	196	0.0	0.055049386441	1	1	5	14
7	253	0.0	0.113233797237	1	1	3	2
7	163	0.0	0.120732271365	1	1	7	1
7	13	0.0	0.11528176825	1	1	8	1
7	182	0.0	0.105070537885	1	1	3	2
7	134	0.0	0.106099157739	1	1	7	7
7	126	0.0	0.055049783501	1	1	5	9
7	229	0.0	0.055049452631	1	1	6	10
7	5	0.0	0.12073262435	1	1	7	2
7	17	0.0	0.055049420194	1	1	2	6
7	16	0.0	0.055049488378	1	1	2	13
7	48	0.0	0.105070755329	1	1	2	4
7	231	0.0	0.055049774616	1	1	6	10
7	29	0.0	0.055049073693	1	1	1	11
7	246	0.0	0.055049484789	1	1	2	10
7	300	0.0	0.055049545493	1	1	5	11
7	258	0.0	0.121578093041	1	1	3	2
7	64	0.0	0.120046816608	1	1	2	0
7	228	0.0	0.118420455748	1	1	6	1
7	199	0.0	0.055049258016	1	1	8	11
7	125	0.0	0.116344999831	1	1	0	2
7	224	0.0	0.055049252518	1	1	1	11
7	33	0.0	0.05504970879	1	1	5	6
7	78	0.0	0.055049717251	1	1	6	8
7	37	0.0	0.127716505206	1	1	1	0
7	263	0.0	0.115320967705	1	1	2	5
7	272	0.0	0.105039237754	1	1	2	10
7	45	0.0	0.119457739041	1	1	4	5
7	10	0.0	0.055049510295	1	1	2	4
7	87	0.0	0.106099162216	1	1	7	2
7	273	0.0	0.117920695699	1	1	3	1
7	24	0.0	0.05504972169	1	1	5	10
7	42	0.0	0.119538731589	1	1	8	3
7	210	0.0	0.120732045461	1	1	7	2
7	230	0.0	0.105074482539	1	1	4	9
7	67	0.0	0.105038938814	1	1	2	11
7	44	0.0	0.116345536195	1	1	2	5
7	162	0.0	0.121054085795	1	1	5	0
7	214	0.0	0.10609914827	1	1	6	7
7	294	0.0	0.120046846138	1	1	3	1
7	189	0.0	0.107813085363	1	1	4	2
7	130	0.0	0.105039399622	1	1	11	3
7	209	0.0	0.10947144451	1	1	7	2
7	60	0.0	0.115281638471	1	1	8	1
7	242	0.0	0.055049637726	1	1	6	12
7	184	0.0	0.055049663912	1	1	5	11
7	46	0.0	0.05504928831	1	1	9	14
7	259	0.0	0.10507078942	1	1	6	1
7	0	0.0	0.055049568753	1	1	5	15
7	75	0.0	0.111185390845	1	1	4	1
7	169	0.0	0.116345331592	1	1	2	3
7	260	0.0	0.106099238126	1	1	3	1
7	244	0.0	0.106099151073	1	1	7	1
7	76	0.0	0.055049062552	1	1	1	8
7	254	0.0	0.11945753772	1	1	3	5
7	251	0.0	0.055049618146	1	1	2	13
7	85	0.0	0.119538873985	1	1	7	0
7	133	0.0	0.106099204336	1	1	8	3
7	104	0.0	0.055049204144	1	1	4	10
7	82	0.0	0.055049393219	1	1	7	7
7	35	0.0	0.055049767681	1	1	8	9
7	281	0.0	0.113233529564	1	1	1	4
7	220	0.0	0.115281878208	1	1	6	0
7	92	0.0	0.055049654081	1	1	2	6
7	295	0.0	0.108112702922	1	1	1	0
7	211	0.0	0.117382932225	1	1	1	8
7	81	0.0	0.105038978482	1	1	2	5
7	177	0.0	0.055048945286	1	1	0	13
7	7	0.0	0.106098821934	1	1	8	8
7	173	0.0	0.11953871861	1	1	8	3
7	2	0.0	0.105074549559	1	1	4	12
7	84	0.0	0.055049750409	1	1	3	8
7	83	0.0	0.112209387329	1	1	8	1
7	70	0.0	0.055049694129	1	1	8	10
7	250	0.0	0.055049366333	1	1	3	4
7	19	0.0	0.107813027806	1	1	4	2
7	193	0.0	0.116345465486	1	1	3	8
7	145	0.0	0.055049601246	1	1	5	9
7	252	0.0	0.055049660636	1	1	7	7
7	206	0.0	0.105039248501	1	1	6	9
7	8	0.0	0.055049376118	1	1	3	0
7	187	0.0	0.05504956013	1	1	9	11
7	234	0.0	0.112209062477	1	1	7	0
7	283	0.0	0.105039343493	1	1	7	3
7	297	0.0	0.106098912585	1	1	3	0
7	38	0.0	0.105070361189	1	1	9	9
7	299	0.0	0.111185283309	1	1	4	1
7	233	0.0	0.055049696366	1	1	4	0
7	72	0.0	0.105074512935	1	1	8	7
7	170	0.0	0.116345592684	1	1	3	9
7	95	0.0	0.116345573745	1	1	1	1
7	143	0.0	0.055049604201	1	1	7	6
7	207	0.0	0.055049144948	1	1	4	11
7	153	0.0	0.119538938255	1	1	7	0
7	142	0.0	0.108112744973	1	1	2	2
7	185	0.0	0.120732131544	1	1	7	3
7	180	0.0	0.120732493075	1	1	6	0
7	110	0.0	0.05504963948	1	1	2	12
7	240	0.0	0.10507447883	1	1	3	14
7	109	0.0	0.055049652703	1	1	8	6
7	132	0.0	0.055049547504	1	1	3	8
7	191	0.0	0.055049615071	1	1	6	8
7	1	0.0	0.119457415489	1	1	2	0
7	23	0.0	0.055049643159	1	1	7	12
7	161	0.0	0.055049314914	1	1	1	10
7	56	0.0	0.105074491586	1	1	2	13
7	155	0.0	0.105039437376	1	1	9	1
7	168	0.0	0.133109188059	1	1	0	0
7	80	0.0	0.055049480431	1	1	1	5
7	27	0.0	0.109913664236	1	1	3	2
7	289	0.0	0.106099123143	1	1	3	6
7	221	0.0	0.111185540766	1	1	3	0
7	116	0.0	0.111184700531	1	1	5	1
7	31	0.0	0.055049226614	1	1	2	11
7	124	0.0	0.106099129854	1	1	7	1
7	96	0.0	0.120732679849	1	1	7	1
7	290	0.0	0.120732564651	1	1	7	3
7	28	0.0	0.121578100768	1	1	2	1
7	141	0.0	0.116344996548	1	1	1	5
7	102	0.0	0.055049307848	1	1	5	11
7	115	0.0	0.055049087759	1	1	2	12
7	3	0.0	0.055049758219	1	1	1	1
7	59	0.0	0.119457821751	1	1	6	1
7	69	0.0	0.055049333705	1	1	4	10
7	144	0.0	0.055049136234	1	1	3	6
7	6	0.0	0.055049311442	1	1	1	10
7	49	0.0	0.115320672685	1	1	3	3
7	117	0.0	0.05504937004	1	1	2	14
7	129	0.0	0.055049359676	1	1	3	13
7	15	0.0	0.055049519467	1	1	4	12
7	164	0.0	0.10507448086	1	1	6	12
7	159	0.0	0.113233300989	1	1	3	2
7	236	0.0	0.055049017703	1	1	0	12
7	139	0.0	0.105074482188	1	1	8	8
7	52	0.0	0.107813205352	1	1	4	4
7	105	0.0	0.055049583806	1	1	2	7
7	175	0.0	0.119538858179	1	1	7	0
7	151	0.0	0.055049258508	1	1	4	12
7	239	0.0	0.055049586201	1	1	2	7
7	280	0.0	0.055049734731	1	1	2	3
7	58	0.0	0.116645097781	1	1	5	0
7	90	0.0	0.10609917123	1	1	5	4
7	291	0.0	0.055049344071	1	1	4	8
7	208	0.0	0.105039425496	1	1	4	3
7	150	0.0	0.10507071604	1	1	9	0
7	195	0.0	0.121577886259	1	1	2	1
7	41	0.0	0.119539007658	1	1	8	0
7	108	0.0	0.105074518388	1	1	5	12
7	200	0.0	0.108112872582	1	1	5	1
7	247	0.0	0.055049618923	1	1	2	13
7	298	0.0	0.055049470407	1	1	6	9
7	34	0.0	0.105074559581	1	1	4	9
7	97	0.0	0.114257467674	1	1	4	1
7	219	0.0	0.10633672202	1	1	10	2
7	275	0.0	0.055049451072	1	1	6	8
7	286	0.0	0.055049286998	1	1	2	16
7	66	0.0	0.105074492639	1	1	6	9
7	160	0.0	0.116345152125	1	1	1	3
7	217	0.0	0.121054105324	1	1	5	2
7	68	0.0	0.055049710112	1	1	6	15
7	292	0.0	0.05504924696	1	1	4	4
7	20	0.0	0.116345042791	1	1	2	2
7	73	0.0	0.11634549077	1	1	1	4
7	114	0.0	0.055049668398	1	1	2	6
7	54	0.0	0.05504976528	1	1	6	9
7	296	0.0	0.120732613171	1	1	7	3
7	55	0.0	0.105039055289	1	1	5	2
7	305	0.0	0.105070333438	1	1	8	3
7	174	0.0	0.105039406781	1	1	10	12
7	94	0.0	0.055049449002	1	1	6	7
7	264	0.0	0.055049663543	1	1	2	7
7	26	0.0	0.105070536308	1	1	5	6
7	127	0.0	0.106336742537	1	1	10	8
7	303	0.0	0.055049740008	1	1	5	5
7	238	0.0	0.105070274253	1	1	5	5
7	9	0.0	0.10633689716	1	1	5	2
7	47	0.0	0.055049647698	1	1	8	5
7	266	0.0	0.055049201595	1	1	0	6
7	65	0.0	0.055049590879	1	1	8	11
7	265	0.0	0.120732311802	1	1	7	0
7	215	0.0	0.055049554616	1	1	8	7
7	88	0.0	0.055049426801	1	1	2	5
7	123	0.0	0.055049675959	1	1	5	9
7	178	0.0	0.055049329389	1	1	4	13
7	278	0.0	0.055049369495	1	1	2	3
7	279	0.0	0.055049617236	1	1	3	12
7	249	0.0	0.105074374645	1	1	2	11
7	304	0.0	0.105039390053	1	1	10	9
7	4	0.0	0.119457563535	1	1	4	6
7	12	0.0	0.119457660626	1	1	4	1
7	201	0.0	0.055049656461	1	1	6	5
7	14	0.0	0.105070382476	1	1	9	2
7	21	0.0	0.105039389051	1	1	10	5
7	22	0.0	0.115152560015	1	1	3	0
7	25	0.0	0.113233234689	1	1	2	2
7	203	0.0	0.055049594551	1	1	2	12
7	205	0.0	0.055049278994	1	1	6	6
7	301	0.0	0.119538804172	1	1	9	3
7	32	0.0	0.108112860797	1	1	4	1
7	36	0.0	0.10507081613	1	1	10	2
7	198	0.0	0.120046848135	1	1	3	2
7	212	0.0	0.107813071893	1	1	3	0
7	213	0.0	0.055048970987	1	1	1	13
7	39	0.0	0.113233665501	1	1	2	1
7	50	0.0	0.117383002812	1	1	2	2
7	51	0.0	0.116345249871	1	1	2	0
7	53	0.0	0.055049597498	1	1	5	9
7	216	0.0	0.055049572651	1	1	7	6
7	218	0.0	0.116305926238	1	1	8	0
7	57	0.0	0.055049443634	1	1	3	10
7	222	0.0	0.106336867044	1	1	6	6
7	61	0.0	0.105039055681	1	1	5	4
7	62	0.0	0.120732324958	1	1	7	1
7	223	0.0	0.105039067397	1	1	5	7
7	63	0.0	0.106099170108	1	1	8	4
7	225	0.0	0.106098972173	1	1	3	7
7	226	0.0	0.119457605624	1	1	4	3
7	227	0.0	0.120732127144	1	1	8	2
7	71	0.0	0.105074394863	1	1	4	7
7	302	0.0	0.10503941802	1	1	11	5
7	74	0.0	0.113233597004	1	1	1	2
7	77	0.0	0.116305976282	1	1	9	0
7	79	0.0	0.116345604154	1	1	3	1
7	232	0.0	0.105039146601	1	1	2	6
7	89	0.0	0.105039450855	1	1	4	9
7	235	0.0	0.105074502677	1	1	2	7
7	282	0.0	0.106336760784	1	1	9	1
7	91	0.0	0.105039397845	1	1	8	9
7	93	0.0	0.121054150513	1	1	5	2
7	237	0.0	0.129300287478	1	1	0	0
7	98	0.0	0.055049685345	1	1	2	0
7	101	0.0	0.116345190088	1	1	1	3
7	241	0.0	0.119457855176	1	1	6	1
7	106	0.0	0.119538759301	1	1	8	1
7	284	0.0	0.115281851177	1	1	10	0
7	285	0.0	0.055049686656	1	1	9	6
7	243	0.0	0.1050394787	1	1	3	8
7	111	0.0	0.116345119953	1	1	3	1
7	112	0.0	0.119538832625	1	1	7	0
7	245	0.0	0.106336733715	1	1	10	3
7	113	0.0	0.107813025727	1	1	6	2
7	118	0.0	0.055049174147	1	1	0	16
7	119	0.0	0.117382804434	1	1	1	3
7	120	0.0	0.055049376034	1	1	3	10
7	121	0.0	0.105070766081	1	1	12	2
7	287	0.0	0.055049406753	1	1	6	7
7	288	0.0	0.119457975363	1	1	6	0
7	122	0.0	0.055049582348	1	1	2	13
7	256	0.0	0.117356485712	1	1	6	0
7	257	0.0	0.116345502027	1	1	1	4
7	128	0.0	0.107813179144	1	1	4	4
7	131	0.0	0.113233739416	1	1	3	1
7	261	0.0	0.055049254171	1	1	3	16
7	135	0.0	0.055048945782	1	1	0	11
7	136	0.0	0.114336009107	1	1	1	0
7	137	0.0	0.105039390979	1	1	7	1
7	267	0.0	0.120732286767	1	1	7	3
7	140	0.0	0.055049426279	1	1	6	6
7	268	0.0	0.119538722646	1	1	9	3
7	269	0.0	0.115973337546	1	1	4	0
7	146	0.0	0.105074643889	1	1	5	12
7	148	0.0	0.105039187683	1	1	2	9
7	149	0.0	0.055049343225	1	1	5	12
7	154	0.0	0.055049649652	1	1	3	7
7	157	0.0	0.1050390592	1	1	5	3
7	158	0.0	0.055049589591	1	1	2	7
7	271	0.0	0.10507074106	1	1	11	3
7	165	0.0	0.055049700316	1	1	6	9
7	166	0.0	0.055049161475	1	1	5	9
7	293	0.0	0.119538953027	1	1	7	0
7	171	0.0	0.116344960741	1	1	1	1
7	176	0.0	0.105039388359	1	1	11	8
7	179	0.0	0.105074494296	1	1	4	0
7	181	0.0	0.105074524868	1	1	2	9
7	274	0.0	0.055049392449	1	1	5	6
7	186	0.0	0.106099301122	1	1	3	7
7	190	0.0	0.055049673241	1	1	8	10
7	192	0.0	0.110472550862	1	1	4	1
7	276	0.0	0.117356585175	1	1	7	1
7	194	0.0	0.105070791102	1	1	11	2
7	277	0.0	0.055049600532	1	1	2	7
7	197	0.0	0.119457689755	1	1	2	6
8	126	NA 	 NA 	0	0	0	0
8	50	NA 	 NA 	0	0	0	0
8	4	NA 	 NA 	0	0	0	0
8	24	NA 	 NA 	0	0	0	0
8	15	NA 	 NA 	0	0	0	0
8	217	NA 	 NA 	0	0	0	0
8	274	NA 	 NA 	0	0	0	0
8	147	NA 	 NA 	0	0	0	0
8	86	NA 	 NA 	0	0	0	0
8	299	NA 	 NA 	0	0	0	0
8	90	NA 	 NA 	0	0	0	0
8	198	NA 	 NA 	0	0	0	0
8	129	NA 	 NA 	0	0	0	0
8	110	0.0	0.05519647487	1	1	4	8
8	213	0.0	0.105072162596	1	1	10	1
8	85	0.0	0.055196530983	1	1	2	12
8	298	0.0	0.108294558298	1	1	8	0
8	79	0.0	0.055196700713	1	1	5	7
8	40	0.0	0.055196605114	1	1	4	15
8	236	0.0	0.055196152083	1	1	7	6
8	117	0.0	0.108294472672	1	1	9	1
8	67	0.0	0.108294514689	1	1	9	2
8	10	0.0	0.113376360411	1	1	7	1
8	1	0.0	0.117449477411	1	1	2	3
8	163	0.0	0.055196038869	1	1	0	2
8	179	0.0	0.105071833393	1	1	5	1
8	134	0.0	0.11950244099	1	1	2	2
8	35	0.0	0.055196190568	1	1	1	7
8	100	0.0	0.117473822829	1	1	8	4
8	76	0.0	0.105072122754	1	1	6	1
8	81	0.0	0.11190728185	1	1	4	0
8	302	NA 	 NA 	0	0	0	0
8	165	0.0	0.0551962726	1	1	4	7
8	272	0.0	0.105078045121	1	1	3	4
8	97	0.0	0.105077994946	1	1	3	6
8	125	0.0	0.055196544832	1	1	2	9
8	252	0.0	0.117376380827	1	1	3	2
8	290	0.0	0.10507196196	1	1	3	0
8	218	0.0	0.132088257615	1	1	3	0
8	263	0.0	0.117473838046	1	1	5	0
8	9	0.0	0.110232839776	1	1	5	0
8	294	0.0	0.125673503364	1	1	4	0
8	162	0.0	0.055196522942	1	1	0	0
8	41	0.0	0.055196369208	1	1	4	6
8	188	0.0	0.132088303472	1	1	3	0
8	124	0.0	0.055196522508	1	1	4	2
8	258	0.0	0.117473953733	1	1	6	2
8	128	0.0	0.121059717513	1	1	1	0
8	56	0.0	0.055196328499	1	1	2	8
8	224	0.0	0.117449776955	1	1	3	0
8	37	0.0	0.105076584214	1	1	8	5
8	182	0.0	0.117473932019	1	1	6	4
8	71	0.0	0.105078055394	1	1	7	6
8	173	0.0	0.114400681481	1	1	5	2
8	279	0.0	0.11747394315	1	1	5	0
8	171	0.0	0.116449806468	1	1	2	0
8	44	0.0	0.105071988122	1	1	6	1
8	249	0.0	0.114400767381	1	1	4	1
8	102	0.0	0.055196298098	1	1	8	4
8	25	0.0	0.10507660858	1	1	9	7
8	265	0.0	0.055196273037	1	1	8	13
8	211	0.0	0.105077914094	1	1	5	5
8	6	0.0	0.105072028717	1	1	5	1
8	180	0.0	0.117449680619	1	1	5	2
8	196	0.0	0.105214716599	1	1	5	1
8	287	0.0	0.105214720179	1	1	5	2
8	83	0.0	0.105076481531	1	1	7	5
8	194	0.0	0.055196646758	1	1	5	3
8	176	0.0	0.05519651059	1	1	4	7
8	260	0.0	0.105214473873	1	1	5	3
8	26	0.0	0.105214433003	1	1	6	5
8	243	0.0	0.117363383004	1	1	6	0
8	8	0.0	0.055196266133	1	1	1	8
8	242	0.0	0.105076194442	1	1	10	7
8	205	0.0	0.105076621336	1	1	6	7
8	18	0.0	0.118733857526	1	1	4	1
8	167	0.0	0.105077831829	1	1	2	7
8	209	0.0	0.105076635489	1	1	9	1
8	283	0.0	0.110304231073	1	1	8	2
8	98	0.0	0.118734129781	1	1	6	3
8	61	0.0	0.055196508296	1	1	7	11
8	131	0.0	0.106569012798	1	1	6	3
8	112	0.0	0.055196221628	1	1	8	13
8	271	0.0	0.117363244813	1	1	6	0
8	278	0.0	0.118734001308	1	1	6	0
8	57	0.0	0.105071751809	1	1	4	5
8	118	0.0	0.055196290509	1	1	2	6
8	78	0.0	0.105076460808	1	1	7	14
8	68	0.0	0.105076566059	1	1	10	10
8	95	0.0	0.119490225875	1	1	7	0
8	183	0.0	0.105078097706	1	1	8	3
8	174	0.0	0.055196361157	1	1	2	9
8	49	0.0	0.055196571682	1	1	3	7
8	259	0.0	0.105076487403	1	1	7	4
8	195	0.0	0.105076136421	1	1	6	8
8	291	0.0	0.055196289299	1	1	4	8
8	137	0.0	0.055196412059	1	1	1	10
8	255	0.0	0.117376369933	1	1	3	0
8	214	0.0	0.055196239916	1	1	3	8
8	77	0.0	0.055195978446	1	1	1	16
8	256	0.0	0.106180671769	1	1	8	2
8	12	0.0	0.105076574037	1	1	6	8
8	30	0.0	0.055196202931	1	1	7	12
8	87	0.0	0.105076374051	1	1	7	7
8	303	NA 	 NA 	0	0	0	0
8	103	0.0	0.118734023681	1	1	5	1
8	75	0.0	0.117449485738	1	1	2	3
8	60	0.0	0.055196517619	1	1	1	11
8	141	0.0	0.118387946133	1	1	5	0
8	33	0.0	0.105077906508	1	1	6	8
8	181	0.0	0.055196158702	1	1	8	12
8	273	0.0	0.105076161395	1	1	6	7
8	208	0.0	0.117363403001	1	1	9	1
8	149	0.0	0.114401102056	1	1	7	4
8	153	0.0	0.11873419689	1	1	6	1
8	262	0.0	0.106097010912	1	1	7	3
8	282	0.0	0.055196493147	1	1	6	0
8	264	0.0	0.118387880329	1	1	6	0
8	266	0.0	0.055196265643	1	1	7	8
8	13	0.0	0.055196484485	1	1	6	11
8	119	0.0	0.106569005128	1	1	8	1
8	130	0.0	0.118734195476	1	1	6	2
8	189	0.0	0.055196552879	1	1	7	12
8	121	0.0	0.119490281446	1	1	6	0
8	285	0.0	0.114401081711	1	1	7	1
8	212	0.0	0.110304147423	1	1	8	1
8	241	0.0	0.105071766356	1	1	2	0
8	232	0.0	0.118387563652	1	1	6	1
8	166	0.0	0.117363334468	1	1	8	0
8	54	0.0	0.105072169669	1	1	6	0
8	150	0.0	0.105078038642	1	1	8	5
8	202	0.0	0.105077828905	1	1	3	7
8	22	0.0	0.055196582189	1	1	6	4
8	185	0.0	0.055196505208	1	1	4	8
8	280	0.0	0.105077922388	1	1	6	8
8	42	0.0	0.105072049862	1	1	6	3
8	94	0.0	0.108423772722	1	1	3	2
8	96	0.0	0.118734278305	1	1	6	2
8	192	0.0	0.11030407249	1	1	8	0
8	136	0.0	0.105077583922	1	1	4	11
8	120	0.0	0.055196329322	1	1	6	13
8	38	0.0	0.117449618105	1	1	1	0
8	52	0.0	0.117474184326	1	1	6	4
8	250	0.0	0.117449881168	1	1	2	0
8	203	0.0	0.10507641332	1	1	9	5
8	248	0.0	0.055195900808	1	1	0	15
8	215	0.0	0.107270158329	1	1	9	2
8	106	0.0	0.055196155226	1	1	2	4
8	101	0.0	0.105072143955	1	1	3	4
8	168	0.0	0.105078019725	1	1	3	6
8	28	0.0	0.105077738468	1	1	3	8
8	275	0.0	0.055196346305	1	1	4	8
8	267	0.0	0.055196586108	1	1	5	11
8	59	0.0	0.055196541458	1	1	2	0
8	210	0.0	0.106568949733	1	1	6	2
8	92	0.0	0.117473787301	1	1	5	0
8	193	0.0	0.105078017257	1	1	4	8
8	156	0.0	0.106568895876	1	1	7	1
8	23	0.0	0.055196557339	1	1	6	8
8	142	0.0	0.055196218529	1	1	4	13
8	31	0.0	0.118734219936	1	1	6	3
8	63	0.0	0.055196414938	1	1	8	4
8	47	0.0	0.105077901996	1	1	4	6
8	53	0.0	0.055196199746	1	1	4	6
8	237	0.0	0.055196611568	1	1	2	4
8	253	0.0	0.117474220803	1	1	6	4
8	11	0.0	0.132088270163	1	1	3	0
8	115	0.0	0.105076186392	1	1	12	14
8	72	0.0	0.055196219809	1	1	5	13
8	114	0.0	0.10609696465	1	1	8	2
8	155	0.0	0.105076622299	1	1	8	7
8	225	0.0	0.055196176382	1	1	1	14
8	3	0.0	0.055196628745	1	1	2	10
8	14	0.0	0.118734004059	1	1	6	1
8	238	0.0	0.055196595112	1	1	5	16
8	34	0.0	0.105077701423	1	1	3	3
8	268	0.0	0.055195868772	1	1	1	5
8	91	0.0	0.118734300459	1	1	7	1
8	286	0.0	0.125673590661	1	1	3	0
8	276	0.0	0.055196189896	1	1	3	8
8	223	0.0	0.118387554436	1	1	5	0
8	64	0.0	0.055196161403	1	1	4	6
8	17	0.0	0.117473799959	1	1	6	4
8	201	0.0	0.105078178866	1	1	7	4
8	207	0.0	0.105076146266	1	1	11	3
8	113	0.0	0.055196693341	1	1	7	3
8	190	0.0	0.105077747462	1	1	3	4
8	140	0.0	0.05519653529	1	1	6	11
8	21	0.0	0.10609691034	1	1	9	4
8	65	0.0	0.105076440135	1	1	8	11
8	169	0.0	0.105071758186	1	1	5	4
8	104	0.0	0.105078049644	1	1	2	7
8	292	0.0	0.105214573212	1	1	3	6
8	159	0.0	0.105077681506	1	1	2	6
8	151	0.0	0.118387456359	1	1	5	0
8	240	0.0	0.106569158506	1	1	5	0
8	227	0.0	0.105077660489	1	1	3	7
8	261	0.0	0.105076424759	1	1	7	1
8	221	0.0	0.118387290819	1	1	5	1
8	164	0.0	0.105076166029	1	1	11	2
8	16	0.0	0.055196597018	1	1	3	7
8	288	0.0	0.055196221488	1	1	1	7
8	146	0.0	0.055196282979	1	1	6	3
8	36	0.0	0.05519656747	1	1	1	7
8	99	0.0	0.10507804134	1	1	3	5
8	123	0.0	0.117376506666	1	1	4	1
8	254	0.0	0.105076402319	1	1	8	5
8	197	0.0	0.105076525592	1	1	6	6
8	251	0.0	0.11736329612	1	1	8	1
8	226	0.0	0.055196636264	1	1	4	11
8	39	0.0	0.105077823153	1	1	2	4
8	186	0.0	0.10618065354	1	1	8	2
8	296	0.0	0.105077970253	1	1	5	6
8	234	0.0	0.117376785294	1	1	4	1
8	230	0.0	0.118734085443	1	1	3	1
8	187	0.0	0.105076494582	1	1	8	7
8	297	0.0	0.118387572249	1	1	5	0
8	222	0.0	0.117473999922	1	1	6	2
8	160	0.0	0.055196563152	1	1	8	9
8	204	0.0	0.118734198884	1	1	6	2
8	62	0.0	0.117376367769	1	1	3	2
8	154	0.0	0.118734166182	1	1	6	3
8	228	0.0	0.055196489728	1	1	8	11
8	0	0.0	0.105076278749	1	1	11	7
8	2	0.0	0.105078187414	1	1	3	5
8	5	0.0	0.055196645713	1	1	7	7
8	7	0.0	0.117450002393	1	1	7	2
8	19	0.0	0.055196646906	1	1	12	14
8	20	0.0	0.05519620861	1	1	4	6
8	216	0.0	0.116449756131	1	1	3	3
8	219	0.0	0.114401140093	1	1	7	1
8	301	0.0	0.118734259055	1	1	7	2
8	281	0.0	0.105076207763	1	1	9	14
8	220	0.0	0.112545980672	1	1	2	0
8	27	0.0	0.105076171301	1	1	6	2
8	29	0.0	0.055196260801	1	1	2	7
8	32	0.0	0.105076536703	1	1	10	8
8	43	0.0	0.118734398872	1	1	5	1
8	45	0.0	0.118734266086	1	1	8	3
8	46	0.0	0.119502557642	1	1	3	0
8	48	0.0	0.055196513641	1	1	9	10
8	51	0.0	0.118387268227	1	1	5	0
8	55	0.0	0.114400838531	1	1	5	1
8	58	0.0	0.055195909658	1	1	1	3
8	66	0.0	0.118387929845	1	1	6	1
8	229	0.0	0.108423895745	1	1	4	1
8	69	0.0	0.055196517975	1	1	4	13
8	284	0.0	0.117473831713	1	1	6	4
8	231	0.0	0.055195859284	1	1	2	9
8	70	0.0	0.125673648554	1	1	4	0
8	233	0.0	0.119502576971	1	1	3	0
8	73	0.0	0.105076543895	1	1	7	6
8	235	0.0	0.105076635524	1	1	5	3
8	74	0.0	0.117449906087	1	1	2	1
8	80	0.0	0.117473978711	1	1	6	2
8	82	0.0	0.118733853831	1	1	5	1
8	84	0.0	0.055196526979	1	1	7	10
8	88	0.0	0.055196488478	1	1	8	12
8	89	0.0	0.105076117965	1	1	6	13
8	239	0.0	0.117449967857	1	1	5	2
8	93	0.0	0.05519620276	1	1	2	12
8	244	0.0	0.105076487656	1	1	9	3
8	105	0.0	0.055196349216	1	1	7	7
8	107	0.0	0.123895403257	1	1	4	0
8	245	0.0	0.118734152816	1	1	6	2
8	246	0.0	0.105078038187	1	1	2	4
8	247	0.0	0.105076519226	1	1	8	14
8	108	0.0	0.118733939793	1	1	6	3
8	289	0.0	0.106569244985	1	1	7	2
8	109	0.0	0.055195867793	1	1	0	11
8	111	0.0	0.105076537769	1	1	6	2
8	116	0.0	0.118734025119	1	1	6	2
8	122	0.0	0.0551958494	1	1	0	15
8	257	0.0	0.105076654496	1	1	9	2
8	127	0.0	0.10727018106	1	1	8	0
8	300	0.0	0.107270174064	1	1	10	2
8	293	0.0	0.118734367222	1	1	6	1
8	132	0.0	0.119502591523	1	1	3	2
8	133	0.0	0.105072154268	1	1	5	5
8	135	0.0	0.055196024434	1	1	5	8
8	138	0.0	0.105076436156	1	1	7	14
8	139	0.0	0.118387762173	1	1	3	1
8	143	0.0	0.118734254421	1	1	6	3
8	144	0.0	0.055195884375	1	1	1	11
8	145	0.0	0.055196140109	1	1	6	11
8	148	0.0	0.105076582623	1	1	5	4
8	152	0.0	0.055196294117	1	1	4	8
8	269	0.0	0.11849832161	1	1	4	0
8	157	0.0	0.107270189064	1	1	6	1
8	158	0.0	0.106096960742	1	1	7	0
8	161	0.0	0.132088360773	1	1	3	0
8	270	0.0	0.05519656848	1	1	5	8
8	170	0.0	0.105076612908	1	1	7	1
8	172	0.0	0.105078170828	1	1	3	3
8	175	0.0	0.055196584816	1	1	4	9
8	177	0.0	0.114401175069	1	1	7	4
8	178	0.0	0.105076575344	1	1	11	3
8	184	0.0	0.105072043884	1	1	6	5
8	191	0.0	0.107269893204	1	1	6	0
8	295	0.0	0.055196688108	1	1	12	14
8	199	0.0	0.118734043729	1	1	6	3
8	200	0.0	0.114401088555	1	1	6	4
8	277	0.0	0.105072040811	1	1	4	1
8	206	0.0	0.114401114662	1	1	8	1
9	49	NA 	 NA 	0	0	0	0
9	160	NA 	 NA 	0	0	0	0
9	46	NA 	 NA 	0	0	0	0
9	4	NA 	 NA 	0	0	0	0
9	50	NA 	 NA 	0	0	0	0
9	64	NA 	 NA 	0	0	0	0
9	15	NA 	 NA 	0	0	0	0
9	217	NA 	 NA 	0	0	0	0
9	274	NA 	 NA 	0	0	0	0
9	147	NA 	 NA 	0	0	0	0
9	86	NA 	 NA 	0	0	0	0
9	90	NA 	 NA 	0	0	0	0
9	129	NA 	 NA 	0	0	0	0
9	198	0.0	0.120389934304	1	1	3	0
9	126	0.0	0.120389916176	1	1	3	0
9	85	0.0	0.055163352478	1	1	1	7
9	40	0.0	0.055163427833	1	1	3	1
9	272	0.0	0.117316134876	1	1	6	2
9	213	0.0	0.11939059293	1	1	7	0
9	67	0.0	0.108143978316	1	1	4	0
9	236	0.0	0.055162990083	1	1	6	9
9	163	0.0	0.055162813982	1	1	3	8
9	10	0.0	0.107132470593	1	1	5	2
9	117	0.0	0.108143934505	1	1	4	2
9	134	0.0	0.116293007255	1	1	5	0
9	179	0.0	0.112227083105	1	1	5	0
9	1	0.0	0.109155186462	1	1	2	4
9	81	0.0	0.108169585746	1	1	6	0
9	294	0.0	0.106081804044	1	1	2	3
9	97	0.0	0.110168368026	1	1	7	2
9	35	0.0	0.055162994583	1	1	3	8
9	100	0.0	0.111193454746	1	1	6	6
9	263	0.0	0.108143532038	1	1	2	7
9	125	0.0	0.055163364276	1	1	1	9
9	290	0.0	0.106081971871	1	1	4	0
9	76	0.0	0.106082007425	1	1	6	2
9	9	0.0	0.117382556504	1	1	7	0
9	258	0.0	0.111193134173	1	1	2	3
9	41	0.0	0.055163171174	1	1	4	6
9	124	0.0	0.055163350742	1	1	5	7
9	252	0.0	0.055163529357	1	1	5	0
9	79	0.0	0.055163523234	1	1	1	4
9	128	0.0	0.114244172978	1	1	9	0
9	37	0.0	0.106082056889	1	1	10	3
9	71	0.0	0.111193010335	1	1	2	3
9	110	0.0	0.055163294322	1	1	7	1
9	180	0.0	0.105123175382	1	1	2	6
9	173	0.0	0.107132284451	1	1	7	2
9	56	0.0	0.05516316478	1	1	7	6
9	224	0.0	0.110168711581	1	1	5	3
9	44	0.0	0.106082010085	1	1	4	0
9	279	0.0	0.109194704947	1	1	5	3
9	171	0.0	0.122438623018	1	1	0	0
9	162	0.0	0.0551634225	1	1	3	1
9	188	0.0	0.10512290854	1	1	8	4
9	182	0.0	0.106081850389	1	1	3	3
9	249	0.0	0.107132267835	1	1	5	6
9	211	0.0	0.105122952773	1	1	5	3
9	83	0.0	0.111170205446	1	1	10	3
9	6	0.0	0.106081981873	1	1	7	2
9	78	0.0	0.111170402645	1	1	7	4
9	265	0.0	0.055163065318	1	1	10	3
9	18	0.0	0.105123049703	1	1	1	2
9	288	0.0	0.105058143477	1	1	9	3
9	196	0.0	0.105058143037	1	1	7	0
9	98	0.0	0.105123200071	1	1	2	0
9	194	0.0	0.05516347914	1	1	8	5
9	260	0.0	0.105058018073	1	1	6	0
9	243	0.0	0.111170082727	1	1	14	2
9	26	0.0	0.105057990963	1	1	6	6
9	8	0.0	0.055163008194	1	1	4	10
9	25	0.0	0.111170000872	1	1	10	4
9	259	0.0	0.10512325226	1	1	8	6
9	102	0.0	0.055163123632	1	1	9	4
9	75	0.0	0.109155176599	1	1	2	3
9	242	0.0	0.126669837088	1	1	7	0
9	271	0.0	0.106082139066	1	1	12	3
9	137	0.0	0.055163303319	1	1	1	8
9	209	0.0	0.106082167611	1	1	10	4
9	283	0.0	0.108143919102	1	1	5	7
9	52	0.0	0.106081771984	1	1	1	4
9	218	0.0	0.105122849065	1	1	5	7
9	131	0.0	0.108130741589	1	1	3	7
9	57	0.0	0.123115926936	1	1	4	0
9	165	0.0	0.055163010854	1	1	5	5
9	183	0.0	0.111193026683	1	1	2	3
9	112	0.0	0.055163047159	1	1	8	4
9	30	0.0	0.055163024795	1	1	4	8
9	77	0.0	0.055162804166	1	1	3	8
9	118	0.0	0.055163112415	1	1	7	7
9	61	0.0	0.055163386906	1	1	11	7
9	174	0.0	0.055163189707	1	1	2	8
9	195	0.0	0.105123034362	1	1	11	6
9	12	0.0	0.105123135885	1	1	4	7
9	291	0.0	0.055163351728	1	1	6	5
9	299	0.0	0.055163219693	1	1	7	5
9	214	0.0	0.055163030346	1	1	6	6
9	255	0.0	0.118367273727	1	1	5	0
9	205	0.0	0.105123150719	1	1	4	4
9	256	0.0	0.108143721611	1	1	4	2
9	68	0.0	0.106082150442	1	1	11	3
9	286	0.0	0.10713261868	1	1	4	2
9	141	0.0	0.111170278416	1	1	6	3
9	33	0.0	0.105122907286	1	1	4	5
9	193	0.0	0.120402575083	1	1	4	1
9	176	0.0	0.055163319385	1	1	7	4
9	203	0.0	0.124192572068	1	1	8	0
9	262	0.0	0.108497404311	1	1	12	2
9	87	0.0	0.125229670583	1	1	8	1
9	303	0.0	0.055162765636	1	1	2	8
9	181	0.0	0.055162976361	1	1	6	7
9	273	0.0	0.105123122681	1	1	11	3
9	119	0.0	0.107106502351	1	1	4	4
9	278	0.0	0.10813046386	1	1	4	3
9	130	0.0	0.105123152874	1	1	1	0
9	149	0.0	0.106081856664	1	1	4	3
9	248	0.0	0.055162672632	1	1	2	9
9	189	0.0	0.055163388634	1	1	10	2
9	264	0.0	0.124192345301	1	1	6	0
9	282	0.0	0.055163332833	1	1	7	4
9	103	0.0	0.105123277331	1	1	4	8
9	65	0.0	0.126669781752	1	1	7	1
9	45	0.0	0.055163264826	1	1	4	7
9	60	0.0	0.055163342822	1	1	1	8
9	121	0.0	0.119390586155	1	1	7	0
9	150	0.0	0.106081899981	1	1	1	1
9	300	0.0	0.124192451393	1	1	7	2
9	212	0.0	0.10814389468	1	1	4	4
9	42	0.0	0.106082117992	1	1	6	0
9	202	0.0	0.122438309201	1	1	1	1
9	166	0.0	0.112194387425	1	1	10	0
9	153	0.0	0.105122795512	1	1	2	4
9	232	0.0	0.111169925204	1	1	8	7
9	185	0.0	0.055163335751	1	1	7	5
9	92	0.0	0.108143541219	1	1	4	3
9	298	0.0	0.108143972838	1	1	4	2
9	101	0.0	0.106082136977	1	1	10	0
9	95	0.0	0.120427731537	1	1	4	0
9	136	0.0	0.122438757347	1	1	3	1
9	207	0.0	0.105123315229	1	1	8	10
9	38	0.0	0.105123265799	1	1	2	4
9	208	0.0	0.112194516821	1	1	9	0
9	192	0.0	0.108143873362	1	1	6	4
9	215	0.0	0.107132591763	1	1	4	2
9	54	0.0	0.108169233338	1	1	6	2
9	241	0.0	0.106081903682	1	1	5	2
9	253	0.0	0.106081782362	1	1	1	0
9	120	0.0	0.055163136161	1	1	10	6
9	250	0.0	0.108130786091	1	1	2	4
9	210	0.0	0.108130854568	1	1	2	6
9	201	0.0	0.122438191435	1	1	1	0
9	267	0.0	0.055163419985	1	1	3	3
9	275	0.0	0.055163157401	1	1	2	2
9	28	0.0	0.122438378772	1	1	0	0
9	96	0.0	0.105123108944	1	1	2	2
9	167	0.0	0.105122622565	1	1	1	4
9	59	0.0	0.055163370666	1	1	4	4
9	168	0.0	0.110168375668	1	1	6	3
9	106	0.0	0.055162975766	1	1	3	8
9	63	0.0	0.055163244135	1	1	11	6
9	31	0.0	0.105122674859	1	1	1	5
9	11	0.0	0.105122830846	1	1	7	5
9	94	0.0	0.109155096061	1	1	2	3
9	104	0.0	0.105123141169	1	1	3	5
9	142	0.0	0.055163044452	1	1	6	10
9	72	0.0	0.055163046836	1	1	0	7
9	284	0.0	0.105122955917	1	1	4	4
9	237	0.0	0.055163426713	1	1	3	5
9	53	0.0	0.055163020643	1	1	5	5
9	47	0.0	0.105122957055	1	1	3	9
9	3	0.0	0.055163467709	1	1	2	7
9	225	0.0	0.055163016625	1	1	0	8
9	261	0.0	0.124192595105	1	1	8	0
9	238	0.0	0.055163401892	1	1	5	8
9	115	0.0	0.126669818979	1	1	7	2
9	36	0.0	0.055163392199	1	1	2	5
9	155	0.0	0.106082178193	1	1	10	4
9	297	0.0	0.106082174972	1	1	10	2
9	251	0.0	0.112194331627	1	1	11	8
9	123	0.0	0.105058206881	1	1	9	2
9	223	0.0	0.106082228761	1	1	14	1
9	17	0.0	0.108143879116	1	1	7	5
9	114	0.0	0.108497866128	1	1	11	3
9	34	0.0	0.10512306122	1	1	4	6
9	14	0.0	0.105123257701	1	1	3	8
9	156	0.0	0.109154891935	1	1	1	6
9	190	0.0	0.105122967264	1	1	5	6
9	21	0.0	0.111169847748	1	1	12	8
9	276	0.0	0.055163016371	1	1	4	8
9	151	0.0	0.1111697948	1	1	9	3
9	220	0.0	0.105122636068	1	1	1	10
9	13	0.0	0.055163416693	1	1	6	11
9	287	0.0	0.122438376441	1	1	0	1
9	204	0.0	0.105122724727	1	1	1	4
9	91	0.0	0.105122625887	1	1	1	5
9	186	0.0	0.107132519288	1	1	5	7
9	221	0.0	0.106082216027	1	1	10	9
9	164	0.0	0.126669801035	1	1	6	0
9	292	0.0	0.105058160178	1	1	5	2
9	268	0.0	0.055162698003	1	1	2	3
9	289	0.0	0.05516304817	1	1	1	8
9	113	0.0	0.124192332623	1	1	6	0
9	145	0.0	0.05516305917	1	1	8	5
9	228	0.0	0.055163318395	1	1	11	5
9	222	0.0	0.111193117317	1	1	1	0
9	296	0.0	0.105123025642	1	1	3	5
9	240	0.0	0.107106536189	1	1	3	4
9	254	0.0	0.124192547983	1	1	8	0
9	109	0.0	0.055162693118	1	1	1	7
9	159	0.0	0.105123234716	1	1	2	6
9	234	0.0	0.105057937521	1	1	8	5
9	2	0.0	0.105122524807	1	1	1	11
9	99	0.0	0.111193113766	1	1	2	3
9	169	0.0	0.106081660196	1	1	4	3
9	197	0.0	0.105123191347	1	1	5	8
9	187	0.0	0.105123286183	1	1	9	8
9	227	0.0	0.105123014888	1	1	3	1
9	62	0.0	0.113242484566	1	1	5	0
9	0	0.0	0.125229720236	1	1	7	0
9	5	0.0	0.055163477061	1	1	1	0
9	7	0.0	0.105123309002	1	1	3	1
9	16	0.0	0.055163424171	1	1	3	8
9	19	0.0	0.055163463	1	1	7	4
9	20	0.0	0.055163029841	1	1	4	3
9	216	0.0	0.122438659186	1	1	1	1
9	22	0.0	0.05516340639	1	1	9	4
9	23	0.0	0.055163382883	1	1	5	3
9	219	0.0	0.108143573695	1	1	3	2
9	24	0.0	0.10813065442	1	1	2	6
9	281	0.0	0.12666985037	1	1	7	1
9	27	0.0	0.105123043975	1	1	11	6
9	29	0.0	0.055163145799	1	1	6	5
9	32	0.0	0.111169987632	1	1	10	9
9	39	0.0	0.105123166618	1	1	5	7
9	43	0.0	0.10512311525	1	1	1	2
9	301	0.0	0.055163370861	1	1	6	4
9	48	0.0	0.055163366227	1	1	9	4
9	51	0.0	0.106082263246	1	1	10	0
9	55	0.0	0.108143564872	1	1	3	2
9	58	0.0	0.055162736854	1	1	0	1
9	66	0.0	0.12142625492	1	1	9	1
9	226	0.0	0.120389861265	1	1	1	1
9	229	0.0	0.110169077072	1	1	0	0
9	69	0.0	0.055163343786	1	1	4	2
9	285	0.0	0.111193216271	1	1	3	4
9	230	0.0	0.108130470359	1	1	2	3
9	231	0.0	0.055162684851	1	1	1	4
9	70	0.0	0.111193473001	1	1	5	5
9	233	0.0	0.11738191027	1	1	7	0
9	73	0.0	0.119364311579	1	1	7	0
9	235	0.0	0.105123115195	1	1	4	10
9	74	0.0	0.110168727806	1	1	6	1
9	80	0.0	0.111193123933	1	1	2	3
9	82	0.0	0.105122885895	1	1	2	7
9	84	0.0	0.055163315792	1	1	11	7
9	88	0.0	0.055163203383	1	1	13	5
9	89	0.0	0.112194499807	1	1	9	0
9	239	0.0	0.108130563546	1	1	2	1
9	93	0.0	0.05516299733	1	1	1	9
9	244	0.0	0.118339432048	1	1	9	1
9	105	0.0	0.05516316773	1	1	10	8
9	107	0.0	0.105122686421	1	1	7	6
9	245	0.0	0.105122844308	1	1	2	7
9	246	0.0	0.105123252231	1	1	5	0
9	247	0.0	0.105123306826	1	1	9	8
9	108	0.0	0.109155109359	1	1	2	4
9	280	0.0	0.107106567317	1	1	3	4
9	111	0.0	0.105123187858	1	1	5	7
9	116	0.0	0.10512294609	1	1	2	10
9	122	0.0	0.055162674944	1	1	3	7
9	257	0.0	0.106082190002	1	1	10	9
9	127	0.0	0.108143828713	1	1	4	7
9	302	0.0	0.107132603129	1	1	4	2
9	293	0.0	0.105122791029	1	1	5	6
9	132	0.0	0.112279189235	1	1	8	0
9	133	0.0	0.106082067929	1	1	9	2
9	135	0.0	0.055162850751	1	1	5	9
9	138	0.0	0.105123265438	1	1	9	4
9	139	0.0	0.111170034851	1	1	8	1
9	266	0.0	0.055162988351	1	1	5	5
9	140	0.0	0.055163360826	1	1	3	3
9	143	0.0	0.105122634503	1	1	1	4
9	144	0.0	0.055162709805	1	1	1	9
9	146	0.0	0.055163108514	1	1	10	8
9	148	0.0	0.105123127374	1	1	4	4
9	152	0.0	0.055163072763	1	1	4	6
9	269	0.0	0.111193567665	1	1	4	0
9	154	0.0	0.105122742814	1	1	2	10
9	157	0.0	0.107132611741	1	1	4	0
9	158	0.0	0.10608229443	1	1	9	1
9	161	0.0	0.105123050517	1	1	11	1
9	270	0.0	0.055163396753	1	1	6	6
9	170	0.0	0.106082073471	1	1	11	1
9	172	0.0	0.105123289423	1	1	4	3
9	175	0.0	0.055163431307	1	1	9	9
9	177	0.0	0.108143557576	1	1	3	7
9	178	0.0	0.106082146261	1	1	11	4
9	184	0.0	0.106081992655	1	1	6	3
9	191	0.0	0.107132287247	1	1	6	6
9	295	0.0	0.125229730295	1	1	8	2
9	199	0.0	0.108130464447	1	1	3	1
9	200	0.0	0.106081832517	1	1	1	2
9	277	0.0	0.106082005133	1	1	6	0
9	206	0.0	0.108143595372	1	1	3	2
