0	244	1	0	0	9	11	86.576244366772
0	176	1	0	0	9	11	86.011517005927
0	219	1	0	0	9	11	83.635305814701
0	258	1	0	0	9	11	78.752536287834
0	278	1	0	0	9	11	86.64944984106
0	104	1	0	0	10	12	91.499703915285
0	204	1	0	0	10	12	90.910353653336
0	179	1	0	0	10	12	88.604498050204
0	181	1	0	0	10	12	92.872997137075
0	42	1	0	0	10	12	91.50334813135
0	242	1	0	0	10	12	91.02175979422
0	298	1	0	0	10	12	92.901363510734
0	95	1	0	0	10	12	93.627002628036
0	212	1	0	0	10	12	88.681925351658
0	465	1	0	0	9	14	80.373442374752
0	461	1	0	0	9	14	78.432034397079
0	462	1	0	0	10	15	84.651201011334
0	251	1	1	0	16	18	174.73454749065
0	601	1	1	0	10	18	92.549426252987
0	545	1	1	0	10	18	91.219866010417
0	45	1	1	0	18	20	173.93765648063
0	496	1	1	0	16	21	176.22917770168
0	323	1	1	0	20	25	190.4870367178
0	58	1	1	0	26	28	277.73957964109
0	372	1	1	0	24	29	268.61903074018
0	304	1	1	0	24	29	272.56978506092
0	375	1	1	0	25	30	267.78847060083
0	709	1	0	0	9	32	77.823271040991
0	644	0	1	0	21	33	277.13377889575
0	5	1	1	0	33	35	373.06240854255
0	44	1	1	0	34	36	383.57453000851
0	399	1	1	0	34	39	367.79502564781
0	514	1	1	0	31	39	371.01784491647
0	524	1	1	0	32	40	384.69415666566
0	316	1	1	0	36	41	375.4290862088
0	201	1	1	1	40	42	469.68270851107
0	120	1	1	0	41	43	458.73118688966
0	357	17	1	0	38	43	183.16945604956
0	259	1	1	0	42	44	473.25047032165
0	331	5	1	0	40	45	373.89108164445
0	387	1	1	0	40	45	473.62389128828
0	466	4	1	0	42	47	376.79210164356
0	581	1	1	0	39	47	482.20975886749
0	122	2	1	0	46	48	477.25184778591
0	233	11	1	1	46	48	377.81456933497
0	716	0	0	0	23	49	276.21527580083
0	192	2	1	0	48	50	479.35397010705
0	109	2	1	0	49	51	480.32029782673
0	460	1	1	0	46	51	474.22726394834
0	264	2	1	0	50	52	462.85712870562
0	484	1	1	0	47	52	569.73691523683
0	498	1	1	0	48	53	570.46874716083
0	239	1	1	0	51	53	574.02680631396
0	409	3	1	0	48	53	467.25257503887
0	317	12	1	0	48	53	379.21345385274
0	102	2	1	1	54	56	556.80085571285
0	137	2	1	0	54	56	570.2787034834
0	88	4	1	0	54	56	577.53575276868
0	185	1	1	0	55	57	681.94434868866
0	224	7	1	0	56	58	464.51501400539
0	436	20	1	0	54	59	378.70981739178
0	145	1	1	0	57	59	677.3230117583
0	384	19	1	0	54	59	366.75604064293
0	220	1	1	0	57	59	662.44745299519
0	89	1	1	0	57	59	670.76178043942
0	198	12	1	0	58	60	371.6490283949
0	453	1	1	0	55	60	681.19836236003
0	560	1	1	0	52	60	567.36069766156
0	189	1	1	1	58	60	672.89616562513
0	138	23	1	0	60	62	381.04561219261
0	630	6	1	0	50	62	477.46955126159
0	11	6	1	1	60	62	560.82059903578
0	7	11	1	0	60	62	563.30179601091
0	489	4	1	0	57	62	574.83981738296
0	394	1	1	0	57	62	673.78478035734
0	371	1	1	0	58	63	677.47326410137
0	263	13	1	0	62	64	578.75092000907
0	262	10	1	0	62	64	568.65076297927
0	139	27	1	0	62	64	371.75337412959
0	196	2	1	1	63	65	683.98398426595
0	284	19	1	0	64	66	374.24819695659
0	0	1	1	0	64	66	785.02051929468
0	629	7	1	0	54	66	466.10244365318
0	637	1	1	0	54	66	672.81609565141
0	639	5	1	0	54	66	572.73042087224
0	338	7	1	0	62	67	582.42508200606
0	493	1	1	0	62	67	775.15361966626
0	74	1	1	0	65	67	763.48343372207
0	55	1	1	0	66	68	778.14241498762
0	594	18	1	0	61	69	380.82746451722
0	306	24	1	0	64	69	367.03918689278
0	126	25	1	0	67	69	469.46723745162
0	183	9	1	0	68	70	570.88092533435
0	614	4	1	0	62	70	663.90860291427
0	164	1	1	1	68	70	783.57979142907
0	314	11	1	0	67	72	573.90813901763
0	485	10	1	0	67	72	564.09311027051
0	367	3	1	0	68	73	767.78401573167
0	135	4	1	0	71	73	784.00648447809
0	373	25	1	0	68	73	481.31579514057
0	340	3	1	0	69	74	763.19919588972
0	473	20	1	0	70	75	460.4378209193
0	351	24	1	0	70	75	275.96964468298
0	46	24	1	0	73	75	463.38558728827
0	680	9	0	0	57	75	474.19496179601
0	329	2	1	0	70	75	764.59190977122
0	107	5	1	0	75	77	652.33385071633
0	703	1	0	0	55	77	664.97848226593
0	82	8	1	1	76	78	665.18418740933
0	160	4	1	0	76	78	871.77898156431
0	678	9	0	0	61	78	478.50902537777
0	607	1	1	0	70	78	866.98382755642
0	240	22	1	0	77	79	480.1399088789
0	517	18	1	0	71	79	579.69465448529
0	533	10	1	0	71	79	572.75430372004
0	230	1	1	0	77	79	977.12187495671
0	412	12	1	0	74	79	673.62381322275
0	194	4	1	0	77	79	863.21726453967
0	124	26	1	0	78	80	571.96188607313
0	93	6	1	0	78	80	861.63414102536
0	37	22	1	0	78	80	578.5414932189
0	252	20	1	0	78	80	669.78138027515
0	80	5	1	0	78	80	866.61738102108
0	352	9	1	0	76	81	676.66492036254
0	9	5	1	0	80	82	779.46957316695
0	415	13	1	0	77	82	674.21724504527
0	167	1	1	0	80	82	984.05621620658
0	646	0	1	0	71	83	871.36381852332
0	500	10	1	0	78	83	666.09717349687
0	290	7	1	1	81	83	765.24266524503
0	625	41	1	0	74	84	276.81196441443
0	418	22	1	0	79	84	473.81715837597
0	699	7	0	0	63	84	568.6883773751
0	433	32	1	0	81	86	464.8288192433
0	708	19	0	0	64	87	370.48821849717
0	63	8	1	0	85	87	870.85580849234
0	446	32	1	0	82	87	568.4741344942
0	161	1	1	0	85	87	1075.981224476
0	622	1	1	0	79	87	968.07816942835
0	590	2	1	0	80	88	876.63279058023
0	12	9	1	0	86	88	777.30179333138
0	257	1	1	0	86	88	1062.8620930962
0	486	2	1	0	84	89	869.73939853718
0	653	3	1	0	76	89	748.83635143383
0	593	8	1	0	81	89	847.30377439885
0	49	28	1	0	87	89	569.74319928248
0	94	1	1	1	88	90	1083.9954609836
0	467	1	1	0	85	90	1063.2869197375
0	474	1	1	0	85	90	1059.1027062559
0	651	0	1	0	77	90	965.11167550539
0	648	26	1	0	78	91	469.7654294743
0	531	3	1	0	83	91	957.79821904288
0	563	26	1	0	83	91	474.79140630071
0	295	26	1	0	89	91	676.05480908703
0	218	1	1	0	89	91	1078.1660112014
0	443	4	1	0	86	91	977.437443322
0	131	11	1	1	90	92	883.10221446718
0	119	15	1	0	90	92	770.07209256657
0	312	10	1	0	87	92	663.29394794219
0	397	1	1	0	87	92	1069.2807908854
0	507	1	1	0	88	93	1073.8936668129
0	565	12	1	0	86	94	466.53526051431
0	332	17	1	0	89	94	676.4779445947
0	193	23	1	0	92	94	663.90925493593
0	296	1	1	0	92	94	974.70196555905
0	163	18	1	0	92	94	760.58600586551
0	144	50	1	0	92	94	367.4990146229
0	328	13	1	0	89	94	871.47762616893
0	146	1	1	0	92	94	1161.4925246301
0	276	6	1	0	92	94	976.92637819901
0	381	33	1	0	90	95	569.25951081854
0	483	2	1	0	90	95	1052.2329389805
0	535	25	1	0	87	95	574.12846571562
0	542	37	1	0	87	95	483.12315892779
0	277	46	1	0	94	96	468.63877247579
0	479	12	1	0	91	96	872.86503934673
0	21	29	1	0	95	97	466.87379765726
0	191	4	1	0	95	97	964.98851268022
0	125	3	1	0	97	99	1064.3274749809
0	150	35	1	0	97	99	573.06440603047
0	477	28	1	0	94	99	676.46954810857
0	497	47	1	0	94	99	471.99234765476
0	100	30	1	0	97	99	785.57028712753
0	203	60	1	0	98	100	273.48041403018
0	78	63	1	0	98	100	378.37000322462
0	315	8	1	0	95	100	974.24832485273
0	344	39	1	0	96	101	580.89245067324
0	297	2	1	0	99	101	1172.7097085247
0	623	4	1	0	93	101	1079.7977439572
0	325	48	1	0	97	102	384.85583534588
0	106	1	1	0	100	102	1275.0867995332
0	416	31	1	0	97	102	669.16561351755
0	35	45	1	0	100	102	569.25869802449
0	274	10	1	1	100	102	967.76668560128
0	672	27	1	0	87	103	479.20001097133
0	19	14	1	0	101	103	961.37660476001
0	50	52	1	1	102	104	478.00557286977
0	127	4	1	0	102	104	1167.2802419134
0	400	16	1	0	100	105	962.90955171124
0	505	40	1	0	100	105	579.26630643277
0	439	63	1	0	100	105	364.92710872774
0	503	13	1	1	100	105	872.50902391417
0	558	31	1	1	98	106	672.99788630457
0	275	37	1	0	104	106	674.78900787062
0	429	30	1	1	101	106	759.44282133665
0	111	29	1	0	104	106	757.59803729903
0	215	24	1	0	105	107	875.74229510081
0	720	16	0	0	73	107	576.84778433436
0	510	41	1	0	99	107	572.06939134256
0	311	53	1	0	102	107	471.07239340229
0	243	19	1	0	105	107	862.61374129904
0	611	67	1	1	99	107	284.15157759566
0	583	37	1	0	99	107	572.75867715967
0	600	17	1	0	100	108	771.56069872476
0	360	74	1	0	104	109	281.82407535725
0	73	21	1	1	107	109	874.63774044991
0	410	16	1	0	104	109	870.0007574295
0	31	55	1	1	107	109	578.05129963693
0	512	2	1	0	101	109	1181.4552298134
0	688	5	0	0	89	109	979.04757239395
0	469	26	1	0	105	110	782.24573355259
0	711	11	0	0	85	110	874.32938479749
0	34	39	1	0	108	110	658.44544226338
0	245	37	1	0	108	110	780.18210730315
0	133	58	1	0	108	110	581.82952224388
0	679	50	0	0	94	111	478.13748625937
0	647	7	1	0	98	111	1072.6149207946
0	640	43	1	0	99	111	578.96503870946
0	39	18	1	0	109	111	975.56167246625
0	68	23	1	0	109	111	967.73518634079
0	23	28	1	0	110	112	779.59375918581
0	604	13	1	0	106	114	974.61832376023
0	677	11	0	0	97	114	871.55655060557
0	628	25	1	0	102	114	680.85320659987
0	419	37	1	0	109	114	774.15621848738
0	350	20	1	0	109	114	1078.4554957013
0	487	21	1	0	109	114	867.18684310752
0	657	23	1	0	100	114	872.86287978407
0	559	2	1	0	106	114	1278.7654645851
0	506	25	1	0	110	115	868.47378024355
0	158	29	1	0	113	115	767.24350818603
0	634	18	1	0	103	115	770.22384586946
0	1	30	1	0	113	115	666.24396029414
0	117	12	1	0	114	116	1078.9856769579
0	180	53	1	0	114	116	677.43689525902
0	666	19	1	0	102	117	850.30301614063
0	200	54	1	0	115	117	572.72656593633
0	405	35	1	0	113	118	477.62016525744
0	157	68	1	0	116	118	470.08988219324
0	177	16	1	0	116	118	1069.6317126663
0	96	1	1	0	117	119	1376.5691963382
0	552	45	1	0	111	119	562.16810885845
0	18	41	1	0	117	119	774.70822566569
0	65	54	1	0	117	119	555.78502755473
0	288	68	1	0	118	120	467.76615647476
0	511	18	1	0	112	120	965.03040022592
0	520	27	1	0	112	120	866.00482596585
0	406	4	1	0	115	120	1374.7795804877
0	602	24	1	0	112	120	776.40561463704
0	231	55	1	0	118	120	561.48116606913
0	682	14	0	0	102	120	964.77398693926
0	52	22	1	0	119	121	982.47487495751
0	683	13	0	0	103	121	983.24115416855
0	205	54	1	0	119	121	566.49915948161
0	56	53	1	0	119	121	677.7673411998
0	121	31	1	0	120	122	972.49695384618
0	538	38	1	0	114	122	770.93268814256
0	115	20	1	0	120	122	967.36741833789
0	225	56	1	0	120	122	563.80821013252
0	624	62	1	1	114	122	472.23705637792
0	540	45	1	0	115	123	585.20968572208
0	391	32	1	0	118	123	672.24541666647
0	223	28	1	0	121	123	870.9461534153
0	710	22	0	0	99	123	776.14998154646
0	444	26	1	0	119	124	675.5471708641
0	234	49	1	0	122	124	565.13474078365
0	638	35	1	0	112	124	764.99888047384
0	248	39	1	0	122	124	974.63435335394
0	596	3	1	0	116	124	1355.8485946784
0	365	65	1	0	120	125	471.49290272829
0	532	54	1	0	117	125	567.55537172249
0	3	54	1	0	123	125	665.22890137312
0	302	30	1	0	120	125	874.2376546789
0	617	60	1	0	117	125	469.46322967297
0	706	20	0	0	102	125	677.66014608077
0	380	22	1	0	121	126	1170.4018062607
0	515	55	1	0	118	126	569.99069427547
0	428	56	1	0	121	126	457.74468018887
0	576	33	1	0	118	126	872.1967567311
0	301	32	1	0	122	126	966.19494452976
0	362	77	1	0	121	126	483.86591296788
0	116	62	1	0	125	127	571.64526534959
0	584	14	1	0	119	127	1178.3633541256
0	582	18	1	0	119	127	858.70045992298
0	38	58	1	0	125	127	571.1553830712
0	61	1	1	0	125	127	1378.3911308925
0	471	38	1	0	123	128	878.62425796463
0	307	39	1	0	123	128	864.85057075865
0	562	31	1	0	121	129	862.51827931091
0	613	33	1	0	122	130	580.69909044578
0	509	42	1	0	123	130	868.82828677699
0	62	49	1	0	128	130	767.95914409851
0	411	2	1	0	125	130	1465.1751802693
0	676	25	1	0	114	130	973.99105029258
0	698	1	0	0	109	130	1159.220369069
0	247	74	1	0	128	130	567.16593626843
0	339	52	1	0	125	130	868.98967770309
0	300	48	1	0	127	131	576.82636586798
0	684	38	0	0	113	131	669.10527295513
0	77	4	1	0	129	131	1478.5736447309
0	222	51	1	0	130	132	876.05559658669
0	697	60	0	0	111	132	375.78763807201
0	134	8	1	0	131	133	1484.7999465773
0	84	62	1	0	131	133	568.57300191889
0	674	59	1	0	117	133	563.25701247068
0	25	37	1	0	131	133	1070.5823955199
0	450	69	1	0	128	133	557.34346189592
0	575	52	1	0	126	134	657.66147339908
0	570	30	1	0	126	134	583.50483950198
0	401	62	1	0	130	135	582.61897412724
0	113	53	1	0	133	135	775.13998481143
0	660	62	1	0	121	136	579.99649611512
0	299	30	1	1	134	136	775.34676841032
0	627	7	1	0	124	136	1162.6654218187
0	57	29	1	0	134	136	778.80391758994
0	227	61	1	0	135	137	671.66036039519
0	449	36	1	1	132	137	671.79744953867
0	643	47	1	0	125	137	655.58664851763
0	221	76	1	0	135	137	569.10991414448
0	464	40	1	0	132	137	954.9931619205
0	393	62	1	0	132	137	661.70596506946
0	383	1	1	0	132	137	1678.6027053135
0	536	37	1	0	129	137	958.31876851937
0	151	69	1	0	136	138	675.12625668106
0	421	55	1	0	133	138	663.8120312839
0	330	19	1	0	133	138	1372.6737853004
0	253	86	1	1	137	139	374.38790957835
0	388	39	1	0	134	139	884.26719355458
0	658	57	1	0	125	139	577.86012905538
0	435	57	1	0	134	139	573.39973929593
0	285	75	1	0	137	139	663.18716351173
0	571	1	1	0	131	139	1668.2503423083
0	289	67	1	0	137	139	667.7430795435
0	395	21	1	0	134	139	1278.8820781918
0	579	82	1	0	132	140	374.69623791946
0	141	72	1	0	138	140	481.88244617667
0	20	63	1	1	138	140	470.24256758455
0	689	47	0	0	120	140	671.77928206357
0	369	63	1	0	135	140	671.85787668262
0	190	48	1	0	138	140	766.12079021818
0	616	24	1	0	133	141	871.20707255189
0	655	25	1	0	128	141	1020.9444298187
0	22	43	1	0	140	142	1063.3729773901
0	598	2	1	1	134	142	1658.9824799669
0	389	53	1	0	137	142	655.31943723265
0	422	47	1	0	137	142	871.99013214587
0	451	39	1	0	137	142	881.54712669144
0	675	60	1	0	127	143	564.44671024456
0	327	73	1	0	138	143	672.34207355924
0	256	34	1	0	141	143	1166.309036721
0	51	54	1	0	141	143	874.59306881289
0	478	55	1	0	138	143	777.74157086999
0	673	51	1	0	127	143	867.32644684331
0	165	41	1	0	142	144	1080.4073194557
0	211	53	1	0	142	144	775.60346332932
0	398	56	1	0	139	144	775.64339603083
0	588	65	1	0	136	144	663.51286635169
0	310	39	1	0	140	145	1072.9656075878
0	292	70	1	0	143	145	866.05939150155
0	105	51	1	0	143	145	967.21347595931
0	72	81	1	0	143	145	569.81642856716
0	8	41	1	0	144	146	767.61968179067
0	382	45	1	0	141	146	870.52964216358
0	361	72	1	1	141	146	563.04378762928
0	370	40	1	0	141	146	677.31962535414
0	468	31	1	0	141	146	1046.9148318168
0	608	36	1	0	138	146	669.83435034115
0	609	55	1	0	138	146	670.1976898215
0	702	50	0	0	125	147	766.55765470078
0	414	104	1	1	142	147	371.4056243308
0	423	43	1	0	142	147	964.98085921388
0	48	63	1	0	146	148	982.48169667174
0	175	73	1	0	146	148	582.44696842268
0	455	61	1	0	144	149	777.96147674698
0	424	72	1	0	144	149	568.56019425513
0	142	38	1	0	147	149	954.14602080347
0	143	25	1	0	147	149	863.56730745396
0	28	96	1	0	147	149	470.96101403247
0	241	84	1	0	147	149	668.01067331788
0	260	51	1	0	147	149	556.11990329759
0	700	21	0	0	129	150	679.72468765117
0	551	54	1	0	142	150	764.08180471919
0	366	79	1	0	146	151	575.29876521936
0	413	52	1	0	146	151	864.45946036129
0	87	88	1	0	149	151	571.60197729844
0	518	75	1	0	143	151	578.29698042421
0	287	62	1	0	149	151	772.07616290386
0	236	61	1	0	149	151	874.11264655411
0	402	72	1	0	147	152	776.30035023256
0	71	76	1	1	150	152	683.66385231811
0	376	50	1	0	147	152	876.05306596957
0	206	53	1	0	151	153	776.57662636884
0	32	81	1	0	151	153	767.21519599717
0	426	43	1	0	149	154	779.48297655792
0	632	87	1	0	142	154	467.35071268335
0	197	29	1	0	153	155	1358.7623973623
0	546	60	1	0	147	155	578.80527894301
0	273	35	1	1	154	156	964.49316939624
0	652	44	1	0	143	156	674.19426852858
0	669	75	1	0	141	156	572.65021981553
0	561	64	1	0	148	156	681.75515814318
0	364	101	1	0	152	157	565.4350685372
0	685	54	0	0	139	157	864.66898290598
0	99	13	1	1	155	157	1565.7389142439
0	482	51	1	0	152	157	682.61335365909
0	154	69	1	0	156	158	854.58264289327
0	605	54	1	0	150	158	870.13663734492
0	169	5	1	0	156	158	1872.5033613883
0	97	49	1	0	157	159	762.38921203604
0	208	54	1	0	157	159	1053.2785119971
0	172	63	1	0	157	159	1069.1960767444
0	174	37	1	0	157	159	1277.4653302994
0	118	50	1	0	157	159	1071.4922102746
0	502	67	1	0	155	160	867.10528372281
0	75	13	1	0	158	160	1478.6134008363
0	385	76	1	0	156	161	780.42073226471
0	91	75	1	0	159	161	673.80244481224
0	574	43	1	0	153	161	762.16180479694
0	572	38	1	0	153	161	1069.1062485283
0	650	40	1	0	148	161	765.71172067408
0	626	66	1	0	149	161	771.50873677979
0	654	99	1	0	149	162	474.8252790079
0	494	30	1	0	157	162	866.95029380708
0	70	37	1	0	160	162	968.21510051868
0	326	69	1	0	158	163	569.46274886269
0	441	84	1	0	158	163	771.72615176819
0	641	36	1	0	151	163	1276.1781241062
0	701	12	0	0	141	163	1370.2193773149
0	53	43	1	0	161	163	1249.4663856562
0	390	98	1	0	159	164	578.78046917599
0	305	65	1	0	159	164	871.80603750785
0	645	27	1	0	152	164	962.30155827789
0	188	125	1	0	162	164	371.25053276181
0	13	67	1	0	163	165	670.12817002877
0	186	41	1	0	164	166	1261.3037717653
0	69	121	1	0	164	166	374.85644829661
0	291	104	1	0	164	166	574.61373015261
0	434	30	1	0	161	166	1372.0558043297
0	79	76	1	0	165	167	876.32261701843
0	147	60	1	0	165	167	1178.8302360697
0	280	70	1	1	166	168	870.38233351627
0	525	80	1	0	160	168	582.3421487083
0	153	77	1	0	166	168	776.58671148998
0	425	48	1	0	163	168	977.94942440911
0	308	79	1	0	164	169	756.51308730139
0	633	37	1	0	160	172	1054.3349070709
0	64	79	1	0	170	172	980.26439540531
0	580	80	1	0	164	172	975.14215308473
0	293	50	1	0	171	173	1178.7151591468
0	692	31	0	0	153	173	1071.2868148436
0	324	48	1	0	170	175	1073.6631546283
0	459	64	1	0	170	175	976.5706095092
0	717	37	0	0	147	175	1052.2371214547
0	36	18	1	0	173	175	1770.1437811332
0	490	101	1	0	171	176	766.2306280325
0	635	50	1	0	164	176	875.5496139748
0	286	61	1	0	174	176	1167.3692382097
0	182	36	1	0	174	176	1078.3447799713
0	420	96	1	0	171	176	567.46138712571
0	668	27	1	0	161	176	1166.2066418182
0	184	71	1	0	175	177	954.11831085045
0	345	45	1	0	173	178	869.50383787923
0	237	52	1	0	176	178	1061.0796424282
0	43	121	1	0	176	178	477.70777556212
0	199	102	1	0	176	178	684.28331008645
0	335	47	1	0	174	179	1073.3362989435
0	347	101	1	0	175	180	758.63766727294
0	713	46	0	0	154	180	1167.4984816783
0	621	97	1	0	174	182	666.72463713444
0	526	117	1	0	174	182	464.85219358474
0	690	53	0	0	162	182	980.01661911104
0	476	19	1	0	177	182	1460.2453495133
0	499	38	1	0	178	183	1077.5122290545
0	4	91	1	0	181	183	670.00055027567
0	537	94	1	0	176	184	751.55300184505
0	363	68	1	0	179	184	1172.4594387719
0	279	99	1	0	183	185	675.68717972841
0	337	29	1	0	180	185	1273.8803587924
0	386	70	1	0	180	185	948.69397532381
0	508	110	1	0	180	185	571.07697268122
0	60	47	1	0	184	186	963.1258853768
0	529	109	1	0	178	186	575.33206415897
0	554	62	1	0	178	186	1271.028553943
0	282	93	1	0	184	186	871.42385324122
0	15	61	1	0	184	186	1073.7635202708
0	59	96	1	0	185	187	583.65207442084
0	246	88	1	0	185	187	982.52838659049
0	539	74	1	0	179	187	881.17256988783
0	591	25	1	0	179	187	1569.5316998116
0	173	53	1	0	186	188	1066.5539878676
0	112	59	1	0	186	188	1180.7518539515
0	270	43	1	0	186	188	1476.613529508
0	543	44	1	0	180	188	1368.868801597
0	718	38	0	0	159	189	1270.9122319163
0	463	100	1	1	185	190	868.85518699573
0	195	65	1	0	188	190	1167.3381488114
0	129	67	1	0	188	190	1067.6347092333
0	83	56	1	0	189	191	859.16137553714
0	686	84	0	0	173	191	875.11825177613
0	229	110	1	0	189	191	782.23892679643
0	417	75	1	0	186	191	1173.8113893746
0	568	67	1	0	183	191	1061.9844454097
0	555	77	1	1	184	192	782.85731411325
0	610	103	1	0	184	192	667.66604271358
0	214	55	1	0	190	192	1161.9315700362
0	101	142	1	0	191	193	476.05010237025
0	207	47	1	0	191	193	1067.7736205929
0	519	93	1	0	185	193	773.64224543112
0	438	46	1	0	188	193	1072.3269795275
0	585	97	1	0	186	194	770.49942276609
0	178	35	1	0	192	194	1371.9677986711
0	202	44	1	0	192	194	1379.8379831536
0	707	100	0	0	171	194	775.29796390916
0	108	117	1	0	193	195	665.49798779628
0	670	50	1	0	180	195	1074.6787904754
0	691	78	0	0	175	195	876.20275720798
0	269	92	1	0	194	196	1062.1258451257
0	265	88	1	0	195	197	679.55643044368
0	661	98	1	0	182	197	573.30532138233
0	321	65	1	0	192	197	1055.2895008137
0	664	78	1	0	182	197	1060.4583174868
0	92	67	1	0	195	197	1172.9933005267
0	530	100	1	0	190	198	776.20798147102
0	663	60	1	0	183	198	865.66851040527
0	606	74	1	0	190	198	1162.4612186761
0	619	138	1	0	190	198	559.96095106331
0	155	142	1	0	197	199	483.0527363582
0	458	52	1	1	194	199	967.51124816791
0	238	100	1	0	197	199	967.21726825461
0	342	119	1	0	195	200	568.29684305825
0	603	48	1	0	192	200	1275.0264648167
0	541	97	1	0	192	200	970.82587998191
0	573	94	1	0	192	200	955.50661498579
0	334	114	1	0	196	201	873.56906524096
0	550	114	1	0	194	202	579.56400600194
0	216	117	1	0	200	202	777.88777317098
0	714	72	0	0	177	203	875.68887556658
0	254	70	1	0	201	203	1159.169369639
0	148	85	1	0	201	203	1071.0681945812
0	695	112	0	0	182	203	569.11563934647
0	355	124	1	0	198	203	773.70290796754
0	377	48	1	0	198	203	1265.6997563981
0	452	107	1	0	199	204	867.75699325522
0	470	115	1	0	199	204	769.61384066233
0	319	119	1	0	199	204	655.32273064231
0	354	58	1	0	199	204	1078.0991169497
0	566	99	1	0	196	204	670.64807824359
0	457	110	1	0	199	204	869.57966482355
0	492	84	1	0	199	204	1375.9566671403
0	170	131	1	0	203	205	575.25408593113
0	123	157	1	0	203	205	461.12000561218
0	577	60	1	0	197	205	978.05571925985
0	213	82	1	0	203	205	966.25937222171
0	228	147	1	0	204	206	564.26671705487
0	162	54	1	0	204	206	1271.3029784635
0	404	74	1	0	201	206	1166.6970940315
0	374	73	1	0	201	206	1277.5999784396
0	556	124	1	0	198	206	765.06683229068
0	534	79	1	0	199	207	1082.5793997986
0	430	63	1	0	202	207	1170.4625259737
0	67	43	1	0	205	207	1257.0600080009
0	504	130	1	0	202	207	659.99699751749
0	480	130	1	0	203	208	476.51580215889
0	586	95	1	0	200	208	870.03608977386
0	569	100	1	0	200	208	958.40486656615
0	114	130	1	0	207	209	760.37408177587
0	168	112	1	0	207	209	663.85974341841
0	719	71	0	0	177	209	966.39078561515
0	266	78	1	0	207	209	1362.8238879061
0	156	162	1	0	207	209	472.63658781849
0	447	132	1	0	205	210	674.36473163588
0	521	88	1	0	202	210	1074.5657444764
0	54	42	1	0	208	210	1373.0828992658
0	687	59	0	0	192	211	972.37268938211
0	90	50	1	0	210	212	1275.4176633747
0	14	102	1	0	211	213	968.45960121122
0	712	98	0	0	188	213	768.79250355005
0	481	113	1	0	208	213	861.44488126425
0	656	87	1	0	200	213	1135.764916852
0	501	101	1	0	208	213	1167.7923970282
0	408	103	1	0	208	213	1172.2066463908
0	26	93	1	0	212	214	873.8911006619
0	81	61	1	0	212	214	1170.3096732192
0	110	95	1	0	212	214	1157.0463283266
0	472	144	1	0	209	214	671.38965556259
0	431	55	1	0	211	216	1172.1940181384
0	522	76	1	0	208	216	1262.4540907816
0	642	111	1	0	204	216	756.94735529785
0	589	49	1	0	208	216	1460.1732284507
0	272	108	1	0	215	217	768.9457152093
0	516	126	1	0	210	218	777.31573363421
0	333	133	1	0	213	218	668.71745084853
0	618	118	1	0	210	218	773.42920372253
0	454	44	1	0	213	218	1353.4135130766
0	159	113	1	0	217	219	969.30765776823
0	448	122	1	0	215	220	980.82223816926
0	10	77	1	0	218	220	1258.357841427
0	47	95	1	1	218	220	1064.6982373016
0	595	47	1	1	212	220	1463.6842714688
0	378	72	1	1	215	220	1570.0350413679
0	407	108	1	0	215	220	970.82549600545
0	318	66	1	0	216	221	1275.7378949963
0	597	71	1	0	213	221	1078.0354606433
0	578	97	1	0	213	221	964.90599529991
0	432	97	1	0	217	222	871.1423633154
0	631	56	1	0	211	223	1158.9184149153
0	671	116	1	0	208	223	766.00768234741
0	456	162	1	0	220	225	580.59310436436
0	523	98	1	0	217	225	669.61307101562
0	488	149	1	0	221	226	580.2294833905
0	217	123	1	0	224	226	752.9560190795
0	620	127	1	0	218	226	669.15814602797
0	17	138	1	0	224	226	877.03563010631
0	427	104	1	0	222	227	882.00996026824
0	346	87	1	0	222	227	1081.5829896528
0	322	150	1	0	222	227	654.87183993237
0	261	135	1	0	226	228	769.60752999039
0	294	98	1	0	226	228	1072.0587695655
0	662	90	1	0	213	228	1066.3097312404
0	343	100	1	1	224	229	884.96168935544
0	587	72	1	0	221	229	1370.9081042425
0	368	165	1	0	225	230	381.00282505112
0	303	59	1	0	225	230	1454.0779167995
0	309	152	1	0	225	230	672.1131531881
0	396	115	1	0	225	230	877.25358474921
0	128	152	1	0	229	231	580.31577957747
0	166	51	1	0	229	231	1578.7808706114
0	27	135	1	0	229	231	576.53124795553
0	359	150	1	0	227	232	760.31681487389
0	491	98	1	0	227	232	1276.3662080299
0	98	147	1	0	231	233	778.60618122494
0	403	165	1	1	228	233	564.17485268853
0	255	180	1	0	232	234	371.72572500315
0	281	136	1	0	232	234	659.22291231528
0	149	129	1	0	233	235	976.20829008114
0	235	100	1	0	234	236	1065.711016289
0	24	91	1	0	234	236	1167.7721464614
0	567	92	1	0	228	236	1176.269597392
0	187	126	1	1	234	236	872.6136977119
0	267	144	1	0	235	237	676.21374005791
0	130	131	1	0	235	237	869.28947504093
0	564	58	1	0	229	237	1667.8283510339
0	445	122	1	0	232	237	874.47329008663
0	379	182	1	0	234	239	577.9547814729
0	152	148	1	0	237	239	763.47373145109
0	548	138	1	0	232	240	765.3602163913
0	440	135	1	0	235	240	879.71931814259
0	475	93	1	0	235	240	1062.4178244762
0	76	108	1	0	239	241	867.64632315344
0	6	107	1	0	239	241	1072.2855228272
0	210	171	1	0	240	242	583.41351989952
0	33	172	1	0	240	242	572.12267336627
0	557	99	1	0	234	242	1263.9971651473
0	693	109	0	0	221	242	1062.6009136957
0	348	54	1	0	237	242	1662.0805446773
0	694	96	0	0	221	242	882.40944416866
0	341	134	1	0	238	243	1061.6179839799
0	358	130	1	0	238	243	868.39869098248
0	544	137	1	0	236	244	965.41334230904
0	599	40	1	0	236	244	1666.8076699138
0	226	186	1	0	242	244	581.26487687925
0	271	173	1	1	242	244	647.47346237943
0	336	122	1	0	241	246	875.4033259043
0	715	112	0	0	220	246	772.68546519591
0	667	52	1	0	232	247	1462.8698139522
0	313	148	1	0	243	248	968.08366522309
0	528	129	1	0	241	249	973.21662186076
0	29	116	1	0	247	249	871.93344057962
0	356	180	1	0	246	251	678.84697553959
0	2	154	1	0	249	251	956.79862026557
0	250	156	1	0	249	251	874.91221575984
0	392	165	1	0	248	253	666.12714465419
0	232	143	1	0	251	253	1171.3166988899
0	704	131	0	0	231	253	884.38524144385
0	513	121	1	0	245	253	873.97605756168
0	696	176	0	0	235	256	631.76874795835
0	681	121	0	0	239	257	963.82032966647
0	41	71	1	0	255	257	1472.2103447907
0	16	150	1	0	256	258	782.086177147
0	85	121	1	0	256	258	975.16234356951
0	527	151	1	0	251	259	769.75830921079
0	659	140	1	0	245	260	958.36095376932
0	649	156	1	0	248	261	677.98598284392
0	553	130	1	0	253	261	1070.0119362037
0	103	142	1	0	259	261	1158.2118415159
0	140	127	1	0	261	263	1169.235474405
0	249	185	1	0	262	264	778.86448842646
0	171	197	1	0	263	265	481.32065650192
0	30	162	1	0	263	265	770.78042865959
0	437	180	1	0	260	265	651.14654247256
0	615	126	1	1	259	267	1079.5913379039
0	665	83	1	0	252	267	1071.2150047299
0	705	113	0	0	246	268	875.66347769046
0	132	189	1	0	266	268	764.5293368712
0	209	162	1	0	266	268	1270.2909900395
0	495	170	1	0	266	271	681.26071076221
0	40	121	1	0	269	271	979.13321093594
0	283	106	1	0	270	272	1246.860126694
0	349	140	1	0	267	272	1271.0737473074
0	592	196	1	1	265	273	556.52712963982
0	268	109	1	0	275	277	1271.2190404304
0	636	103	1	0	270	282	1565.2602717325
0	136	171	1	0	284	286	1168.6916252914
0	442	100	1	0	284	289	1262.3163973403
0	549	118	1	0	281	289	1371.9927143315
0	320	105	1	0	288	293	1458.9128397374
0	612	148	1	0	295	303	1470.6091169569
0	66	111	1	0	306	308	1574.0254742108
0	86	154	1	0	309	311	1357.62190499
0	353	154	1	0	308	313	1265.7906310353
0	547	190	1	0	308	316	1073.1922583109
1	37	1	0	0	9	11	79.493446124066
1	268	1	0	0	9	11	85.986900767309
1	149	1	0	0	9	11	83.440145520726
1	284	1	0	0	9	11	80.786849719845
1	121	1	0	0	9	11	84.748399146157
1	269	1	0	0	9	11	83.792206912092
1	142	1	0	0	9	11	82.974729797407
1	1	1	0	0	9	11	83.662742328388
1	242	1	0	0	9	11	77.967563431361
1	61	1	0	0	9	11	83.65005277195
1	117	1	0	0	9	11	83.96589377271
1	159	1	0	0	10	12	93.741193808998
1	89	1	0	0	10	12	92.456203027621
1	251	1	0	0	10	12	91.141476901576
1	192	1	0	0	10	12	90.410109031169
1	54	1	0	0	10	12	89.901645522288
1	285	1	0	0	10	12	91.79113035889
1	133	1	0	0	10	12	88.276606325241
1	366	1	0	0	9	14	76.631705040089
1	444	1	0	0	9	14	80.241547656897
1	384	1	0	0	9	14	78.280266734888
1	364	1	0	0	9	14	82.039386285795
1	499	1	0	0	9	14	81.65918204647
1	390	1	0	0	10	15	90.549137727316
1	448	1	0	0	10	15	93.85493611025
1	426	1	1	1	11	16	88.8787897945
1	544	1	1	0	9	17	86.058403921117
1	295	1	1	0	16	18	175.33928763145
1	534	1	1	0	10	18	90.66745973495
1	45	1	1	0	17	19	181.33296490586
1	127	1	1	0	18	20	174.77793086538
1	648	1	1	0	9	22	78.919459268381
1	572	1	1	0	18	26	176.21078841631
1	189	1	1	0	24	26	274.85853897226
1	688	1	0	0	9	26	83.911796953855
1	219	1	1	1	26	28	277.75436338784
1	280	1	1	0	28	30	267.56297884983
1	429	1	1	0	25	30	281.98723422782
1	529	2	1	0	22	30	180.3555237401
1	621	1	1	0	18	30	176.39049138107
1	595	1	1	0	24	32	280.87300903279
1	527	1	1	0	25	33	272.49285947515
1	276	1	1	0	32	34	382.6453737981
1	654	0	1	0	21	34	263.55849015235
1	692	1	0	0	16	34	169.78799524491
1	318	8	1	0	29	34	189.31078697432
1	233	1	1	0	33	35	377.13461731932
1	126	1	1	0	34	36	376.93802791179
1	59	1	1	0	34	36	369.10400959282
1	83	1	1	0	35	37	371.88172804098
1	230	3	1	0	35	37	286.01091474486
1	71	2	1	0	36	38	373.79396798511
1	48	3	1	0	37	39	366.90336932264
1	76	10	1	1	38	40	281.85913031249
1	77	10	1	0	39	41	278.28484464584
1	727	0	0	0	6	41	79.284747441928
1	108	1	1	0	40	42	474.91073646113
1	617	1	1	1	31	42	379.28172419777
1	463	8	1	0	39	44	283.89965693298
1	607	1	1	0	37	45	384.60399830426
1	146	1	1	0	44	46	467.34943115158
1	650	1	1	0	33	46	371.24104558877
1	78	1	1	0	45	47	468.45848924671
1	379	11	1	0	42	47	281.15268486342
1	81	1	1	0	46	48	576.41296324398
1	673	1	1	1	35	50	370.28507722118
1	224	1	1	1	48	50	579.3447276713
1	41	1	1	0	48	50	569.9315879904
1	584	1	1	0	43	51	468.1156369903
1	460	1	1	0	47	52	567.02505640362
1	321	4	1	0	47	52	470.05805658127
1	98	3	1	0	51	53	481.38279825418
1	247	1	1	0	51	53	571.706254925
1	289	16	1	0	51	53	373.86361132088
1	477	3	1	0	50	55	467.95162281796
1	501	1	1	0	50	55	574.08463089646
1	406	8	1	0	50	55	468.80568208933
1	445	4	1	0	50	55	482.36821082582
1	279	7	1	0	55	57	476.19092631565
1	343	16	1	0	52	57	368.56767997828
1	511	12	1	0	50	58	368.30393178895
1	7	29	1	0	57	59	268.27545148568
1	137	20	1	0	57	59	377.86946343112
1	613	13	1	0	51	59	284.03487952773
1	472	1	1	0	54	59	669.7578104639
1	165	1	1	0	57	59	671.44588232099
1	403	1	1	0	54	59	553.69126585159
1	167	11	1	0	57	59	467.32833163213
1	632	0	1	0	48	60	547.23262123722
1	475	2	1	0	56	61	571.75736911206
1	141	2	1	0	59	61	684.05212815733
1	459	9	1	0	57	62	375.38454246709
1	639	0	1	0	50	62	653.9097538412
1	129	1	1	0	60	62	678.47468510966
1	383	8	1	1	57	62	563.45472448018
1	573	2	1	0	55	63	681.08613245089
1	594	1	1	0	56	64	673.63970588632
1	396	12	1	0	59	64	477.68572160749
1	241	5	1	0	62	64	572.06972704033
1	148	15	1	0	64	66	463.35189906439
1	51	1	1	0	64	66	777.51796934599
1	111	6	1	0	65	67	566.70561643001
1	211	1	1	0	65	67	763.87058774932
1	216	1	1	0	65	67	761.69886431427
1	229	11	1	0	65	67	572.1460032136
1	696	23	0	0	49	68	281.64979394099
1	440	1	1	0	63	68	764.0316703349
1	248	2	1	0	67	69	654.60427412583
1	419	22	1	0	64	69	361.8490069267
1	417	1	1	0	64	69	757.88618734619
1	370	43	1	0	64	69	172.06572571945
1	638	8	1	0	57	69	480.15231599129
1	536	1	1	0	62	70	775.96921774256
1	85	6	1	0	69	71	680.8183789134
1	439	1	1	0	66	71	767.77026447161
1	605	5	1	0	63	71	677.54830194649
1	517	5	1	0	63	71	663.46552681807
1	715	1	0	0	47	71	583.82709748852
1	714	1	0	0	48	72	573.08646021066
1	568	9	1	0	64	72	563.88448382901
1	169	13	1	0	70	72	685.06725088459
1	154	26	1	0	71	73	481.53211603497
1	91	1	1	1	71	73	878.71479510569
1	20	1	1	0	71	73	877.89960994904
1	332	14	1	1	68	73	564.10989952221
1	74	4	1	0	71	73	664.02661036655
1	382	19	1	0	68	73	563.44454640579
1	399	28	1	0	69	74	384.21909176371
1	5	1	1	0	72	74	869.56468752223
1	664	1	1	0	61	75	768.79165666524
1	699	7	0	0	56	76	474.48693468997
1	226	4	1	0	74	76	778.78938566797
1	658	10	1	0	62	76	574.71018513245
1	316	1	1	0	71	76	881.13493489732
1	576	3	1	0	69	77	776.33875996791
1	138	19	1	0	76	78	570.78722891471
1	519	16	1	0	70	78	366.96051957724
1	430	31	1	0	74	79	378.07190346625
1	278	11	1	0	77	79	670.16294846853
1	88	1	1	1	77	79	974.71345699055
1	373	26	1	1	74	79	382.66712072142
1	683	2	1	0	64	80	677.17796579022
1	360	1	1	0	75	80	872.15925372852
1	560	59	1	0	73	81	83.722810460627
1	114	6	1	0	79	81	769.22665315791
1	471	16	1	0	76	81	670.25396371725
1	349	8	1	0	76	81	760.23955418691
1	400	8	1	0	77	82	762.26905447647
1	375	1	1	0	77	82	979.05883287349
1	214	20	1	0	81	83	572.58743260925
1	646	42	1	0	70	83	183.40464445534
1	334	28	1	0	78	83	470.3222006642
1	525	27	1	0	75	83	468.75101416525
1	416	40	1	0	78	83	364.32022450839
1	109	1	1	0	81	83	962.34626514972
1	250	8	1	0	81	83	867.92284163104
1	469	1	1	0	79	84	961.32467772287
1	581	11	1	0	77	85	780.78347329094
1	467	9	1	0	80	85	778.55280980748
1	549	4	1	0	77	85	861.1840856119
1	461	1	1	0	80	85	966.6213642272
1	653	25	1	0	72	85	465.23707420545
1	220	14	1	0	84	86	671.72871123889
1	132	15	1	0	84	86	765.54560775767
1	695	0	0	0	68	86	862.92236661394
1	120	1	1	0	84	86	1076.3364665998
1	610	15	1	0	79	87	569.3966579093
1	662	14	1	0	73	87	466.09558533208
1	637	4	1	0	76	88	869.22393617885
1	515	10	1	0	80	88	774.26330358468
1	473	53	1	0	83	88	272.69508545958
1	337	14	1	0	83	88	767.41905203556
1	725	7	0	0	56	88	479.91155806931
1	206	6	1	0	87	89	970.58626390489
1	570	16	1	0	81	89	572.5042767044
1	122	1	1	0	87	89	1077.0302474511
1	488	20	1	0	85	90	477.04170884903
1	483	48	1	0	85	90	368.77632013923
1	170	50	1	0	88	90	371.12497096713
1	728	1	0	0	55	91	667.11679645523
1	19	5	1	1	89	91	972.31030611495
1	281	12	1	0	89	91	862.09884556732
1	588	9	1	1	83	91	758.46736425852
1	286	25	1	1	89	91	573.83930658942
1	602	1	1	0	84	92	1069.4081481728
1	522	13	1	0	84	92	768.33575592003
1	187	24	1	1	90	92	563.63819835974
1	665	24	1	0	78	93	470.51276379474
1	686	8	0	0	76	93	579.47897461516
1	542	26	1	0	85	93	675.65438995399
1	193	44	1	0	91	93	383.86917983327
1	504	40	1	0	86	93	470.24518380635
1	693	38	0	0	75	93	276.50697125198
1	57	39	1	1	92	94	462.92404233805
1	435	53	1	0	89	94	281.8979339644
1	64	9	1	0	92	94	967.45893862216
1	73	46	1	0	93	95	464.36514431742
1	55	5	1	0	94	96	966.74753763398
1	4	34	1	0	94	96	567.02628668489
1	386	56	1	1	91	96	374.7760285205
1	518	9	1	0	88	96	869.11782061956
1	553	1	1	0	88	96	1060.1807828982
1	93	6	1	0	95	97	1068.080120279
1	300	44	1	1	95	97	472.03200909274
1	495	28	1	0	92	97	665.40024346554
1	424	22	1	0	92	97	673.1954963189
1	231	1	1	0	95	97	1182.6190132345
1	412	27	1	0	93	98	567.33513854991
1	319	18	1	0	93	98	862.9745655422
1	579	9	1	0	90	98	951.81329435557
1	3	8	1	0	96	98	963.30879494807
1	676	8	1	0	83	98	761.0341940838
1	414	29	1	0	94	99	563.86355077948
1	92	36	1	0	97	99	684.92804006479
1	541	31	1	0	91	99	652.84022727952
1	395	21	1	0	94	99	776.18183160828
1	689	7	0	0	83	100	864.77946729515
1	563	36	1	0	92	100	482.07427087115
1	223	3	1	0	98	100	1150.2400682299
1	436	1	1	0	95	100	1179.276879245
1	125	23	1	0	98	100	767.53545577041
1	691	12	0	0	83	101	783.45276169265
1	326	26	1	0	96	101	671.09067349242
1	508	56	1	0	93	101	369.23380969341
1	675	37	1	0	87	102	479.50796728779
1	531	41	1	0	94	102	469.87192721666
1	131	46	1	1	100	102	467.95903065285
1	172	46	1	0	101	103	477.48348199879
1	135	45	1	0	101	103	566.34113792558
1	577	43	1	1	95	103	574.23887919583
1	663	2	1	0	89	103	773.88207617587
1	183	1	1	0	101	103	1271.7120890237
1	523	43	1	0	96	104	464.55290632887
1	199	34	1	0	102	104	476.24801864481
1	372	1	1	0	99	104	1274.2210405633
1	599	40	1	0	97	105	564.47133519739
1	651	37	1	0	92	105	478.15688948472
1	450	7	1	0	102	107	967.72767408754
1	212	11	1	0	105	107	1076.2056595677
1	115	65	1	0	105	107	378.39834973136
1	47	23	1	0	105	107	772.78704267494
1	200	51	1	0	106	108	570.19939926191
1	336	42	1	0	104	109	669.47711822055
1	352	59	1	0	104	109	464.35535334763
1	512	35	1	0	101	109	668.51164745837
1	12	6	1	0	107	109	1183.8214428879
1	421	31	1	0	104	109	868.87549678899
1	38	45	1	0	107	109	683.03791413295
1	716	30	0	0	85	110	551.87499093306
1	128	1	1	0	108	110	1266.5497680513
1	222	18	1	0	108	110	773.36145158932
1	52	65	1	0	109	111	365.90800564722
1	188	63	1	0	109	111	459.83953037331
1	608	11	1	0	103	111	1072.2988670062
1	578	41	1	1	103	111	661.21944442473
1	432	38	1	0	106	111	762.78387778081
1	255	11	1	0	109	111	1064.2123171101
1	163	21	1	0	109	111	770.03785330966
1	136	19	1	0	109	111	968.87131148793
1	670	10	1	0	97	112	961.77263191878
1	427	27	1	0	107	112	661.50883234688
1	685	48	1	0	96	112	474.4062914687
1	680	66	1	0	97	112	267.4164532322
1	718	30	0	0	86	112	574.61383209649
1	363	11	1	0	107	112	1168.7496315195
1	152	35	1	0	111	113	778.82496093617
1	139	30	1	0	111	113	768.422625389
1	717	1	0	0	88	113	1079.4958482068
1	666	53	1	0	98	113	468.79730833743
1	452	14	1	0	108	113	962.42369312241
1	550	15	1	0	106	114	869.84239867386
1	80	49	1	0	112	114	568.03084572009
1	600	8	1	0	106	114	1149.0033646008
1	516	41	1	0	107	115	580.82471187658
1	649	28	1	0	102	115	868.36162783615
1	323	57	1	0	110	115	571.18787814174
1	272	65	1	0	114	116	485.4371333856
1	509	9	1	0	108	116	1078.9020725549
1	730	21	0	0	78	116	482.14044697013
1	101	44	1	0	114	116	669.72017906211
1	314	30	1	1	111	116	771.07470417704
1	287	1	1	1	115	117	1469.9564688369
1	575	71	1	0	109	117	378.49713763865
1	625	58	1	1	105	117	482.33490078841
1	240	32	1	0	115	117	967.39289563061
1	731	25	0	0	63	118	276.24107152681
1	90	53	1	0	116	118	672.24424848787
1	215	39	1	0	116	118	866.72438054583
1	449	46	1	0	113	118	769.43928124283
1	331	33	1	1	114	119	880.97767713935
1	298	21	1	0	117	119	1164.2640808935
1	13	44	1	0	117	119	658.34210615509
1	340	15	1	0	115	120	1055.9877765186
1	82	12	1	0	118	120	1075.3222469097
1	79	89	1	0	118	120	267.13566650935
1	283	34	1	0	118	120	773.25799394446
1	567	57	1	0	112	120	480.91271922967
1	67	27	1	0	118	120	979.76182856717
1	243	1	1	0	118	120	1484.3146550166
1	661	12	1	0	106	120	769.23075473841
1	566	24	1	0	113	121	967.62242727709
1	140	13	1	0	120	122	1068.7614900204
1	510	14	1	1	114	122	1178.6751560879
1	405	33	1	0	117	122	880.25394271754
1	60	35	1	0	121	123	665.13065536196
1	270	43	1	0	121	123	769.97437715386
1	160	62	1	0	121	123	567.69884949476
1	174	63	1	0	121	123	583.99383720777
1	457	35	1	0	119	124	868.31161197501
1	338	69	1	0	119	124	479.12247673393
1	75	19	1	0	122	124	885.19934813038
1	710	9	0	0	100	124	969.94856670741
1	564	60	1	0	116	124	473.2682542062
1	513	71	1	0	116	124	367.67332141402
1	208	14	1	0	122	124	1074.6235184185
1	302	38	1	0	123	125	874.32634432608
1	574	35	1	0	117	125	671.42645204588
1	545	72	1	0	117	125	483.41226832054
1	656	31	1	1	113	126	743.28466516157
1	22	17	1	0	124	126	1065.0160614656
1	411	25	1	0	121	126	973.427393543
1	209	24	1	0	124	126	1070.6039261632
1	344	22	1	0	122	127	978.71011658169
1	451	23	1	0	122	127	1075.2881135961
1	113	16	1	0	125	127	1168.9955228369
1	355	57	1	0	123	128	574.02603210812
1	27	34	1	0	126	128	969.7331598047
1	647	7	1	0	115	128	1262.0517817524
1	476	60	1	1	123	128	666.22480665158
1	474	67	1	0	124	129	581.41630596345
1	404	70	1	0	124	129	473.34559065508
1	580	5	1	0	121	129	1070.7596620498
1	267	30	1	0	128	130	1072.4770914282
1	420	1	1	0	125	130	1566.054829657
1	668	67	1	1	116	131	473.11298700831
1	428	6	1	0	126	131	1168.8813610612
1	210	46	1	0	129	131	876.6114025837
1	190	42	1	0	129	131	767.65173640995
1	97	71	1	0	130	132	477.16703310046
1	357	55	1	0	127	132	783.47758960437
1	684	58	1	0	116	132	474.84318742528
1	180	88	1	0	131	133	372.55688140668
1	118	1	1	0	131	133	1657.5518233374
1	182	57	1	0	131	133	766.27251851155
1	615	6	1	0	125	133	1273.5615540493
1	33	3	1	0	131	133	1374.1740551242
1	389	73	1	0	129	134	371.96751326324
1	609	45	1	0	126	134	778.62809289892
1	179	38	1	0	132	134	957.008450717
1	493	87	1	0	129	134	481.90441204614
1	87	1	1	0	132	134	1666.7007739857
1	195	52	1	0	134	136	662.15407189184
1	361	42	1	0	131	136	975.46949481962
1	721	37	0	0	108	137	662.37564572581
1	485	58	1	0	132	137	766.53389567406
1	244	85	1	1	136	138	467.42889591668
1	342	83	1	0	133	138	479.98129543192
1	185	44	1	0	136	138	1074.5629249808
1	175	53	1	0	137	139	775.02688983774
1	539	69	1	0	131	139	550.36626800512
1	162	30	1	0	138	140	861.21697028291
1	311	87	1	0	135	140	370.41504308411
1	53	26	1	0	138	140	1156.4610593863
1	561	77	1	0	132	140	566.69759717152
1	24	34	1	0	138	140	876.54058048019
1	431	82	1	0	136	141	480.86177188132
1	679	60	1	0	127	142	604.66903120284
1	350	88	1	0	137	142	472.62847906759
1	490	54	1	0	137	142	968.93541502576
1	301	91	1	0	140	142	464.25582945656
1	264	61	1	0	140	142	685.09845265223
1	65	91	1	0	141	143	474.21906535808
1	502	60	1	0	138	143	861.67494215436
1	540	53	1	0	135	143	880.25566084431
1	583	11	1	0	135	143	953.55255829637
1	297	71	1	0	141	143	674.24917830831
1	68	40	1	0	142	144	1074.9090220253
1	486	52	1	0	139	144	869.57642341128
1	44	45	1	0	142	144	869.75853494624
1	698	49	0	0	124	144	858.64478128351
1	239	60	1	0	144	146	966.6722646557
1	161	63	1	0	144	146	675.41110728274
1	225	44	1	0	145	147	871.02199439773
1	702	63	0	0	126	147	569.53377908607
1	422	83	1	1	142	147	568.33958057819
1	713	58	0	0	124	148	563.45491172293
1	503	76	1	0	143	148	678.11984725227
1	252	41	1	0	146	148	1071.4854725162
1	438	88	1	0	144	149	564.10464929498
1	84	80	1	0	147	149	672.10004024012
1	58	110	1	0	147	149	375.22266289534
1	636	72	1	0	138	150	565.86093843125
1	407	105	1	0	146	151	269.63133463861
1	667	36	1	0	136	151	876.41166723505
1	640	60	1	0	138	151	864.63373668146
1	322	68	1	0	147	152	766.58347691245
1	704	51	0	0	131	152	768.76113978017
1	346	14	1	0	147	152	1367.8955376823
1	377	76	1	0	148	153	576.13723349453
1	99	56	1	0	151	153	858.30833419825
1	365	74	1	0	148	153	771.42165187846
1	145	79	1	0	151	153	672.68140274107
1	70	41	1	0	151	153	1171.8028824897
1	604	70	1	0	145	153	776.5203433895
1	631	85	1	0	142	154	479.55577995179
1	388	20	1	0	149	154	1260.1239948245
1	387	51	1	0	149	154	1063.4127266936
1	557	87	1	0	146	154	566.34021211808
1	482	34	1	0	150	155	978.9344913216
1	232	91	1	1	153	155	571.60550421636
1	376	80	1	0	150	155	675.60283066939
1	627	55	1	0	143	155	784.62206316159
1	11	87	1	0	153	155	681.94080893186
1	194	96	1	1	154	156	570.55331584766
1	453	34	1	0	151	156	1073.1674161757
1	437	26	1	0	152	157	1170.8215939368
1	324	80	1	0	152	157	668.5861785467
1	433	101	1	0	152	157	483.02878240666
1	304	51	1	0	153	157	669.67074618151
1	171	74	1	0	155	157	879.38541850562
1	205	62	1	0	155	157	960.5464156072
1	303	79	1	0	154	158	769.70007340148
1	381	82	1	0	153	158	568.6137053519
1	293	101	1	0	156	158	475.00295517568
1	158	20	1	0	156	158	1277.2398569728
1	218	90	1	0	156	158	572.70326925917
1	26	54	1	0	156	158	959.26637635968
1	356	71	1	0	153	158	858.02393747382
1	597	71	1	0	151	159	761.46144902015
1	398	61	1	0	154	159	1071.0800492934
1	282	47	1	0	158	160	1074.2787460625
1	618	53	1	0	149	160	675.03346051203
1	130	108	1	0	158	160	469.06484940405
1	46	50	1	0	158	160	1174.606695754
1	634	95	1	1	149	161	447.10451620866
1	385	67	1	0	156	161	868.95103862676
1	652	57	1	0	148	161	1074.1862440772
1	100	85	1	0	160	162	861.50688480917
1	36	86	1	0	160	162	580.8710171189
1	644	54	1	0	150	163	1063.0236069102
1	329	104	1	0	158	163	573.15691578084
1	353	57	1	0	158	163	866.3040509481
1	144	97	1	0	162	164	675.11775696839
1	186	62	1	0	162	164	1178.9433606161
1	729	117	0	0	128	165	84.110606450261
1	207	72	1	0	163	165	773.60988722971
1	569	67	1	1	157	165	773.93832661005
1	555	99	1	0	157	165	475.33158557421
1	112	50	1	0	164	166	972.56456307354
1	259	104	1	0	164	166	664.35819391432
1	315	25	1	1	161	166	960.96081862096
1	62	35	1	0	165	167	1261.5808256412
1	530	60	1	0	159	167	774.24807207191
1	494	68	1	0	162	167	864.45607034225
1	585	61	1	0	160	168	1061.9636656374
1	697	89	0	0	149	168	567.03744744343
1	296	65	1	0	166	168	1172.4826068751
1	481	123	1	0	164	169	374.86023120036
1	202	106	1	0	167	169	654.4145824361
1	31	98	1	1	168	170	377.13807588524
1	123	75	1	0	168	170	868.11781356728
1	548	63	1	0	163	171	1072.8152391845
1	603	76	1	0	164	172	870.64005285995
1	176	76	1	0	170	172	769.68643918151
1	249	94	1	0	170	172	563.78738403111
1	203	48	1	0	170	172	1168.5517851944
1	177	52	1	0	170	172	1173.496744179
1	50	81	1	1	170	172	856.15001068834
1	273	41	1	0	171	173	979.92326865541
1	659	91	1	1	159	173	672.0089825301
1	633	53	1	0	162	174	858.9074182446
1	434	73	1	0	169	174	760.9819199758
1	143	74	1	0	172	174	973.12992756813
1	454	115	1	0	170	175	574.61859647829
1	628	96	1	0	163	175	583.57546093262
1	678	74	1	0	161	176	863.36233926553
1	56	77	1	0	175	177	1068.3863685549
1	442	100	1	0	173	178	578.12354333127
1	537	102	1	0	170	178	769.12430721006
1	29	114	1	0	177	179	581.6794989076
1	294	84	1	0	177	179	881.00933436782
1	709	71	0	0	156	179	763.86147221934
1	367	70	1	0	175	180	880.31136504532
1	102	48	1	0	178	180	1470.3818189517
1	134	105	1	0	179	181	753.65313245657
1	271	58	1	0	180	182	1078.570826952
1	470	62	1	1	177	182	965.430214259
1	614	126	1	0	175	183	380.40878497068
1	590	84	1	0	175	183	656.53187842708
1	507	131	1	0	176	184	371.65807862401
1	256	80	1	0	182	184	769.17778058632
1	2	70	1	1	182	184	1161.2261961103
1	359	99	1	0	181	186	580.75897304199
1	310	39	1	0	181	186	1161.7127140617
1	368	92	1	0	182	187	875.45537987706
1	500	103	1	0	183	188	875.93933851611
1	496	117	1	0	183	188	576.5309541339
1	492	115	1	0	185	190	660.01140980841
1	354	97	1	0	185	190	673.97178633307
1	181	27	1	0	189	191	1574.4647116783
1	619	40	1	0	180	191	1377.9790106882
1	327	111	1	0	187	192	672.17339497092
1	478	57	1	0	188	193	1171.3674170387
1	484	82	1	0	188	193	1169.3811770889
1	191	64	1	0	192	194	1355.0606707297
1	35	109	1	0	192	194	770.8979799707
1	260	71	1	0	194	196	775.2482213873
1	468	79	1	0	192	197	772.70911407827
1	23	102	1	0	195	197	1060.2693069068
1	86	79	1	0	195	197	1071.7961602186
1	10	41	1	0	195	197	1460.6429944146
1	16	91	1	0	195	197	861.27847027654
1	620	74	1	0	186	198	1173.6064692822
1	69	92	1	0	196	198	976.61074755971
1	32	114	1	0	197	199	670.80589579478
1	465	82	1	0	196	201	1160.7795606254
1	635	142	1	0	189	201	346.74821857807
1	703	46	0	0	180	201	1369.0908446236
1	720	71	0	0	176	203	959.71638192688
1	351	129	1	0	199	204	665.85265662408
1	333	124	1	0	199	204	766.44705483358
1	380	72	1	0	200	205	1163.7418344571
1	598	118	1	0	197	205	467.55422644561
1	274	27	1	0	203	205	1474.6970601147
1	72	95	1	0	204	206	967.88244602335
1	596	149	1	0	198	206	472.57046777008
1	587	128	1	0	199	207	768.17792706809
1	288	101	1	0	206	208	771.4587172454
1	345	121	1	0	203	208	867.41929732443
1	335	126	1	0	204	209	877.26582127985
1	116	83	1	0	207	209	1168.5196265639
1	290	63	1	0	207	209	1471.1987522194
1	184	76	1	0	208	210	1267.0936911307
1	641	98	1	0	198	211	769.04436470301
1	391	114	1	0	206	211	670.21063854947
1	261	76	1	0	210	212	1058.4796603885
1	456	99	1	0	207	212	1079.4682712395
1	34	76	1	0	210	212	1375.1136315861
1	586	85	1	0	204	212	1178.548865079
1	328	73	1	0	208	213	1269.1092685443
1	554	88	1	0	206	214	878.11382110665
1	487	115	1	0	209	214	970.786389596
1	552	65	1	0	207	215	969.12247564505
1	42	89	1	0	213	215	1168.9162769257
1	235	112	1	0	214	216	972.32740759439
1	446	114	1	0	211	216	777.58565831384
1	341	85	1	0	212	217	973.60299573341
1	166	84	1	0	217	219	1274.4732134923
1	645	116	1	0	207	220	655.20292371266
1	593	105	1	0	212	220	1172.7716064356
1	533	114	1	0	214	222	1075.4531333305
1	96	120	1	1	221	223	968.27506567953
1	455	54	1	0	219	224	1671.1445397903
1	245	119	1	0	224	226	970.94757556197
1	528	76	1	0	218	226	1363.6006117505
1	30	152	1	0	224	226	776.14333659333
1	317	86	1	0	223	228	1274.0628509068
1	49	97	1	0	226	228	1075.1966705801
1	151	118	1	0	227	229	974.48529248917
1	253	192	1	0	228	230	280.95832031838
1	441	181	1	0	225	230	374.73492018626
1	624	159	1	0	218	230	673.09533906815
1	291	106	1	0	228	230	1084.8062332564
1	622	109	1	0	219	231	770.49602752832
1	17	118	1	0	230	232	864.46339211031
1	393	125	1	0	227	232	1066.4807212829
1	556	67	1	0	226	234	1465.199046854
1	601	76	1	0	226	234	1283.6084110092
1	312	156	1	0	230	235	757.86983316362
1	258	115	1	0	235	237	968.2284621993
1	307	94	1	0	232	237	1473.5647811427
1	669	122	1	0	223	238	1161.109158368
1	308	104	1	0	234	239	961.18069316472
1	292	136	1	0	238	240	969.41685341025
1	213	127	1	0	238	240	976.84698522218
1	524	113	1	0	232	240	1271.3593315105
1	306	117	1	0	238	242	968.90487543502
1	687	110	0	0	225	242	1076.558786403
1	313	158	1	0	238	243	773.93130412635
1	630	107	1	0	233	245	1071.8521826059
1	520	100	1	0	237	245	961.58108720061
1	425	181	1	0	241	246	577.68813859285
1	592	156	1	0	239	247	675.74655925096
1	423	177	1	0	242	247	484.37111926836
1	443	114	1	0	242	247	881.95929985408
1	521	122	1	0	239	247	1068.5899332883
1	40	119	1	0	245	247	1374.0465553329
1	104	194	1	0	248	250	383.4676368844
1	196	121	1	0	248	250	1164.705734481
1	582	149	1	1	243	251	1058.874240046
1	95	182	1	0	250	252	574.4873720563
1	157	110	1	0	251	253	1582.2592997211
1	526	106	1	0	247	255	1183.7355284899
1	6	108	1	0	253	255	1365.493150492
1	672	98	1	0	241	256	1165.5427033149
1	325	123	1	0	257	262	1164.8522415797
1	156	97	1	0	262	264	1275.2692607804
1	462	170	1	0	259	264	877.13675739394
1	217	101	1	0	262	264	1369.7081329093
1	724	95	0	0	237	268	1078.2837688691
1	711	157	0	0	255	279	860.53747306996
1	153	164	1	0	278	280	1064.4633888501
1	712	181	0	0	256	280	673.15751728502
1	707	108	0	0	266	288	1471.219999757
1	491	148	1	0	286	291	868.31621274767
1	124	177	1	0	294	296	964.63035628295
1	392	165	1	0	291	296	1171.8877595496
1	643	162	1	0	286	299	865.05703266746
1	147	169	1	0	298	300	874.68431932098
1	538	166	1	0	293	301	964.12050172278
1	612	156	1	0	297	305	969.58116588639
1	705	152	0	0	297	318	1057.3426756627
1	682	157	1	0	302	318	1159.5008278094
1	0	9880	1	0	9998	9999	969.69490287997
1	8	9886	1	0	9998	9999	957.0245279102
1	9	9881	1	1	9998	9999	977.59574987869
1	309	9866	1	0	9995	9999	1055.6550126425
1	14	9970	1	0	9998	9999	262.68591533205
1	15	9975	1	0	9998	9999	178.52232152951
1	18	9919	1	0	9998	9999	798.84955559114
1	21	9891	1	0	9998	9999	1126.3289178501
1	506	9917	1	1	9992	9999	684.74228246209
1	25	9894	1	0	9998	9999	951.01375019644
1	28	9941	1	0	9998	9999	547.40829118946
1	39	9846	1	0	9998	9999	1057.4287686193
1	43	9930	1	0	9998	9999	772.8702109007
1	320	9963	1	0	9995	9999	255.79180985225
1	330	9979	1	0	9995	9999	162.29413798337
1	63	9982	1	0	9998	9999	170.14422828377
1	66	9946	1	0	9998	9999	459.99265457428
1	339	9921	1	0	9995	9999	780.39486386364
1	347	9914	1	0	9995	9999	672.93169173182
1	348	9891	1	0	9995	9999	1004.7723396347
1	94	9839	1	1	9998	9999	1247.1981476545
1	514	9911	1	0	9992	9999	557.13997934358
1	690	9953	0	0	9982	9999	270.57749763062
1	103	9929	1	0	9998	9999	477.798
1	105	9927	1	0	9998	9999	664.10943511221
1	106	9907	1	0	9998	9999	617.95001484392
1	107	9949	1	0	9998	9999	434.80097307838
1	358	9943	1	0	9995	9999	634.17543669404
1	110	9943	1	0	9998	9999	412.52459570314
1	362	9950	1	0	9995	9999	325.291
1	119	9961	1	0	9998	9999	285.40145676266
1	369	9929	1	0	9995	9999	740.85587833852
1	371	9901	1	0	9995	9999	872.17903013652
1	374	9924	1	0	9995	9999	470.35721407791
1	378	9905	1	0	9995	9999	533.3454573894
1	150	9883	1	0	9998	9999	879.38936532855
1	394	9890	1	0	9995	9999	1150.2060616121
1	397	9950	1	1	9995	9999	471.02706930028
1	155	9924	1	0	9998	9999	561.2851289458
1	657	9960	1	0	9986	9999	174.87637021621
1	401	9879	1	0	9995	9999	961.17638613625
1	402	9923	1	1	9995	9999	617.75131270579
1	164	9981	1	0	9998	9999	170.48941930389
1	532	9864	1	0	9992	9999	917.19677907514
1	408	9930	1	0	9995	9999	718.35358036024
1	168	9945	1	0	9998	9999	634.70692655554
1	409	9936	1	0	9995	9999	740.17625907271
1	410	9892	1	0	9995	9999	929.65224111515
1	535	9937	1	0	9992	9999	404.32307227221
1	642	9910	1	0	9987	9999	772.23427683103
1	413	9918	1	0	9995	9999	651.90553493006
1	415	9929	1	0	9995	9999	399.90728824361
1	173	9918	1	0	9998	9999	534.86929626666
1	178	9941	1	0	9998	9999	639.98349737731
1	418	9881	1	0	9995	9999	858.56680939547
1	305	9958	1	0	9996	9999	333.2738588017
1	543	9966	1	0	9992	9999	155.88841903762
1	546	9912	1	0	9992	9999	903.0760358258
1	547	9874	1	0	9992	9999	1211.1729678927
1	551	9943	1	0	9992	9999	445.5083833713
1	623	9893	1	0	9988	9999	875.74556305596
1	706	9916	0	0	9978	9999	684.04066143334
1	681	9907	1	0	9984	9999	471.13243742932
1	655	9959	1	0	9987	9999	217.57106139313
1	558	9848	1	0	9992	9999	1411.8969613939
1	559	9926	1	0	9992	9999	733.92251381899
1	671	9971	1	0	9985	9999	70.297
1	562	9939	1	0	9992	9999	378.14666509349
1	197	9896	1	0	9998	9999	941.6154598638
1	198	9923	1	0	9998	9999	533.56498949126
1	565	9926	1	0	9992	9999	392.30205065478
1	201	9911	1	0	9998	9999	613.43107035162
1	204	9933	1	0	9998	9999	501.26652128624
1	571	9924	1	0	9992	9999	455.36622401684
1	616	9902	1	0	9989	9999	1063.0074110974
1	719	9961	0	0	9973	9999	55.295
1	221	9954	1	0	9998	9999	265.41929051366
1	447	9917	1	0	9995	9999	898.43624412085
1	660	9915	1	0	9986	9999	439.0888890118
1	700	9908	0	0	9980	9999	742.71492922257
1	227	9973	1	0	9998	9999	178.07792532959
1	228	9949	1	0	9998	9999	336.96435749326
1	726	9890	0	0	9968	9999	703.09884225897
1	505	9844	1	0	9993	9999	1042.4454047697
1	458	9946	1	0	9995	9999	413.16873331957
1	234	9896	1	0	9998	9999	870.07842970795
1	589	9875	1	0	9992	9999	966.69496507847
1	236	9923	1	0	9998	9999	558.55463007197
1	237	9958	1	1	9998	9999	372.68761575749
1	238	9932	1	0	9998	9999	480.29606527399
1	674	9934	1	0	9985	9999	484.65704405889
1	464	9903	1	0	9995	9999	833.14353935822
1	246	9890	1	1	9998	9999	944.82991600069
1	466	9927	1	0	9995	9999	470.297
1	626	9854	1	0	9988	9999	970.50955115262
1	591	9919	1	0	9992	9999	455.295
1	254	9855	1	0	9998	9999	1110.5311218371
1	701	9913	0	0	9980	9999	641.89274372858
1	723	9907	0	0	9969	9999	347.894
1	629	9893	1	0	9988	9999	612.05548272193
1	479	9921	1	0	9995	9999	916.79435997091
1	480	9911	1	0	9995	9999	533.69607888869
1	257	9872	1	1	9998	9999	1261.9038625888
1	708	9894	0	0	9977	9999	657.42094678811
1	694	9868	0	0	9982	9999	1020.8654283116
1	722	9957	0	0	9970	9999	47.794
1	677	9924	1	0	9985	9999	374.85536864019
1	262	9979	1	0	9998	9999	184.18233654234
1	263	9920	1	0	9998	9999	772.75914272802
1	265	9938	1	0	9998	9999	628.39080318193
1	266	9933	1	0	9998	9999	713.77456500553
1	489	9938	1	0	9995	9999	620.76876641301
1	606	9952	1	0	9992	9999	372.82574491192
1	611	9954	1	0	9992	9999	453.88255552726
1	497	9868	1	0	9995	9999	1310.3978112287
1	275	9988	1	0	9998	9999	85.299
1	498	9952	1	0	9995	9999	285.09538882365
1	277	9953	1	0	9998	9999	332.792
1	299	9857	1	0	9998	9999	1153.2642786085
2	41	1	0	0	9	11	84.083478558739
2	95	1	0	0	9	11	78.725432693446
2	196	1	0	0	9	11	79.361680944776
2	70	1	0	0	9	11	84.928468238446
2	108	1	0	0	9	11	85.783093021702
2	46	1	0	0	9	11	84.172604590468
2	78	1	0	0	9	11	82.451603082125
2	62	1	0	0	9	11	78.764639017917
2	90	1	0	0	10	12	88.227296857772
2	50	1	0	0	10	12	85.592903918503
2	67	1	0	0	10	12	88.911644163572
2	280	1	0	0	10	12	88.77606468751
2	194	1	0	0	10	12	92.357927373257
2	141	1	0	0	10	12	93.046337719641
2	122	1	0	0	10	12	94.178297373465
2	304	1	0	0	10	12	93.476109475183
2	87	1	0	0	10	12	93.358521003588
2	64	1	0	0	10	12	92.07735973032
2	453	1	0	0	9	14	82.57324065764
2	494	1	0	0	9	14	88.738645798178
2	523	1	0	0	10	15	91.245444905118
2	500	1	0	0	10	15	88.497247918686
2	526	1	0	0	10	15	90.053557159468
2	544	1	1	0	10	18	93.191655716651
2	614	1	1	0	10	18	93.201750586737
2	560	1	1	0	10	18	92.058809249977
2	591	1	1	0	10	18	90.149481738881
2	586	1	1	1	10	18	93.432912281082
2	246	1	1	0	18	20	176.25103022609
2	182	1	1	0	18	20	183.66455612022
2	237	1	1	1	19	21	192.81625972549
2	522	1	1	0	17	22	186.31547933244
2	689	0	1	0	7	23	80.956020722076
2	392	1	1	0	18	23	187.20992441347
2	681	1	1	0	10	25	86.847584190957
2	172	1	1	0	25	27	276.10404088062
2	128	1	1	0	25	27	273.30171508831
2	77	1	1	0	27	29	285.62090675556
2	431	1	1	0	25	30	272.89268654484
2	192	2	1	0	30	32	273.57017367587
2	377	10	1	0	30	35	174.12150552889
2	114	1	1	0	33	35	362.47821777016
2	332	3	1	0	32	37	265.30373134428
2	20	10	1	0	37	39	271.00950623904
2	385	5	1	0	34	39	280.48216269358
2	570	1	1	0	32	40	383.27681302084
2	298	17	1	0	39	41	181.59143319759
2	650	0	1	0	30	42	377.5728676706
2	618	10	1	0	37	45	274.51769576658
2	611	4	1	0	39	47	361.39071203607
2	578	7	1	0	39	47	281.03426557405
2	669	1	1	0	34	48	374.14325209742
2	299	1	1	0	46	48	479.95649494293
2	447	4	1	0	45	50	483.5129889128
2	186	1	1	0	48	50	575.29733743169
2	146	1	1	0	48	50	565.29619363611
2	362	1	1	0	46	51	575.16762776549
2	316	2	1	0	47	51	573.27405738389
2	18	1	1	0	49	51	564.16339929642
2	106	12	1	0	49	51	380.79001955155
2	622	1	1	0	44	52	469.34720066389
2	459	1	1	0	48	53	575.26570562735
2	346	1	1	0	48	53	569.18750164362
2	458	1	1	0	49	54	561.2821193119
2	543	23	1	0	47	55	173.64270220708
2	321	4	1	0	50	55	462.86436284781
2	226	3	1	0	54	56	565.89727615435
2	424	5	1	0	51	56	479.88443387677
2	705	0	0	0	38	57	483.81508944028
2	502	9	1	0	53	58	462.31672147451
2	1	12	1	0	57	59	472.98281116489
2	376	17	1	0	54	59	370.89099490257
2	260	1	1	0	58	60	666.21699839187
2	22	1	1	0	59	61	664.17540198363
2	29	3	1	0	59	61	554.28555287341
2	277	4	1	0	59	61	562.12664525203
2	335	5	1	0	57	62	562.75283587007
2	677	1	1	1	48	63	577.5946853337
2	48	25	1	1	61	63	283.08124692442
2	17	11	1	0	61	63	567.94103306456
2	327	16	1	0	59	64	478.1167817557
2	383	1	1	0	59	64	668.53786637304
2	228	14	1	0	62	64	555.53700474058
2	240	6	1	0	62	64	579.16427430831
2	687	1	1	0	48	64	560.25526973597
2	442	16	1	0	60	65	474.09767801152
2	633	1	1	1	57	65	668.85082735061
2	579	5	1	0	58	66	584.92398041972
2	60	7	1	0	64	66	577.90728739644
2	394	7	1	0	61	66	471.44538505515
2	42	1	1	0	64	66	767.56372890421
2	261	6	1	0	65	67	569.66715266354
2	319	1	1	0	62	67	779.45532854595
2	57	4	1	0	66	68	582.26912646673
2	717	0	0	0	45	68	574.60920244781
2	85	8	1	0	66	68	660.49489827309
2	497	1	1	0	63	68	775.11792492034
2	464	8	1	0	63	68	569.93799692526
2	531	4	1	0	61	69	473.30178066321
2	222	39	1	0	67	69	264.62432520009
2	493	2	1	0	65	70	581.90455575432
2	161	26	1	0	68	70	464.58855100525
2	518	1	1	0	65	70	778.10082870189
2	353	7	1	0	66	71	671.73787494992
2	537	8	1	0	63	71	566.93636396403
2	479	11	1	0	66	71	570.65886189122
2	216	9	1	0	70	72	683.85165677592
2	269	2	1	0	70	72	777.67857931488
2	729	1	0	0	36	72	383.35392677378
2	553	18	1	0	65	73	377.16413707946
2	209	1	1	0	72	74	880.61961671618
2	370	1	1	0	69	74	881.39310153744
2	12	24	1	0	73	75	578.72989088418
2	514	1	1	0	70	75	884.24889851411
2	433	1	1	0	70	75	887.64613032767
2	354	1	1	0	70	75	861.87782453154
2	340	15	1	0	71	76	470.35599602541
2	511	1	1	0	71	76	871.60901096745
2	667	23	1	1	64	77	471.03596334272
2	568	1	1	0	69	77	871.06696272367
2	73	1	1	0	76	78	975.98283170621
2	505	27	1	0	73	78	475.16534240233
2	134	7	1	0	76	78	569.44427444875
2	116	5	1	1	77	79	772.54638123266
2	235	17	1	1	77	79	671.64407398813
2	417	1	1	0	74	79	871.55894785107
2	79	1	1	1	77	79	959.38357314746
2	352	1	1	0	74	79	871.04842320727
2	363	18	1	0	74	79	475.3978018309
2	632	27	1	0	71	79	468.60755727434
2	359	21	1	0	75	80	463.57160701641
2	0	17	1	0	78	80	478.13312231585
2	38	1	1	0	78	80	980.00146822075
2	585	27	1	0	73	81	470.2675258687
2	421	10	1	0	76	81	679.29798982474
2	638	6	1	0	74	82	670.4267938091
2	308	16	1	0	80	82	562.43943808939
2	700	1	0	0	64	82	766.74380446338
2	461	18	1	1	78	83	664.59984801699
2	245	13	1	0	81	83	669.27615628593
2	662	0	1	0	70	83	838.24111312157
2	238	18	1	0	81	83	579.82429160965
2	163	1	1	0	81	83	976.8893015709
2	373	8	1	0	79	84	774.58823261359
2	287	34	1	0	82	84	476.03896380104
2	285	15	1	0	82	84	672.52232167576
2	325	19	1	0	79	84	673.66786874702
2	546	26	1	0	77	85	484.93886591448
2	178	45	1	0	83	85	367.4094132552
2	664	0	1	0	72	85	876.06736436799
2	486	15	1	0	80	85	661.23614625627
2	257	18	1	0	83	85	668.17921135085
2	264	41	1	0	83	85	373.6167312103
2	576	1	1	1	78	86	883.1666125722
2	350	26	1	0	81	86	460.58947392508
2	125	1	1	0	84	86	1060.3001855941
2	306	1	1	0	84	86	1065.679872043
2	121	23	1	0	84	86	570.04708890034
2	258	4	1	0	84	86	972.80370143758
2	472	39	1	0	82	87	364.71608109513
2	198	11	1	0	85	87	868.9964663547
2	375	30	1	0	82	87	568.8317489786
2	276	4	1	1	85	87	964.4214615697
2	27	7	1	0	85	87	862.55771279822
2	730	0	0	0	6	87	79.622596823913
2	592	11	1	0	80	88	660.84628266598
2	6	4	1	0	86	88	870.72669808278
2	101	55	1	0	87	89	280.03197046335
2	341	2	1	0	84	89	972.29624374722
2	643	17	1	0	77	89	679.1968964072
2	202	3	1	0	87	89	978.30186980251
2	659	1	1	0	76	89	955.68730457195
2	21	15	1	0	88	90	765.95273803941
2	80	6	1	0	88	90	879.04958820584
2	294	1	1	0	88	90	1067.2641765383
2	439	5	1	0	86	91	972.53165761302
2	97	6	1	0	89	91	959.20874620123
2	380	15	1	0	86	91	761.41886347293
2	444	42	1	0	87	92	280.60701191053
2	248	2	1	0	90	92	968.53735341335
2	647	15	1	0	80	92	662.68884501746
2	124	43	1	0	91	93	475.75731598957
2	470	27	1	0	88	93	581.19864821242
2	460	41	1	0	89	94	462.97706816585
2	487	31	1	0	89	94	581.53832699369
2	626	45	1	0	86	94	372.09887394688
2	133	22	1	0	92	94	770.5342076397
2	728	5	0	0	58	94	573.67278091425
2	387	21	1	0	89	94	565.95939957275
2	310	16	1	0	93	95	885.93696521996
2	696	1	0	0	78	95	956.45242704498
2	36	25	1	0	94	96	659.76703136219
2	58	12	1	0	94	96	974.65919684988
2	92	12	1	0	94	96	973.50258278902
2	123	1	1	0	94	96	1178.037946774
2	275	45	1	0	96	98	585.77123972026
2	548	11	1	0	90	98	867.42359338968
2	533	34	1	0	90	98	572.33154990368
2	378	19	1	0	93	98	656.28043314726
2	130	7	1	0	96	98	1069.0932205426
2	721	40	0	0	74	99	277.04017137855
2	223	9	1	0	97	99	1085.6917070211
2	89	12	1	0	97	99	756.69113660531
2	702	4	0	0	80	99	876.05788401706
2	61	32	1	0	97	99	771.74226842356
2	670	17	1	1	86	100	752.86893345434
2	282	21	1	0	98	100	866.89121811149
2	33	38	1	0	98	100	670.62687792819
2	271	42	1	1	99	101	480.67232887976
2	432	29	1	0	96	101	662.35353183455
2	197	13	1	0	99	101	960.96851696668
2	615	1	1	0	93	101	1166.4343284152
2	191	1	1	1	100	102	1259.9769302803
2	358	40	1	0	97	102	555.23287347374
2	165	21	1	0	100	102	864.76276238329
2	418	30	1	0	97	102	761.36878177843
2	66	55	1	0	100	102	479.3703240732
2	355	36	1	0	98	103	582.94336149398
2	342	42	1	0	98	103	455.25251962532
2	65	1	1	0	101	103	1271.4591388841
2	153	30	1	0	101	103	673.86932984383
2	407	2	1	0	98	103	1161.13007516
2	607	11	1	0	96	104	965.60491970363
2	532	11	1	0	96	104	951.92332590906
2	446	20	1	0	100	105	571.54267107488
2	168	49	1	0	103	105	469.00910968209
2	273	11	1	0	103	105	1073.9654340408
2	211	31	1	0	103	105	778.74473366652
2	463	11	1	0	100	105	1077.0448694289
2	718	19	0	0	81	105	673.28416983636
2	673	41	1	0	90	105	478.41882677979
2	498	7	1	0	100	105	1073.1337140889
2	145	17	1	0	104	106	970.16825681549
2	529	9	1	0	98	106	769.27746020732
2	567	31	1	0	98	106	672.44780109724
2	640	1	1	0	94	106	1175.1427592436
2	190	13	1	0	105	107	977.29744993445
2	690	11	1	0	91	107	759.3399784195
2	719	47	0	0	82	107	366.52235314874
2	115	17	1	0	106	108	667.80550169989
2	467	31	1	0	103	108	757.91496989163
2	608	12	1	0	100	108	974.3605480861
2	234	47	1	0	106	108	659.94697314875
2	584	4	1	0	100	108	1067.143382962
2	206	67	1	0	106	108	374.18572208344
2	303	62	1	0	107	109	474.23209174641
2	423	5	1	0	104	109	976.22984959531
2	547	1	1	0	101	109	1265.7049398294
2	180	1	1	0	107	109	1377.1166372898
2	105	7	1	1	107	109	1168.6653992046
2	225	51	1	0	108	110	557.82117091206
2	475	3	1	0	105	110	1274.2265022645
2	242	34	1	0	108	110	869.41514487605
2	516	32	1	0	106	111	762.232468998
2	324	48	1	0	106	111	571.72603231879
2	528	12	1	0	106	111	1074.5023157879
2	177	32	1	0	109	111	766.60697125723
2	220	27	1	0	111	113	973.13915328433
2	184	25	1	0	111	113	960.18149398321
2	697	29	0	0	96	114	567.97642092599
2	492	60	1	0	109	114	477.54261047205
2	555	27	1	0	106	114	875.91032148161
2	31	31	1	0	112	114	965.26826912983
2	612	24	1	0	108	116	866.4295791804
2	217	47	1	0	114	116	572.87166379043
2	82	1	1	0	114	116	1363.513235084
2	403	56	1	1	112	117	461.15735795314
2	329	36	1	0	112	117	768.65974360132
2	409	25	1	0	112	117	961.3334652413
2	549	1	1	0	109	117	1365.2916562912
2	54	17	1	0	115	117	977.78795192589
2	491	48	1	0	113	118	673.98732482952
2	414	8	1	0	113	118	982.82355084286
2	501	43	1	0	113	118	666.29265352504
2	473	47	1	0	113	118	666.30997035456
2	338	23	1	0	114	119	977.28177805842
2	504	23	1	0	115	120	871.02750187466
2	117	41	1	0	118	120	671.23701114593
2	449	55	1	0	115	120	672.32062546537
2	307	89	1	0	119	121	273.32628895677
2	56	46	1	0	119	121	664.58674492746
2	541	64	1	1	114	122	378.5230046908
2	565	22	1	0	114	122	761.43122536992
2	262	27	1	0	120	122	766.48701510449
2	135	22	1	0	120	122	1082.9424383322
2	484	43	1	0	118	123	676.59428154505
2	185	62	1	0	121	123	470.64480240098
2	104	63	1	0	121	123	479.7065511929
2	620	62	1	0	115	123	566.63533409758
2	281	34	1	1	121	123	782.18746796077
2	297	53	1	0	121	123	655.11759908573
2	480	46	1	0	119	124	771.48498598337
2	437	58	1	0	119	124	382.34391005156
2	703	51	0	0	105	124	473.50359866787
2	83	27	1	0	123	125	771.17050348231
2	35	20	1	0	123	125	769.46194265431
2	314	47	1	0	123	125	776.88780664001
2	336	41	1	0	121	126	767.63046300719
2	655	78	1	0	113	126	247.71741346831
2	455	64	1	0	122	127	582.09020866735
2	374	49	1	0	122	127	868.96574313005
2	157	1	1	0	125	127	1579.9465498948
2	144	75	1	0	126	128	474.82893111986
2	723	37	0	0	101	128	280.07018217873
2	15	33	1	0	126	128	870.9655979717
2	160	55	1	0	126	128	664.00376381194
2	349	1	1	0	124	129	1580.8466512693
2	656	6	1	0	116	129	1263.7426877973
2	496	19	1	0	124	129	1156.7926121333
2	309	29	1	0	127	129	765.32919909351
2	96	1	1	0	127	129	1563.1748931797
2	84	46	1	1	128	130	665.33352203709
2	624	45	1	0	122	130	766.40481613501
2	598	61	1	0	124	132	571.37102674704
2	204	7	1	0	131	133	1168.8728610225
2	129	59	1	0	131	133	775.9902651047
2	274	61	1	0	132	134	774.23176384117
2	536	50	1	0	126	134	661.4594928707
2	589	53	1	0	126	134	756.04683207643
2	218	72	1	0	132	134	668.48655258978
2	100	65	1	0	132	134	577.14041179729
2	712	9	0	0	113	135	774.95189000837
2	569	38	1	0	127	135	684.40259080814
2	688	87	1	1	119	135	276.81935278687
2	434	64	1	1	131	136	771.19336199076
2	686	31	1	0	121	137	875.93279020593
2	605	48	1	0	130	138	773.53344091442
2	616	8	1	0	130	138	1063.3203717597
2	693	56	1	0	122	138	571.37240559112
2	708	56	0	0	117	138	564.342705774
2	289	46	1	0	136	138	876.74211270055
2	405	50	1	1	134	139	767.8840299265
2	485	81	1	0	134	139	372.66414149935
2	37	46	1	0	138	140	870.28904331266
2	113	42	1	0	138	140	869.39136535394
2	695	54	0	0	123	140	754.08417835338
2	726	21	0	0	112	141	575.80538781364
2	426	60	1	0	136	141	865.39246438798
2	397	25	1	0	136	141	1160.2167664535
2	136	60	1	0	139	141	877.86532890267
2	597	80	1	0	134	142	557.62620281334
2	495	81	1	0	138	143	576.83238954711
2	534	5	1	0	135	143	1562.7104423943
2	137	51	1	0	142	144	772.47385816789
2	552	54	1	0	136	144	764.42106180619
2	365	72	1	0	139	144	570.33494773477
2	232	61	1	0	142	144	659.71197112176
2	139	96	1	0	143	145	470.41770943441
2	288	18	1	1	143	145	1564.3226187657
2	509	29	1	0	140	145	1268.0427572929
2	517	72	1	0	141	146	481.56701415501
2	468	97	1	0	142	147	377.39032059051
2	224	71	1	0	145	147	766.1662377037
2	107	50	1	0	145	147	767.21431339363
2	694	34	0	0	130	147	959.17418891905
2	142	69	1	0	145	147	860.59707190574
2	408	81	1	0	142	147	467.77265865575
2	435	33	1	0	143	148	768.35663915417
2	506	46	1	0	143	148	880.30316492695
2	9	33	1	0	146	148	878.43211973424
2	286	57	1	0	146	148	783.91873790734
2	389	7	1	0	143	148	1561.1945540636
2	582	33	1	0	140	148	764.70470687664
2	521	52	1	0	144	149	967.20247985028
2	127	46	1	0	147	149	973.17553314033
2	315	56	1	0	148	150	979.08225012851
2	300	57	1	0	148	150	870.26401391185
2	47	65	1	0	148	150	672.39653929046
2	451	69	1	0	145	150	862.48229321845
2	88	61	1	0	148	150	965.17470398372
2	312	104	1	0	148	150	366.49882224456
2	152	24	1	0	148	150	1273.524228839
2	243	63	1	0	149	151	656.98217400327
2	678	50	1	1	136	151	872.30564624611
2	419	67	1	0	147	152	855.45932919869
2	360	33	1	0	147	152	1260.9279986623
2	401	54	1	0	147	152	779.25137325649
2	550	66	1	0	145	153	681.86717949741
2	63	65	1	0	151	153	768.08449951458
2	343	64	1	0	148	153	763.67933881104
2	75	68	1	0	151	153	777.23257299568
2	724	68	0	0	127	154	582.42662728668
2	94	80	1	0	152	154	674.48809638275
2	630	52	1	0	147	155	771.10424325983
2	587	102	1	0	147	155	478.08561041598
2	259	68	1	0	153	155	770.12389872715
2	602	14	1	0	147	155	1064.4584494809
2	603	81	1	0	148	156	571.64494850893
2	595	87	1	0	148	156	472.52498420076
2	654	50	1	0	144	156	989.75227193179
2	699	64	0	0	138	156	667.10642672005
2	428	12	1	0	151	156	1263.9348446607
2	91	116	1	0	155	157	378.22060529614
2	305	89	1	0	155	157	671.05040530887
2	542	36	1	0	149	157	1061.20297742
2	540	98	1	0	149	157	460.57861426764
2	200	61	1	0	155	157	767.79847738305
2	675	94	1	0	142	157	476.07767830792
2	561	73	1	0	150	158	766.90537554311
2	295	67	1	0	156	158	858.7743402993
2	406	22	1	0	154	159	1365.1866443272
2	583	86	1	0	151	159	574.0694790998
2	715	79	0	0	136	159	470.1594241127
2	214	86	1	0	157	159	767.79935508243
2	14	81	1	0	157	159	671.45416365751
2	609	34	1	0	152	160	1065.6970020258
2	266	100	1	0	158	160	467.55955247105
2	477	116	1	1	156	161	366.51167253986
2	284	64	1	0	159	161	779.5424051323
2	25	6	1	0	159	161	1554.9053616286
2	187	105	1	0	159	161	470.60569824303
2	366	53	1	0	157	162	971.38086212042
2	402	61	1	0	157	162	1054.9443194093
2	563	108	1	0	154	162	464.70376840777
2	3	50	1	0	161	163	1068.8764908757
2	499	66	1	0	159	164	676.88286566858
2	679	20	1	0	149	164	1568.5877405129
2	379	23	1	0	159	164	1274.2080380026
2	347	41	1	0	159	164	867.20455922925
2	452	96	1	0	159	164	578.00638502602
2	454	42	1	0	159	164	965.93227201093
2	345	61	1	0	160	165	969.15313064476
2	714	57	0	0	143	166	668.37252685128
2	476	73	1	1	161	166	673.20039914789
2	219	100	1	0	164	166	374.13394989983
2	657	94	1	0	154	167	583.35852719082
2	176	31	1	0	165	167	1269.6246288413
2	668	83	1	1	153	167	653.32559257082
2	483	89	1	0	162	167	779.10606805425
2	557	49	1	0	159	167	1279.6591851492
2	49	86	1	1	165	167	756.25166563844
2	356	104	1	0	163	168	469.0365483065
2	634	41	1	0	160	168	854.5738765527
2	692	65	1	0	152	168	766.54304054105
2	253	71	1	0	166	168	770.76404944268
2	55	55	1	0	167	169	868.62182909778
2	644	39	1	0	157	169	972.387748231
2	181	53	1	0	167	169	1373.6314792613
2	166	53	1	0	167	169	872.63241797476
2	195	45	1	0	167	169	1268.4642228834
2	179	64	1	0	167	169	970.97797489302
2	251	112	1	0	168	170	564.4354813834
2	339	103	1	0	165	170	476.59193071483
2	311	95	1	0	168	170	574.21142133623
2	443	22	1	0	166	171	1278.3472399385
2	399	57	1	0	166	171	1071.3187643276
2	265	80	1	1	169	171	669.08227846971
2	566	67	1	0	163	171	880.38085984801
2	649	103	1	0	159	171	569.2729792553
2	398	78	1	0	167	172	985.65312026351
2	410	75	1	0	167	172	954.93720911041
2	330	59	1	0	168	173	976.3567229134
2	524	74	1	0	168	173	1070.2467893274
2	174	112	1	0	172	174	582.98690451086
2	415	51	1	0	169	174	878.41768142107
2	574	61	1	0	166	174	863.35319966561
2	400	109	1	1	169	174	664.74647859757
2	68	57	1	0	172	174	1163.3202535999
2	369	70	1	0	170	175	663.55124011796
2	412	74	1	0	170	175	974.55513787216
2	221	60	1	0	173	175	1172.7226378636
2	120	96	1	1	174	176	776.89810978822
2	641	82	1	0	164	176	866.22993832344
2	244	54	1	0	174	176	1276.6050003803
2	301	64	1	0	174	176	868.47013323371
2	564	71	1	0	169	177	859.61306113464
2	159	116	1	0	175	177	473.70013474346
2	93	89	1	0	176	178	871.73012208857
2	32	88	1	0	176	178	665.92546079442
2	147	51	1	0	176	178	983.02932572552
2	361	81	1	0	173	178	962.36850955006
2	527	43	1	0	174	179	872.96615026195
2	422	20	1	0	174	179	1268.7520693807
2	590	55	1	0	171	179	1071.5689448595
2	610	65	1	0	172	180	882.54714344755
2	102	117	1	0	178	180	480.4246326211
2	628	63	1	0	172	180	1168.9815544635
2	653	12	1	0	168	180	1338.4399725542
2	11	66	1	0	178	180	979.02563759698
2	404	104	1	0	176	181	667.74129769359
2	164	44	1	0	179	181	977.73255970614
2	233	14	1	0	179	181	1462.5076689592
2	364	96	1	0	176	181	660.92022351134
2	267	79	1	0	180	182	964.85029028517
2	149	52	1	1	180	182	1360.5781163387
2	720	53	0	0	157	182	866.81630976313
2	367	72	1	0	177	182	976.78307120257
2	368	95	1	0	177	182	866.8549669103
2	5	99	1	1	181	183	565.95303403436
2	707	16	0	0	162	183	1672.8451556029
2	713	77	0	0	161	183	684.14199339123
2	71	65	1	0	182	184	1075.6628087011
2	103	101	1	0	182	184	868.54381443867
2	457	68	1	1	179	184	874.70291629481
2	676	43	1	0	170	185	851.53074378044
2	213	79	1	0	183	185	974.07300242322
2	535	82	1	0	177	185	757.23731553325
2	292	16	1	0	184	186	1473.2919896443
2	183	71	1	0	184	186	1075.3519455621
2	575	93	1	0	178	186	674.7369994414
2	384	97	1	0	182	187	677.47527570732
2	390	78	1	0	182	187	879.48085258778
2	663	41	1	0	174	187	1363.1028755682
2	199	102	1	0	185	187	760.98403448225
2	716	36	0	0	165	188	968.57252993511
2	110	26	1	0	186	188	1372.8023014215
2	302	83	1	0	186	188	1171.2334773763
2	59	81	1	1	186	188	1067.0880229578
2	167	83	1	0	186	188	983.32182604674
2	519	108	1	0	183	188	668.40876613018
2	279	67	1	0	187	189	1072.6769964625
2	326	56	1	0	184	189	1072.291041039
2	525	71	1	0	184	189	959.71066341164
2	623	105	1	0	181	189	563.80125097193
2	581	38	1	1	181	189	1273.6618218719
2	474	73	1	1	185	190	1164.6739680961
2	53	98	1	0	188	190	966.52509153788
2	119	84	1	0	189	191	961.51470978407
2	250	95	1	0	189	191	871.38940762306
2	684	52	1	0	176	191	1070.5176431129
2	334	82	1	0	186	191	861.23582935263
2	98	129	1	0	190	192	475.40075274627
2	7	55	1	0	190	192	1169.5191829569
2	34	79	1	0	190	192	1070.8496646715
2	158	100	1	0	191	193	864.81233990705
2	205	85	1	0	191	193	966.18717991779
2	471	49	1	0	189	194	1169.6821811316
2	143	90	1	0	192	194	773.59392685558
2	331	104	1	0	189	194	767.97005723849
2	175	76	1	0	192	194	1172.3463525092
2	554	67	1	0	186	194	1275.5517091397
2	652	33	1	0	182	194	1460.2668007852
2	588	93	1	0	187	195	779.14773377765
2	593	105	1	0	187	195	768.19787719119
2	74	69	1	0	195	197	1065.2505744267
2	396	57	1	0	192	197	1175.4313554797
2	126	123	1	0	195	197	575.63613019089
2	613	78	1	0	189	197	1165.0053235398
2	685	89	1	0	182	198	659.52288731332
2	81	67	1	0	196	198	1274.515755074
2	621	81	1	1	191	199	974.51661809466
2	357	86	1	0	194	199	1172.6935181497
2	530	119	1	0	191	199	760.81293866658
2	148	113	1	0	198	200	755.76940737799
2	413	90	1	0	195	200	873.5009032092
2	515	95	1	0	197	202	859.24077178823
2	150	82	1	0	200	202	966.19400558641
2	665	124	1	1	190	203	438.22515384112
2	45	44	1	0	201	203	1251.6640146493
2	478	60	1	0	198	203	1167.6736905071
2	558	91	1	0	196	204	855.68150857764
2	171	62	1	0	202	204	1167.7060532325
2	162	41	1	0	203	205	1360.4270690548
2	706	81	0	0	184	205	1077.2328584397
2	283	129	1	0	204	206	577.06332144814
2	23	98	1	0	204	206	977.14483419695
2	482	110	1	0	202	207	772.41545551606
2	631	84	1	1	200	208	877.28637970595
2	39	76	1	0	206	208	1260.8915293433
2	138	78	1	0	207	209	1067.8743312636
2	513	129	1	0	204	209	675.67836511332
2	440	73	1	0	204	209	1079.1835454804
2	69	78	1	0	208	210	975.19764459351
2	109	141	1	0	208	210	569.39856481056
2	660	73	1	1	197	210	1063.5530058415
2	441	101	1	0	205	210	980.32050849901
2	450	130	1	0	206	211	769.09297259194
2	118	41	1	0	209	211	1561.9451715444
2	86	40	1	0	209	211	1258.8570918772
2	503	82	1	0	207	212	962.75095137271
2	112	102	1	0	210	212	965.6117183297
2	556	79	1	0	204	212	1175.0088614077
2	617	32	1	1	204	212	1273.7214795564
2	256	112	1	0	211	213	670.61268244808
2	40	94	1	0	211	213	968.06764990243
2	577	121	1	0	205	213	768.00785870423
2	710	87	0	0	192	214	769.20653487598
2	520	85	1	0	209	214	964.88599969513
2	674	66	1	0	200	215	1169.6323389317
2	239	56	1	0	213	215	1370.5074438306
2	52	176	1	0	214	216	370.30751681635
2	19	123	1	0	214	216	770.32856045106
2	456	67	1	0	211	216	1379.4028228258
2	208	99	1	0	214	216	965.30430456293
2	512	110	1	0	211	216	878.21910088088
2	372	119	1	1	212	217	866.89510443582
2	448	93	1	0	213	218	868.86185884577
2	416	65	1	0	213	218	1374.2795356923
2	296	70	1	0	216	218	1266.0197138587
2	201	63	1	0	216	218	1475.024444655
2	255	90	1	0	216	218	1081.1596744312
2	510	112	1	0	213	218	976.62241085501
2	337	92	1	0	214	219	1074.5616892045
2	682	179	1	0	204	219	182.88952040601
2	351	144	1	0	214	219	472.48852572531
2	572	74	1	0	211	219	1361.8904861513
2	371	110	1	0	215	220	968.46727705601
2	672	99	1	0	205	220	962.59682618644
2	263	44	1	0	219	221	1573.2378483776
2	709	121	0	0	199	221	570.73677037619
2	420	121	1	1	216	221	1070.7130756627
2	573	110	1	0	214	222	877.07025082531
2	539	105	1	0	215	223	1070.1746917102
2	252	102	1	0	222	224	969.71278478207
2	725	102	0	0	196	224	761.29417996279
2	318	70	1	0	219	224	1164.2120094253
2	322	105	1	0	219	224	968.77092839406
2	490	43	1	1	220	225	1770.1451673469
2	131	140	1	0	223	225	766.16397375935
2	236	98	1	0	223	225	1272.1683839289
2	44	114	1	0	223	225	970.4620216136
2	229	104	1	0	224	226	773.19160322543
2	600	69	1	0	218	226	1367.2580799471
2	601	46	1	0	219	227	1366.1141906015
2	559	97	1	0	221	229	972.92982840044
2	76	88	1	0	227	229	1143.148952149
2	231	131	1	0	228	230	565.13479449722
2	151	109	1	1	228	230	866.81541074365
2	2	96	1	0	228	230	1063.098522163
2	445	35	1	0	226	231	1557.2947933838
2	562	44	1	0	223	231	1770.8705278837
2	189	84	1	0	230	232	1277.5729876345
2	344	125	1	0	229	234	963.80487080411
2	635	70	1	0	226	234	1470.5217650515
2	661	73	1	0	222	235	1475.6350431404
2	666	87	1	1	222	235	1267.5753946004
2	727	33	0	0	202	235	1474.3917256632
2	722	55	0	0	209	236	1357.4194366265
2	436	94	1	0	231	236	1082.2467359963
2	489	98	1	0	235	240	1362.2616439333
2	698	64	0	0	222	240	1370.8554540196
2	333	111	1	0	235	240	1066.0988080323
2	8	120	1	0	240	242	1069.9651669483
2	430	126	1	0	238	243	972.93289138982
2	230	116	1	0	242	244	1179.8101620859
2	629	112	1	0	236	244	1061.5836104678
2	111	119	1	0	243	245	859.4089331865
2	268	130	1	0	243	245	1160.9558020531
2	691	88	1	0	231	247	1051.1036595398
2	639	89	1	0	236	248	1171.0116091026
2	227	128	1	0	248	250	1172.6509715691
2	625	124	1	0	242	250	984.14921807758
2	606	86	1	0	242	250	1257.2117462343
2	507	72	1	0	246	251	1465.9568994962
2	173	108	1	0	249	251	1468.7645212308
2	10	123	1	1	251	253	1266.5343571763
2	386	111	1	0	249	254	1165.3730312413
2	701	87	0	0	237	256	1164.1449175061
2	642	115	1	0	245	257	1170.0308421123
2	212	82	1	0	255	257	1553.6800128457
2	249	108	1	0	257	259	1361.9019183784
2	272	111	1	0	259	261	1552.3486022193
2	241	98	1	0	260	262	1372.4218040554
2	594	103	1	0	255	263	1370.5583558897
2	270	74	1	0	261	263	1460.0353310774
2	580	136	1	0	256	264	1076.1754496567
2	323	164	1	0	262	267	1069.3142419756
2	215	104	1	0	269	271	1271.4581643918
2	16	120	1	0	269	271	1171.7546874621
2	4	9965	1	0	9998	9999	247.794
2	13	9982	1	0	9998	9999	169.47104597216
2	320	9909	1	0	9995	9999	518.64288089273
2	24	9988	1	0	9998	9999	85.299
2	26	9899	1	0	9998	9999	681.0140723281
2	28	9915	1	0	9998	9999	571.76159692715
2	30	9966	1	0	9998	9999	278.0295747876
2	328	9931	1	0	9995	9999	598.443195218
2	43	9903	1	0	9998	9999	893.35428991592
2	51	9961	1	0	9998	9999	447.66333080296
2	348	9895	1	0	9995	9999	948.60606208435
2	651	9948	1	0	9988	9999	232.892
2	72	9989	1	0	9998	9999	85.299
2	99	9898	1	0	9998	9999	769.8018255139
2	538	9946	1	0	9992	9999	384.4470872636
2	381	9940	1	0	9995	9999	469.19820293721
2	382	9986	1	0	9995	9999	77.798
2	388	9907	1	0	9995	9999	639.56304684209
2	704	9946	0	0	9981	9999	287.07483466068
2	545	9925	1	0	9992	9999	634.77093234379
2	391	9911	1	0	9995	9999	518.64405390758
2	132	9903	1	0	9998	9999	1110.6754241045
2	393	9920	1	0	9995	9999	485.299
2	395	9933	1	0	9995	9999	347.794
2	140	9905	1	0	9998	9999	625.291
2	154	9915	1	0	9998	9999	520.38949124874
2	551	9910	1	0	9992	9999	656.16642204048
2	155	9922	1	0	9998	9999	726.5341327506
2	156	9952	1	0	9998	9999	309.94309511987
2	411	9986	1	0	9995	9999	77.798
2	169	9975	1	1	9998	9999	263.04434783581
2	170	9917	1	0	9998	9999	648.51729312374
2	425	9940	1	0	9995	9999	369.89344708444
2	427	9924	1	0	9995	9999	432.3065229758
2	429	9942	1	0	9995	9999	362.34866639632
2	438	9901	1	0	9995	9999	555.295
2	711	9933	0	0	9978	9999	217.89
2	188	9929	1	0	9998	9999	557.99700607463
2	193	9972	1	0	9998	9999	254.36843385656
2	203	9962	1	0	9998	9999	277.41761156674
2	207	9914	1	0	9998	9999	766.37959727236
2	210	9909	1	0	9998	9999	710.40329821086
2	571	9884	1	0	9992	9999	678.66728977031
2	462	9899	1	0	9995	9999	617.79
2	465	9900	1	0	9995	9999	762.67452551443
2	466	9969	1	0	9995	9999	255.5174192177
2	469	9931	1	0	9995	9999	395.40923149202
2	481	9965	1	0	9995	9999	241.04751955053
2	488	9890	1	0	9995	9999	763.10921546504
2	596	9936	1	0	9992	9999	363.02029912586
2	658	9953	1	0	9987	9999	270.512095079
2	599	9902	1	0	9992	9999	672.86304039945
2	247	9955	1	0	9998	9999	370.58314435746
2	604	9835	1	0	9992	9999	1300.042514593
2	645	9932	1	0	9988	9999	640.67894670331
2	317	9949	1	1	9996	9999	285.7930539296
2	254	9910	1	0	9998	9999	502.788
2	508	9904	1	1	9995	9999	685.86692223448
2	646	9945	1	0	9988	9999	397.39124163821
2	619	9904	1	0	9992	9999	632.83396117655
2	648	9870	1	0	9988	9999	898.69382328483
2	627	9921	1	0	9992	9999	536.22741197411
2	680	9927	1	0	9985	9999	348.11074271405
2	278	9979	1	0	9998	9999	162.796
2	683	9909	1	0	9985	9999	462.796
2	636	9932	1	0	9992	9999	340.293
2	637	9983	1	0	9992	9999	70.297
2	290	9921	1	0	9998	9999	479.18730564945
2	291	9911	1	0	9998	9999	855.88814701097
2	293	9915	1	0	9998	9999	540.19076607462
2	671	9941	1	0	9986	9999	266.46919987588
2	313	9935	1	0	9998	9999	455.295
