0	189	NA 	 NA 	0	0	0	0
0	168	NA 	 NA 	0	0	0	0
0	195	NA 	 NA 	0	0	0	0
0	283	0.0	0.041549824528	1	0	14	0
0	114	0.0	0.271631918005	1	0	13	0
0	151	0.0	0.341576267079	1	0	10	0
0	133	0.0	0.9634264836	1	0	2	0
0	243	0.0	0.271632260995	1	0	13	0
0	36	0.0	0.578745376389	1	0	4	0
0	65	0.0	0.271632417046	1	0	13	0
0	176	0.0	0.963426721465	1	0	5	0
0	298	0.0	0.941563349233	1	0	5	0
0	275	0.0	0.941562964544	1	1	4	0
0	185	0.0	0.576657698402	1	0	7	0
0	239	0.0	0.967287392495	1	1	0	0
0	42	0.0	1.36322083345	1	0	1	0
0	96	0.0	0.57979612476	1	0	11	0
0	244	0.0	0.341576285643	1	1	3	0
0	207	0.0	0.041550241575	1	0	10	0
0	92	0.0	0.743572567264	1	0	3	0
0	154	0.0	0.041549891304	1	0	17	0
0	252	0.0	0.576657723378	1	0	5	0
0	130	0.0	0.941563255463	1	0	7	0
0	85	0.0	0.271632359947	1	0	11	3
0	147	0.0	0.341576262836	1	0	6	0
0	211	0.0	0.963426727389	1	0	5	0
0	242	0.0	0.94156322977	1	0	5	0
0	295	0.0	0.041550117609	1	0	15	5
0	79	0.0	0.271632289642	1	0	12	0
0	91	0.0	0.579795921982	1	0	8	0
0	246	0.0	0.341576175153	1	0	4	0
0	261	0.0	0.341576053947	1	0	9	0
0	89	0.0	0.941563062441	1	1	4	0
0	209	0.0	0.941563228464	1	0	5	0
0	87	0.0	0.271632161096	1	0	12	0
0	11	0.0	0.341576264898	1	0	10	0
0	194	0.0	0.579795926174	1	2	5	1
0	236	0.0	0.880510907531	1	0	3	0
0	267	0.0	0.88051130542	1	0	3	0
0	37	0.0	0.041550217	1	0	10	0
0	18	0.0	0.963426655884	1	0	5	0
0	159	0.0	0.041549913517	1	0	22	0
0	192	0.0	0.271632425923	1	0	13	0
0	155	0.0	0.275019703614	1	0	9	0
0	256	0.0	0.041550269345	1	1	9	0
0	129	0.0	0.041549924338	1	0	14	0
0	216	0.0	0.04155000283	1	0	12	0
0	48	0.0	0.271631907703	1	0	12	0
0	43	0.0	0.741498423268	1	0	6	0
0	212	0.0	0.041549960503	1	1	11	2
0	148	0.0	0.041550243529	1	0	12	0
0	100	0.0	0.041549917983	1	0	17	0
0	2	0.0	0.341576276192	1	0	8	0
0	150	0.0	0.271632394274	1	0	7	0
0	245	0.0	0.272656610712	1	0	11	0
0	164	0.0	0.741498231833	1	0	8	0
0	38	0.0	0.966694301679	1	0	4	0
0	203	0.0	0.041549967038	1	1	8	0
0	188	0.0	0.271632217061	1	0	12	0
0	84	0.0	0.271632251334	1	0	12	0
0	248	0.0	0.743572648604	1	0	3	0
0	75	0.0	0.57665776739	1	0	6	0
0	160	0.0	0.041549912269	1	0	15	0
0	229	0.0	0.579795873989	1	1	8	1
0	299	0.0	0.341576025329	1	0	10	0
0	226	0.0	0.041550071294	1	0	15	0
0	293	0.0	0.341576073199	1	0	8	0
0	67	0.0	0.2716320876	1	0	12	8
0	121	0.0	0.741498391291	1	0	7	0
0	240	0.0	0.880511316043	1	0	3	0
0	202	0.0	0.341576151415	1	0	4	0
0	177	0.0	0.041549594235	1	0	17	0
0	138	0.0	0.271632274202	1	0	12	0
0	115	0.0	0.04155010189	1	0	15	0
0	156	0.0	0.272656507717	1	1	11	0
0	41	0.0	0.275019723189	1	0	8	0
0	78	0.0	0.041549961725	1	0	16	0
0	132	0.0	0.271632168932	1	0	12	0
0	81	0.0	0.041550153856	1	0	8	0
0	110	0.0	0.271632283439	1	0	12	0
0	93	0.0	0.9666942565	1	0	4	0
0	180	0.0	0.271632141259	1	0	13	29
0	191	0.0	0.04154972384	1	0	17	0
0	4	0.0	0.041550245183	1	0	15	0
0	29	0.0	0.341576328918	1	0	10	0
0	20	0.0	0.576657707014	1	0	7	0
0	66	0.0	0.271632401075	1	0	13	0
0	7	0.0	0.275019711723	1	0	6	0
0	223	0.0	0.880510883452	1	0	3	0
0	174	0.0	0.271632285542	1	0	13	0
0	90	0.0	0.275019646871	1	0	10	0
0	167	0.0	0.041549871163	1	0	21	0
0	97	0.0	0.271632058001	1	0	11	0
0	143	0.0	0.341576262984	1	0	5	0
0	104	0.0	0.34157594719	1	0	10	0
0	173	0.0	0.941563356741	1	1	4	0
0	235	0.0	1.3632206851	1	0	1	12
0	218	0.0	0.271631925212	1	0	11	0
0	178	0.0	0.579796087393	1	1	5	0
0	45	0.0	0.04154990087	1	0	15	0
0	206	0.0	0.880511179192	1	0	3	3
0	280	0.0	0.341575996049	1	1	9	0
0	140	0.0	0.271632407612	1	0	10	0
0	71	0.0	0.579796095814	1	0	7	0
0	260	0.0	0.34157624521	1	0	10	0
0	149	0.0	0.041550244222	1	1	11	0
0	222	0.0	0.275019726936	1	0	6	0
0	103	0.0	0.8805108544	1	0	2	0
0	13	0.0	0.272656490513	1	0	11	0
0	112	0.0	0.576657813769	1	0	6	0
0	183	0.0	0.041549945027	1	0	16	0
0	225	0.0	0.041550236804	1	0	10	0
0	61	0.0	0.04154966811	1	0	16	0
0	24	0.0	0.272656545832	1	0	9	0
0	8	0.0	0.271632024837	1	1	8	0
0	49	0.0	0.741498290615	1	0	10	0
0	39	0.0	0.275019714818	1	0	9	19
0	297	0.0	0.941563190402	1	1	4	0
0	287	0.0	0.27163226302	1	0	13	0
0	52	0.0	0.34157618757	1	0	11	0
0	145	0.0	0.743572680686	1	1	2	0
0	105	0.0	0.271632276065	1	0	10	0
0	186	0.0	0.341576100878	1	0	10	0
0	56	0.0	0.341576359469	1	0	3	0
0	26	0.0	0.272656513148	1	0	9	0
0	157	0.0	0.041550078601	1	2	7	0
0	165	0.0	0.960491006604	1	0	2	29
0	54	0.0	0.275019725372	1	0	10	0
0	285	0.0	0.341575966299	1	0	10	11
0	274	0.0	0.041550060741	1	1	8	0
0	170	0.0	0.041550245422	1	0	11	0
0	291	0.0	0.341576310283	1	0	3	11
0	144	0.0	0.041549955471	1	0	17	0
0	12	0.0	0.960491142791	1	0	2	0
0	271	0.0	0.743572702809	1	1	2	0
0	184	0.0	0.578745320304	1	2	1	0
0	44	0.0	0.3415762059	1	0	10	0
0	250	0.0	0.579796092158	1	0	8	0
0	94	0.0	0.271632437564	1	1	8	0
0	68	0.0	0.041549922215	1	0	11	0
0	123	0.0	0.041550023382	1	0	10	0
0	35	0.0	0.041550263523	1	0	12	0
0	108	0.0	0.271632319126	1	0	13	0
0	57	0.0	0.275019740162	1	0	12	5
0	227	0.0	0.341576288208	1	0	10	0
0	131	0.0	0.880511265709	1	1	0	0
0	221	0.0	0.341576173849	1	0	11	0
0	59	0.0	0.271632391175	1	0	13	0
0	111	0.0	0.341575905082	1	0	9	0
0	118	0.0	0.880511314622	1	0	3	7
0	273	0.0	0.341576274811	1	0	10	0
0	277	0.0	0.271632246278	1	0	13	0
0	190	0.0	0.578745408966	1	0	4	0
0	3	0.0	0.966694045753	1	0	4	0
0	53	0.0	0.041550123973	1	0	15	0
0	127	0.0	0.041550142321	1	0	15	0
0	233	0.0	0.941563154578	1	0	6	12
0	288	0.0	0.880511347493	1	0	3	0
0	279	0.0	0.0415502175	1	1	9	0
0	269	0.0	0.275019699134	1	0	6	28
0	193	0.0	0.966694218735	1	0	4	0
0	15	0.0	0.04155003735	1	0	17	5
0	197	0.0	0.271631956838	1	0	10	1
0	231	0.0	0.341576366074	1	0	10	0
0	179	0.0	0.963426338117	1	0	5	0
0	278	0.0	0.941563331207	1	0	5	0
0	83	0.0	0.966694383894	1	2	0	0
0	122	0.0	0.271632293063	1	0	12	0
0	199	0.0	0.34157617286	1	0	11	0
0	120	0.0	0.941563241236	1	0	5	0
0	182	0.0	0.271632134767	1	0	12	0
0	17	0.0	0.271632199238	1	0	14	0
0	172	0.0	0.576657679508	1	0	6	0
0	213	0.0	0.57665772036	1	0	6	0
0	175	0.0	0.271632131865	1	0	10	0
0	76	0.0	0.275019687164	1	0	6	0
0	214	0.0	0.341576065507	1	0	9	0
0	198	0.0	0.271632426589	1	0	11	32
0	101	0.0	0.2716320648	1	0	12	0
0	181	0.0	0.275019741704	1	0	9	0
0	292	0.0	0.041549952747	1	0	21	0
0	296	0.0	0.271632012379	1	0	12	0
0	228	0.0	0.041549978249	1	0	15	0
0	99	0.0	0.579796121803	1	0	6	0
0	74	0.0	0.880510970341	1	0	3	0
0	196	0.0	0.271632173054	1	0	15	0
0	205	0.0	1.36322091239	1	0	1	0
0	135	0.0	0.041550039699	1	1	8	0
0	19	0.0	0.941563305824	1	0	7	0
0	166	0.0	0.271631928517	1	0	12	0
0	224	0.0	0.041549598289	1	0	17	0
0	22	0.0	0.272656586126	1	0	12	0
0	259	0.0	0.271632007041	1	1	9	0
0	247	0.0	0.271632082637	1	0	12	0
0	5	0.0	0.34157623492	1	0	10	0
0	264	0.0	0.041549707168	1	0	17	7
0	0	0.0	0.960490791171	1	0	2	0
0	1	0.0	0.341576273587	1	0	10	0
0	6	0.0	0.960491077268	1	0	4	5
0	9	0.0	0.880511252483	1	0	3	0
0	10	0.0	0.963426754357	1	0	5	0
0	14	0.0	0.271632378988	1	0	14	0
0	16	0.0	0.880511307866	1	0	3	0
0	215	0.0	0.38596839631	1	0	9	1
0	21	0.0	0.880511273677	1	0	3	0
0	217	0.0	0.88051125887	1	0	3	0
0	23	0.0	0.041549649966	1	0	16	0
0	25	0.0	0.576657683154	1	0	6	0
0	219	0.0	0.941563278654	1	0	5	0
0	27	0.0	0.576657721642	1	0	7	23
0	28	0.0	0.271632040578	1	0	9	0
0	282	0.0	0.941563131618	1	0	5	0
0	30	0.0	0.341575930945	1	0	9	0
0	220	0.0	0.041549924424	1	0	21	11
0	31	0.0	0.341576248256	1	0	5	0
0	32	0.0	0.960490907526	1	0	3	0
0	33	0.0	0.272656405152	1	0	13	0
0	34	0.0	0.941563261595	1	0	5	0
0	40	0.0	0.741498186127	1	0	8	0
0	46	0.0	0.880511281149	1	0	3	0
0	47	0.0	0.041549599765	1	0	17	0
0	50	0.0	0.271632229157	1	0	10	0
0	51	0.0	0.941563412828	1	0	4	0
0	55	0.0	0.741498352323	1	0	9	0
0	58	0.0	0.272656604433	1	0	7	0
0	60	0.0	0.272656416753	1	0	11	0
0	62	0.0	0.743572725119	1	1	2	0
0	230	0.0	0.941563354351	1	0	5	0
0	63	0.0	0.74149814733	1	0	8	0
0	64	0.0	0.96342647895	1	0	5	0
0	284	0.0	0.941563328212	1	0	5	0
0	69	0.0	0.963426677497	1	0	5	12
0	70	0.0	0.941562941033	1	1	4	0
0	72	0.0	0.041550174761	1	0	10	0
0	232	0.0	0.041549926402	1	0	18	8
0	234	0.0	0.041550252212	1	1	13	0
0	73	0.0	0.579796123845	1	1	5	7
0	77	0.0	0.578745296938	1	0	4	0
0	286	0.0	0.575607423861	1	0	8	0
0	237	0.0	0.963426479197	1	0	3	0
0	238	0.0	0.275019781524	1	0	8	0
0	80	0.0	0.579796098053	1	1	5	0
0	241	0.0	0.963426714315	1	0	7	0
0	82	0.0	0.271632057622	1	1	11	1
0	86	0.0	0.271632225909	1	0	12	0
0	249	0.0	0.27501976449	1	0	11	2
0	88	0.0	0.880510929939	1	0	4	0
0	251	0.0	0.275019779783	1	0	6	0
0	253	0.0	0.041550060302	1	1	9	0
0	254	0.0	0.741498443195	1	0	6	0
0	255	0.0	0.27163218562	1	0	10	0
0	95	0.0	0.941562997122	1	0	5	0
0	98	0.0	0.341576298154	1	0	10	0
0	257	0.0	0.741498246512	1	0	8	0
0	258	0.0	0.271632403616	1	0	11	0
0	102	0.0	0.041549624617	1	0	17	0
0	106	0.0	0.341576067951	1	0	9	0
0	107	0.0	0.74357268391	1	0	3	0
0	109	0.0	0.741498303461	1	0	8	0
0	289	0.0	0.385968443748	1	0	8	0
0	262	0.0	0.960490940595	1	0	2	0
0	113	0.0	0.880511221511	1	0	3	0
0	263	0.0	0.272656517761	1	0	9	0
0	290	0.0	0.27163243373	1	0	11	18
0	116	0.0	0.041549960498	1	0	14	0
0	117	0.0	0.341576064327	1	0	9	0
0	119	0.0	0.041550178185	1	0	8	0
0	265	0.0	0.579795997556	1	1	5	0
0	266	0.0	0.271632380765	1	0	11	0
0	124	0.0	0.041550079049	1	1	9	0
0	125	0.0	0.34157606749	1	0	5	0
0	126	0.0	0.963426698274	1	0	5	0
0	128	0.0	0.041549938964	1	0	22	0
0	268	0.0	0.574531413982	1	0	8	0
0	294	0.0	0.275019741321	1	0	10	0
0	134	0.0	0.579796165344	1	0	11	2
0	136	0.0	0.041550114561	1	1	7	0
0	137	0.0	0.041550248817	1	0	11	0
0	270	0.0	0.271632314269	1	0	7	0
0	272	0.0	0.880511240019	1	0	3	0
0	139	0.0	0.341576403625	1	0	3	0
0	141	0.0	0.941563248499	1	0	5	0
0	142	0.0	0.341576407436	1	0	3	0
0	146	0.0	0.271632360249	1	0	10	0
0	152	0.0	0.041549952567	1	0	15	0
0	153	0.0	0.041549919232	1	0	12	0
0	158	0.0	0.341576301581	1	0	3	0
0	161	0.0	0.041549933056	1	0	15	0
0	162	0.0	0.041550079536	1	1	7	0
0	163	0.0	0.271632329423	1	0	13	0
0	169	0.0	0.275019739216	1	0	9	24
0	171	0.0	0.271632383178	1	0	13	0
0	276	0.0	0.272656517595	1	0	12	0
0	187	0.0	0.880511253846	1	0	3	0
0	200	0.0	0.742535483066	1	0	6	0
0	201	0.0	0.271632042061	1	1	11	1
0	204	0.0	0.574531385774	1	0	8	0
0	281	0.0	0.275019708157	1	0	10	0
0	208	0.0	1.36322072671	1	0	1	0
0	210	0.0	0.744597159501	1	0	3	0
1	98	NA 	 NA 	0	0	0	0
1	122	NA 	 NA 	0	0	0	0
1	187	NA 	 NA 	0	0	0	0
1	42	NA 	 NA 	0	0	0	3
1	236	NA 	 NA 	0	0	0	0
1	208	NA 	 NA 	0	0	0	0
1	38	0.0	0.048648212203	1	0	10	0
1	215	0.0	0.280537269151	1	0	12	0
1	62	0.0	1.55919092695	1	0	3	0
1	89	0.0	0.04864785451	1	0	14	0
1	161	0.0	0.048648185728	1	0	11	0
1	292	0.0	0.280537192706	1	0	16	0
1	106	0.0	0.668304226315	1	0	3	0
1	150	0.0	0.361765274897	1	0	5	0
1	65	0.0	1.19199019528	1	0	3	0
1	52	0.0	0.575012253197	1	1	10	0
1	230	0.0	0.280537384765	1	0	12	0
1	176	0.0	0.361765259126	1	0	4	0
1	243	0.0	0.280537081968	1	0	19	0
1	216	0.0	0.689351193613	1	0	5	0
1	142	0.0	0.955967174992	1	0	3	0
1	101	0.0	1.19199028708	1	0	3	0
1	9	0.0	1.15149519336	1	0	5	0
1	145	0.0	0.578085112118	1	0	8	0
1	214	0.0	0.361765308985	1	0	4	0
1	30	0.0	0.361765079451	1	0	5	0
1	13	0.0	0.361765375321	1	0	5	0
1	245	0.0	0.689351071785	1	0	3	0
1	28	0.0	0.361765181195	1	0	3	0
1	51	0.0	0.361765252501	1	0	5	0
1	113	0.0	0.048647931907	1	0	7	0
1	181	0.0	0.361765204343	1	0	2	0
1	43	0.0	0.280536964417	1	0	13	0
1	222	0.0	0.280537364348	1	0	13	0
1	135	0.0	0.04864819277	1	0	6	0
1	151	0.0	1.15149526347	1	0	4	0
1	204	0.0	0.280537016995	1	0	15	0
1	198	0.0	0.955967263727	1	0	4	0
1	71	0.0	0.689351323618	1	0	5	0
1	129	0.0	0.575012332311	1	0	8	0
1	191	0.0	0.280537293473	1	0	12	0
1	237	0.0	0.689351238991	1	0	5	0
1	183	0.0	0.575012313909	1	0	4	0
1	263	0.0	0.28053697088	1	0	19	0
1	140	0.0	0.955967210535	1	0	7	0
1	206	0.0	0.361765259806	1	0	5	10
1	210	0.0	0.280537204839	1	1	12	0
1	155	0.0	0.048648201503	1	0	9	0
1	139	0.0	1.1919903388	1	1	2	0
1	56	0.0	0.048647984452	1	0	7	0
1	133	0.0	0.575012220576	1	0	8	0
1	177	0.0	0.048647859859	1	0	7	0
1	159	0.0	0.048648077727	1	0	16	0
1	134	0.0	1.15149474844	1	0	5	0
1	229	0.0	0.28053724532	1	0	13	0
1	225	0.0	0.048648207738	1	2	17	1
1	143	0.0	0.36373859356	1	0	2	0
1	282	0.0	0.361764978287	1	0	5	0
1	120	0.0	0.689351189966	1	0	6	0
1	167	0.0	0.048648188792	1	0	6	0
1	99	0.0	0.283909073699	1	0	11	0
1	274	0.0	0.280537040222	1	1	14	0
1	6	0.0	0.048648134076	1	0	10	0
1	166	0.0	0.280537218775	1	0	13	0
1	157	0.0	0.048648194543	1	0	9	0
1	26	0.0	0.363738620925	1	0	2	0
1	41	0.0	0.280536997488	1	0	19	0
1	92	0.0	0.363738654533	1	0	2	0
1	218	0.0	1.28569795488	1	1	0	0
1	158	0.0	0.048647817275	1	0	15	0
1	69	0.0	0.57501232891	1	0	8	0
1	2	0.0	1.15149534552	1	0	4	0
1	232	0.0	1.58015774995	1	0	2	0
1	80	0.0	0.283909096784	1	0	9	0
1	148	0.0	0.280536715615	1	1	17	0
1	190	0.0	0.280536889525	1	0	16	0
1	205	0.0	0.048648086316	1	0	17	0
1	227	0.0	1.15149456738	1	0	4	0
1	212	0.0	0.280537210394	1	0	13	0
1	149	0.0	0.57808493375	1	0	9	0
1	40	0.0	0.048648192755	1	1	5	0
1	146	0.0	0.280537163297	1	0	17	3
1	170	0.0	0.048648217966	1	1	3	0
1	114	0.0	0.280537043901	1	0	16	0
1	90	0.0	0.280537240877	1	1	12	0
1	162	0.0	1.19199029956	1	1	2	0
1	12	0.0	0.280536938406	1	0	14	0
1	54	0.0	0.280536726372	1	1	17	1
1	95	0.0	0.280537008641	1	0	19	0
1	268	0.0	0.048647832405	1	0	16	0
1	185	0.0	0.048647707273	1	0	12	0
1	37	0.0	0.048647857396	1	0	16	0
1	121	0.0	0.363738437382	1	0	2	0
1	16	0.0	0.361765193151	1	0	3	0
1	46	0.0	0.048647961392	1	0	6	0
1	103	0.0	0.048647872435	1	0	16	0
1	11	0.0	0.048647985954	1	0	7	0
1	31	0.0	0.689351204885	1	0	6	0
1	223	0.0	0.578085074236	1	0	6	0
1	130	0.0	0.048647868725	1	0	17	0
1	123	0.0	0.689351237136	1	0	6	0
1	36	0.0	0.361765335615	1	0	4	0
1	246	0.0	0.361764903052	1	0	4	0
1	94	0.0	1.15149500899	1	0	5	0
1	78	0.0	1.55919099864	1	0	3	0
1	118	0.0	1.19199025378	1	1	2	0
1	277	0.0	0.8828902753	1	0	7	0
1	53	0.0	0.048647925992	1	0	17	0
1	175	0.0	0.361765293152	1	0	6	0
1	261	0.0	0.689350998171	1	0	6	0
1	85	0.0	0.769565388928	1	2	4	0
1	154	0.0	0.578084832404	1	0	7	0
1	96	0.0	1.15149521068	1	0	6	0
1	73	0.0	0.048647581508	1	0	14	20
1	297	0.0	0.283909055608	1	0	10	0
1	231	0.0	0.361765198028	1	0	3	0
1	29	0.0	0.578085085806	1	0	7	0
1	219	0.0	0.048647878077	1	2	15	0
1	289	0.0	1.15149487065	1	0	4	0
1	5	0.0	0.689350872366	1	0	6	0
1	279	0.0	0.048648170592	1	0	10	0
1	107	0.0	1.55919110217	1	0	3	0
1	25	0.0	0.280537303094	1	0	13	0
1	259	0.0	1.48446289616	1	1	2	0
1	234	0.0	0.280537277333	1	0	15	0
1	160	0.0	0.048648097652	1	2	16	1
1	77	0.0	0.280537349809	1	0	14	0
1	178	0.0	1.19199034283	1	0	5	0
1	213	0.0	0.280537211745	1	0	13	0
1	119	0.0	0.048648206746	1	0	9	0
1	260	0.0	0.689350807801	1	0	5	0
1	233	0.0	0.689350892584	1	0	6	0
1	74	0.0	0.048648025578	1	0	13	0
1	278	0.0	0.048647987922	1	0	6	0
1	273	0.0	0.36176524658	1	0	3	0
1	108	0.0	0.88289033577	1	0	6	0
1	267	0.0	0.280537200521	1	0	13	0
1	262	0.0	0.361764863873	1	0	5	0
1	226	0.0	0.048647781485	1	0	16	0
1	280	0.0	0.048647661158	1	0	16	0
1	256	0.0	0.280537224421	1	0	14	0
1	1	0.0	0.361765347073	1	0	6	0
1	265	0.0	0.048647868253	1	0	15	0
1	239	0.0	0.280537120764	1	0	18	0
1	15	0.0	0.280536903148	1	0	12	0
1	68	0.0	0.689351000611	1	0	3	0
1	163	0.0	0.280537117707	1	0	15	0
1	67	0.0	1.15149464448	1	0	5	0
1	110	0.0	0.280536865664	1	0	16	0
1	271	0.0	0.280537242863	1	0	13	0
1	257	0.0	0.280536900828	1	1	11	0
1	173	0.0	0.361765014186	1	0	5	0
1	47	0.0	0.048648017571	1	0	13	0
1	20	0.0	0.361765175385	1	0	5	0
1	64	0.0	0.689351374172	1	0	5	0
1	179	0.0	0.048647951458	1	0	15	0
1	288	0.0	0.283909126041	1	0	9	4
1	63	0.0	0.578085020729	1	0	7	0
1	131	0.0	0.280537189297	1	0	16	0
1	269	0.0	0.361765298651	1	0	5	0
1	76	0.0	0.048648212305	1	1	17	0
1	203	0.0	1.19199031282	1	0	3	0
1	93	0.0	0.955967280102	1	0	7	0
1	186	0.0	1.19199029764	1	0	7	0
1	27	0.0	0.280536948046	1	0	13	0
1	44	0.0	0.28053734605	1	0	14	0
1	0	0.0	0.28053718704	1	0	13	0
1	201	0.0	0.361764842955	1	0	5	0
1	251	0.0	1.15149519472	1	0	6	0
1	82	0.0	1.15149493985	1	0	3	0
1	255	0.0	0.689351331044	1	0	3	0
1	132	0.0	0.280537336879	1	0	9	0
1	81	0.0	0.280537304958	1	0	13	0
1	23	0.0	0.280537274732	1	0	13	0
1	184	0.0	0.57808480917	1	0	5	16
1	58	0.0	0.048647807251	1	0	15	0
1	18	0.0	0.689351219252	1	0	5	0
1	165	0.0	0.361764963956	1	0	5	0
1	276	0.0	0.280537164753	1	0	15	0
1	182	0.0	0.361765286559	1	0	6	0
1	83	0.0	0.048647601767	1	0	14	0
1	8	0.0	0.280537301015	1	0	13	0
1	295	0.0	0.280536790359	1	1	15	0
1	224	0.0	0.955967302322	1	0	7	3
1	144	0.0	0.576036645404	1	0	5	0
1	258	0.0	0.955967261558	1	0	7	0
1	156	0.0	0.36176499665	1	0	5	0
1	247	0.0	0.689350952695	1	0	6	0
1	298	0.0	0.280536969261	1	0	17	0
1	299	0.0	0.882890325951	1	0	4	0
1	196	0.0	0.955967137845	1	0	3	0
1	3	0.0	1.15149539613	1	2	0	0
1	4	0.0	0.361765289447	1	0	3	0
1	197	0.0	0.361764851525	1	0	4	0
1	7	0.0	1.15149490899	1	1	1	0
1	10	0.0	0.048648146245	1	0	15	0
1	199	0.0	0.048647566812	1	0	14	0
1	14	0.0	0.04864788458	1	0	16	54
1	17	0.0	0.3617653218	1	0	5	0
1	19	0.0	0.048648201783	1	0	18	0
1	21	0.0	0.280537252639	1	0	13	0
1	22	0.0	1.15149490436	1	0	4	0
1	24	0.0	0.048648214981	1	0	15	0
1	32	0.0	0.361765334755	1	0	3	0
1	33	0.0	0.048648080014	1	0	16	0
1	34	0.0	0.280537368373	1	0	15	0
1	35	0.0	0.578085078116	1	0	6	0
1	39	0.0	0.048647760561	1	0	17	12
1	200	0.0	0.361765358969	1	0	5	0
1	202	0.0	0.048647999155	1	0	6	25
1	45	0.0	0.57501231572	1	0	8	0
1	48	0.0	0.36176520851	1	2	0	0
1	49	0.0	0.280537102201	1	0	18	0
1	50	0.0	1.15149459821	1	0	4	0
1	55	0.0	0.282663733847	1	0	9	0
1	57	0.0	0.361765244155	1	0	4	0
1	59	0.0	0.689350871417	1	0	5	12
1	207	0.0	0.361764938935	1	0	5	0
1	60	0.0	0.048648214589	1	1	16	0
1	209	0.0	0.048647960416	1	0	7	0
1	61	0.0	0.048647761335	1	0	15	0
1	66	0.0	0.689351210685	1	0	6	0
1	211	0.0	0.361765251297	1	0	3	0
1	70	0.0	0.575012310652	1	0	8	0
1	72	0.0	1.15149509385	1	0	3	0
1	194	0.0	1.19199032218	1	0	5	0
1	272	0.0	0.048647787012	1	0	15	0
1	270	0.0	1.55919117848	1	0	4	20
1	75	0.0	0.361765276123	1	0	5	0
1	79	0.0	0.361765038493	1	0	5	10
1	217	0.0	0.575012242352	1	0	8	0
1	84	0.0	0.361764996334	1	0	4	0
1	86	0.0	0.280536997293	1	0	18	0
1	87	0.0	0.280537185218	1	1	12	0
1	220	0.0	0.282663794793	1	0	8	0
1	88	0.0	0.048648085278	1	1	12	0
1	221	0.0	0.28053710171	1	0	15	0
1	91	0.0	0.689350857655	1	0	6	0
1	97	0.0	1.55919114925	1	0	4	0
1	228	0.0	0.361765287017	1	0	3	0
1	296	0.0	0.280536975158	1	0	18	0
1	100	0.0	0.689350934544	1	0	6	0
1	102	0.0	1.15149468785	1	0	4	0
1	104	0.0	0.689351236949	1	0	6	0
1	105	0.0	0.048648172005	1	0	10	0
1	275	0.0	0.361765086558	1	0	4	0
1	109	0.0	0.282663770521	1	0	9	0
1	235	0.0	0.689351318491	1	1	3	0
1	195	0.0	0.04864821299	1	2	17	1
1	238	0.0	1.55919135332	1	0	4	0
1	111	0.0	0.689351044621	1	0	5	0
1	112	0.0	0.363738731007	1	2	0	0
1	240	0.0	1.15149501504	1	0	4	0
1	115	0.0	0.361764989022	1	0	5	0
1	116	0.0	0.048647958587	1	0	18	0
1	117	0.0	0.048648195421	1	0	6	0
1	241	0.0	0.361765367788	1	0	3	0
1	281	0.0	0.28053721536	1	1	12	0
1	242	0.0	0.578084952645	1	0	9	0
1	244	0.0	0.280537316241	1	0	14	0
1	248	0.0	0.361765308967	1	0	6	0
1	249	0.0	0.280537318461	1	0	12	0
1	283	0.0	0.955967162906	1	0	3	0
1	250	0.0	0.361765019872	1	0	5	0
1	284	0.0	0.280537297764	1	0	12	0
1	124	0.0	0.689350939937	1	0	6	0
1	285	0.0	0.361765352554	1	0	5	0
1	286	0.0	0.955967257258	1	0	7	0
1	287	0.0	1.15149527646	1	0	4	0
1	252	0.0	1.48446287423	1	1	2	0
1	253	0.0	0.882890280694	1	0	7	0
1	254	0.0	0.578084949542	1	0	7	0
1	125	0.0	0.361765232172	1	2	4	20
1	126	0.0	0.363738900933	1	0	3	0
1	127	0.0	0.689351189616	1	0	6	0
1	128	0.0	0.048648117191	1	1	14	0
1	290	0.0	0.280537141795	1	0	18	0
1	136	0.0	0.361765086791	1	0	5	0
1	137	0.0	0.048647537326	1	0	16	0
1	138	0.0	1.48446286797	1	1	2	0
1	141	0.0	0.048647742902	1	0	18	0
1	147	0.0	0.955967322078	1	0	7	0
1	152	0.0	1.15149506319	1	0	4	0
1	153	0.0	0.280536924547	1	0	16	0
1	264	0.0	1.15149488041	1	0	5	0
1	291	0.0	0.361764888894	1	0	5	0
1	164	0.0	0.361765223455	1	0	4	0
1	293	0.0	1.55919088405	1	0	3	0
1	168	0.0	0.048648216281	1	0	16	0
1	169	0.0	0.361765223189	1	0	3	0
1	171	0.0	0.689351343828	1	0	3	4
1	266	0.0	0.955967232022	1	0	7	0
1	172	0.0	0.361765192509	1	0	5	0
1	174	0.0	0.361765325166	1	0	6	0
1	180	0.0	0.578084964369	1	0	9	0
1	294	0.0	0.280536967033	1	0	18	0
1	188	0.0	1.19199029292	1	0	5	0
1	189	0.0	0.361764955365	1	0	4	0
1	192	0.0	0.361764913914	1	0	5	0
1	193	0.0	0.575012351773	1	0	8	0
2	37	NA 	 NA 	0	0	0	0
2	256	NA 	 NA 	0	0	0	0
2	45	NA 	 NA 	0	0	0	0
2	188	NA 	 NA 	0	0	0	0
2	127	NA 	 NA 	0	0	0	0
2	7	NA 	 NA 	0	0	0	0
2	77	NA 	 NA 	0	0	0	0
2	260	0.0	0.286802388654	1	0	10	0
2	83	0.0	0.888609296293	1	0	2	0
2	182	0.0	0.985995738593	1	0	1	0
2	153	0.0	0.050935192731	1	0	8	0
2	169	0.0	0.286802353162	1	0	8	8
2	71	0.0	0.356096216118	1	0	6	0
2	126	0.0	0.671241356677	1	0	5	0
2	108	0.0	0.68762090145	1	0	4	0
2	79	0.0	0.582639515943	1	0	5	0
2	48	0.0	0.356096191839	1	0	5	0
2	115	0.0	0.671240988314	1	0	5	0
2	281	0.0	0.35726387444	1	1	5	0
2	173	0.0	0.585208338958	1	0	3	0
2	275	0.0	0.985995898452	1	0	1	0
2	78	0.0	0.766183910885	1	0	2	0
2	57	0.0	0.050934937936	1	0	13	0
2	81	0.0	0.356095887834	1	0	6	5
2	276	0.0	0.291099629007	1	0	4	0
2	172	0.0	0.671241158315	1	0	5	0
2	208	0.0	0.356095946697	1	0	6	0
2	283	0.0	0.050935153475	1	0	11	0
2	242	0.0	0.286802350739	1	0	6	0
2	211	0.0	0.356096217487	1	0	6	0
2	41	0.0	0.286802236025	1	0	5	0
2	98	0.0	0.766183922561	1	0	1	8
2	193	0.0	0.286802276755	1	0	11	0
2	263	0.0	0.356096309597	1	1	6	1
2	31	0.0	0.356096296874	1	0	6	0
2	29	0.0	0.582639503612	1	1	1	3
2	133	0.0	0.050935121356	1	0	7	0
2	80	0.0	0.356095882431	1	0	6	0
2	59	0.0	0.581563187992	1	0	7	0
2	271	0.0	0.687621382623	1	0	1	0
2	269	0.0	0.05093503538	1	0	8	0
2	73	0.0	0.050934781473	1	0	15	0
2	104	0.0	0.050934615179	1	0	8	0
2	233	0.0	0.286802050291	1	0	9	0
2	295	0.0	0.050934898747	1	0	9	0
2	111	0.0	0.050935247925	1	0	7	0
2	219	0.0	0.286802022284	1	1	8	0
2	36	0.0	0.05093482457	1	0	8	0
2	85	0.0	0.291099710062	1	0	5	0
2	279	0.0	0.286802335282	1	0	8	0
2	66	0.0	0.581563260943	1	0	6	0
2	248	0.0	0.050935020119	1	0	11	0
2	148	0.0	0.286802399638	1	0	5	0
2	74	0.0	0.671241351122	1	0	6	0
2	299	0.0	0.985995724245	1	0	1	0
2	222	0.0	0.766183949288	1	0	1	0
2	288	0.0	0.291099718186	1	2	0	0
2	52	0.0	0.968563236241	1	0	3	0
2	266	0.0	0.050934890041	1	0	14	0
2	129	0.0	0.050934912884	1	0	8	0
2	228	0.0	0.05093522084	1	0	12	0
2	92	0.0	0.581562958239	1	0	7	0
2	201	0.0	0.286801947795	1	0	10	0
2	146	0.0	0.050934866933	1	0	14	0
2	213	0.0	0.286802277604	1	0	5	0
2	286	0.0	0.671241370857	1	0	4	0
2	58	0.0	0.581563300756	1	0	9	0
2	216	0.0	0.286801934076	1	0	9	0
2	159	0.0	0.35726373968	1	0	5	0
2	51	0.0	0.050934685279	1	0	9	0
2	151	0.0	0.356096162353	1	0	5	5
2	240	0.0	0.286801715131	1	0	8	0
2	144	0.0	0.356096321373	1	1	5	1
2	138	0.0	0.766184353292	1	0	1	0
2	152	0.0	0.356096419914	1	0	3	0
2	95	0.0	0.286802219614	1	1	9	0
2	194	0.0	0.581563311763	1	0	6	0
2	13	0.0	0.357263631329	1	2	3	0
2	114	0.0	0.050935064658	1	1	9	0
2	217	0.0	0.357263603319	1	0	9	0
2	179	0.0	0.356096298495	1	1	6	1
2	1	0.0	0.671241140857	1	0	5	0
2	84	0.0	0.050934987207	1	0	11	0
2	224	0.0	0.050935199909	1	0	13	0
2	60	0.0	0.356095893464	1	0	6	0
2	265	0.0	0.050935061881	1	0	10	16
2	245	0.0	0.286802298203	1	0	8	0
2	166	0.0	0.286802078432	1	0	10	0
2	20	0.0	0.286802385536	1	0	6	0
2	131	0.0	0.050934688406	1	0	12	0
2	38	0.0	0.581562883052	1	0	8	0
2	223	0.0	0.357263907409	1	0	6	0
2	101	0.0	0.05093489106	1	0	9	0
2	239	0.0	0.287904482417	1	0	5	0
2	91	0.0	1.17434253089	1	1	0	0
2	280	0.0	0.050934841696	1	0	14	0
2	227	0.0	0.286802250232	1	0	7	0
2	5	0.0	0.356096203591	1	0	6	0
2	155	0.0	0.968563154658	1	0	2	0
2	196	0.0	0.581563293061	1	0	6	0
2	206	0.0	1.16956431692	1	0	1	0
2	284	0.0	0.286802360061	1	0	6	0
2	156	0.0	0.357263552912	1	0	8	0
2	150	0.0	0.286801785801	1	1	8	0
2	136	0.0	0.356096286897	1	1	6	1
2	50	0.0	0.286802127453	1	0	9	0
2	221	0.0	0.050934576229	1	0	7	0
2	63	0.0	0.888609355674	1	0	3	0
2	47	0.0	0.671241327897	1	0	5	0
2	186	0.0	0.581563287887	1	0	10	0
2	88	0.0	0.687620996918	1	0	5	0
2	11	0.0	0.050935177538	1	1	8	0
2	145	0.0	0.888609241041	1	0	3	0
2	162	0.0	0.671241367731	1	0	5	0
2	237	0.0	0.581563010157	1	1	4	0
2	177	0.0	0.050935125132	1	0	7	0
2	190	0.0	0.581563276369	1	0	10	0
2	130	0.0	0.357263696417	1	0	6	0
2	174	0.0	0.356096400343	1	1	4	0
2	55	0.0	0.286801789191	1	0	8	0
2	272	0.0	0.356096329761	1	0	6	0
2	232	0.0	0.96856299674	1	0	2	0
2	270	0.0	0.888609350885	1	0	3	0
2	90	0.0	0.05093489861	1	0	11	0
2	267	0.0	0.050935004992	1	0	8	0
2	27	0.0	0.67124130761	1	0	6	0
2	250	0.0	0.286801909036	1	0	10	0
2	19	0.0	0.05093500404	1	0	8	0
2	30	0.0	0.050935182747	1	0	7	0
2	142	0.0	0.671241305142	1	0	6	0
2	285	0.0	0.050935100207	1	0	14	0
2	35	0.0	0.67124101164	1	0	6	0
2	204	0.0	0.356096334081	1	1	5	0
2	109	0.0	0.356096194944	1	0	9	0
2	140	0.0	0.58156325862	1	0	7	0
2	15	0.0	0.581563367016	1	0	5	0
2	246	0.0	0.286802023917	1	0	10	0
2	99	0.0	0.286802239398	1	0	11	0
2	3	0.0	0.050934783563	1	0	11	0
2	132	0.0	0.671241249616	1	0	6	0
2	209	0.0	0.582639474061	1	0	6	0
2	4	0.0	0.286801947066	1	0	10	0
2	241	0.0	0.581563216293	1	0	6	0
2	214	0.0	0.050934918589	1	0	9	0
2	202	0.0	0.58156323247	1	0	6	0
2	120	0.0	0.671241299692	1	0	4	0
2	203	0.0	0.58156306876	1	0	8	0
2	122	0.0	0.05093507854	1	0	8	0
2	65	0.0	0.357263734902	1	1	5	0
2	251	0.0	0.050934963695	1	0	11	0
2	273	0.0	0.286802247271	1	0	10	0
2	230	0.0	0.581563317763	1	0	5	0
2	291	0.0	0.286802038547	1	0	10	0
2	247	0.0	0.671241235864	1	0	6	0
2	64	0.0	0.356096203307	1	0	5	0
2	16	0.0	0.357263575963	1	0	7	0
2	67	0.0	0.671241359054	1	0	5	0
2	110	0.0	0.28680228804	1	0	7	0
2	212	0.0	0.968562990072	1	0	1	0
2	105	0.0	0.050934924686	1	0	14	0
2	93	0.0	0.356096263454	1	1	6	1
2	282	0.0	0.671241226676	1	0	6	0
2	178	0.0	0.766183914146	1	0	2	8
2	125	0.0	0.050935038108	1	0	9	0
2	287	0.0	0.356096027879	1	0	6	0
2	26	0.0	0.286802277822	1	0	11	0
2	17	0.0	0.050935222238	1	0	9	0
2	225	0.0	0.581563339001	1	0	4	0
2	195	0.0	0.0509351374	1	0	11	0
2	154	0.0	0.050935181062	1	1	9	19
2	161	0.0	0.286802290777	1	0	10	0
2	24	0.0	0.356095863085	1	0	6	0
2	261	0.0	0.581563048123	1	0	8	0
2	243	0.0	0.356095913872	1	0	7	0
2	191	0.0	0.581562894348	1	0	8	0
2	89	0.0	0.050935016442	1	0	11	0
2	22	0.0	0.05093487767	1	0	15	0
2	107	0.0	0.286802281553	1	0	6	0
2	75	0.0	0.050935238073	1	1	9	0
2	68	0.0	0.582639447951	1	0	7	0
2	234	0.0	0.050935230342	1	0	10	0
2	255	0.0	0.58156324418	1	0	10	0
2	157	0.0	0.58156320758	1	0	7	0
2	257	0.0	0.968562927923	1	0	1	0
2	171	0.0	0.356095885653	1	0	6	0
2	18	0.0	0.671241266021	1	0	6	0
2	112	0.0	0.050935058807	1	1	6	0
2	254	0.0	0.357263710262	1	1	4	0
2	113	0.0	0.286802179253	1	0	7	13
2	175	0.0	0.581563262153	1	0	8	0
2	210	0.0	0.286802344879	1	0	9	8
2	262	0.0	1.27234637133	1	1	0	0
2	0	0.0	0.05093491218	1	1	6	0
2	2	0.0	0.581563095962	1	0	8	0
2	6	0.0	0.581563272802	1	0	6	0
2	8	0.0	0.050934909447	1	0	9	0
2	197	0.0	0.357263669326	1	0	5	0
2	198	0.0	0.356096029347	1	1	4	0
2	9	0.0	0.766183775664	1	0	1	0
2	10	0.0	0.581563383524	1	0	4	0
2	199	0.0	0.291099641522	1	0	4	7
2	12	0.0	0.356096226843	1	0	6	0
2	200	0.0	0.68762080243	1	0	4	0
2	14	0.0	0.58156337986	1	0	5	0
2	21	0.0	0.671241034209	1	0	5	0
2	23	0.0	0.581562916153	1	0	8	0
2	274	0.0	0.050934610936	1	0	8	0
2	25	0.0	0.888609423201	1	0	3	0
2	28	0.0	0.28680226306	1	0	12	0
2	205	0.0	0.687620877682	1	0	4	0
2	32	0.0	0.581563284348	1	0	5	0
2	33	0.0	0.286801888535	1	0	9	0
2	34	0.0	0.286801952677	1	0	11	0
2	207	0.0	0.968562893399	1	0	1	0
2	298	0.0	0.584131616491	1	2	0	0
2	39	0.0	0.286802402602	1	0	6	0
2	40	0.0	0.286802216498	1	1	10	0
2	42	0.0	0.581563243256	1	0	6	0
2	43	0.0	0.582639469265	1	0	7	0
2	44	0.0	0.28680222422	1	1	10	0
2	46	0.0	0.286801959077	1	0	9	0
2	49	0.0	0.050934922221	1	0	10	12
2	277	0.0	0.687621230136	1	0	3	0
2	215	0.0	0.050935223836	1	0	10	0
2	278	0.0	0.985996175663	1	0	2	0
2	53	0.0	0.357263621211	1	0	11	0
2	54	0.0	0.28680207306	1	0	8	0
2	218	0.0	0.286802315755	1	0	5	0
2	56	0.0	0.581562911096	1	0	8	0
2	294	0.0	0.286802335381	1	0	6	0
2	220	0.0	0.581563258274	1	0	7	0
2	61	0.0	0.286802299073	1	0	7	0
2	62	0.0	0.050935233374	1	0	12	0
2	69	0.0	0.671240878128	1	0	6	0
2	226	0.0	0.286801934408	1	0	9	0
2	70	0.0	0.286801909788	1	0	9	23
2	72	0.0	0.286802238886	1	0	5	0
2	229	0.0	0.671241240429	1	0	6	0
2	76	0.0	0.968562907414	1	0	2	0
2	231	0.0	0.286802340727	1	0	6	0
2	82	0.0	0.286801922914	1	0	7	0
2	86	0.0	0.286802305096	1	0	7	0
2	87	0.0	0.76618433375	1	0	2	0
2	235	0.0	0.286802254481	1	0	12	0
2	236	0.0	0.286801979442	1	0	7	0
2	238	0.0	0.581563310731	1	0	6	0
2	94	0.0	0.356095990499	1	0	6	0
2	96	0.0	0.050935	1	0	11	3
2	97	0.0	0.286802085921	1	0	9	0
2	100	0.0	0.581563249053	1	0	6	0
2	293	0.0	0.286802402068	1	0	8	0
2	244	0.0	0.050934912593	1	0	11	0
2	102	0.0	0.671240895796	1	0	7	0
2	103	0.0	0.291099673131	1	0	4	0
2	106	0.0	0.356096228388	1	0	5	0
2	249	0.0	0.050934901453	1	0	11	0
2	296	0.0	0.985996137223	1	0	2	0
2	252	0.0	0.286802280391	1	0	7	17
2	253	0.0	0.766184249334	1	0	2	0
2	116	0.0	0.286801958812	1	0	10	17
2	117	0.0	0.356095982993	1	1	5	5
2	118	0.0	0.581563247538	1	0	6	0
2	119	0.0	0.581563361404	1	0	4	0
2	258	0.0	0.581563354752	1	0	5	0
2	259	0.0	0.671241310702	1	0	5	0
2	121	0.0	0.050934682901	1	0	8	0
2	289	0.0	0.356096088504	1	1	4	0
2	123	0.0	0.356096367779	1	0	6	0
2	124	0.0	0.050934962206	1	0	8	0
2	297	0.0	0.88860929159	1	0	2	0
2	290	0.0	0.356096319515	1	0	6	0
2	264	0.0	0.050935222784	1	0	7	0
2	128	0.0	0.888609282439	1	0	2	0
2	134	0.0	0.671241169779	1	0	6	0
2	135	0.0	0.585208329756	1	0	3	0
2	137	0.0	0.286802360609	1	0	10	0
2	139	0.0	0.356096344132	1	0	6	0
2	141	0.0	0.28680214895	1	0	7	0
2	143	0.0	0.985996103904	1	0	2	0
2	147	0.0	0.58156309742	1	0	7	0
2	149	0.0	0.35609618094	1	0	5	0
2	158	0.0	0.050934635895	1	0	8	0
2	160	0.0	0.671241274219	1	0	6	0
2	163	0.0	0.356095896783	1	0	6	0
2	164	0.0	0.286802372224	1	0	6	0
2	165	0.0	0.357263666037	1	0	5	0
2	167	0.0	0.766183680179	1	0	1	0
2	268	0.0	0.050934586102	1	0	9	0
2	168	0.0	0.356096372055	1	1	5	0
2	170	0.0	0.286802284079	1	0	6	0
2	176	0.0	0.671241269485	1	0	6	0
2	180	0.0	0.888609310571	1	1	1	0
2	181	0.0	0.050934906085	1	0	10	0
2	183	0.0	0.581563237174	1	0	6	0
2	184	0.0	0.968562908629	1	0	1	0
2	185	0.0	0.581563343095	1	0	5	0
2	187	0.0	0.050934899622	1	0	14	0
2	292	0.0	0.286802358713	1	0	9	0
2	189	0.0	0.286802354598	1	0	6	0
2	192	0.0	0.05093522653	1	0	10	0
3	4	NA 	 NA 	0	0	0	0
3	50	NA 	 NA 	0	0	0	0
3	274	NA 	 NA 	0	0	0	0
3	219	NA 	 NA 	0	0	0	0
3	15	NA 	 NA 	0	0	0	0
3	86	NA 	 NA 	0	0	0	0
3	147	NA 	 NA 	0	0	0	0
3	90	NA 	 NA 	0	0	0	0
3	198	NA 	 NA 	0	0	0	0
3	129	NA 	 NA 	0	0	0	0
3	110	0.0	0.046776150212	1	1	6	0
3	126	0.0	0.352262050295	1	0	9	0
3	67	0.0	1.0604128449	1	1	0	6
3	85	0.0	0.046776185621	1	1	9	0
3	215	0.0	0.28031623655	1	1	3	0
3	40	0.0	0.352261907367	1	0	9	0
3	1	0.0	0.664702897274	1	0	2	0
3	163	0.0	0.046775659102	1	0	13	0
3	237	0.0	0.046775854969	1	0	11	0
3	117	0.0	0.661557315943	1	0	3	0
3	10	0.0	0.661557086781	1	0	3	0
3	76	0.0	1.04686687035	1	0	1	0
3	179	0.0	0.354440574515	1	0	8	0
3	125	0.0	0.281847598309	1	0	9	0
3	272	0.0	0.354376187358	1	0	3	0
3	81	0.0	1.26019192739	1	0	1	0
3	134	0.0	0.352262169759	1	0	10	0
3	35	0.0	0.046775836013	1	0	16	0
3	188	0.0	0.280316164584	1	0	9	0
3	220	0.0	0.280316266841	1	0	11	0
3	263	0.0	0.661556873121	1	0	3	0
3	41	0.0	0.046775998131	1	0	16	0
3	71	0.0	0.354376000285	1	0	3	0
3	226	0.0	0.664703214596	1	0	2	0
3	37	0.0	0.280316135634	1	0	6	0
3	9	0.0	0.7607773535	1	1	3	0
3	252	0.0	0.352262325631	1	0	11	0
3	290	0.0	1.26019224358	1	0	2	0
3	173	0.0	0.661557135571	1	0	3	0
3	128	0.0	0.352262203121	1	0	10	7
3	258	0.0	0.354376179306	1	0	4	0
3	182	0.0	0.354376129805	1	0	4	0
3	171	0.0	0.3522621565	1	0	9	0
3	176	0.0	0.046776182891	1	1	9	0
3	44	0.0	1.2601920796	1	0	2	0
3	279	0.0	0.661557111696	1	0	1	0
3	249	0.0	0.661557068258	1	0	3	0
3	6	0.0	1.04686712172	1	0	1	0
3	56	0.0	0.046775999876	1	0	10	0
3	100	0.0	0.661557155056	1	0	2	0
3	83	0.0	0.28031624567	1	0	10	0
3	79	0.0	0.352262032713	1	0	9	0
3	196	0.0	0.760777210031	1	0	4	0
3	162	0.0	0.046776172367	1	0	12	0
3	102	0.0	0.046775965722	1	0	14	15
3	213	0.0	0.354376179023	1	1	2	0
3	194	0.0	0.352262196025	1	0	10	0
3	97	0.0	0.664703187628	1	0	2	0
3	287	0.0	0.760777208992	1	0	4	0
3	244	0.0	0.280316350189	1	0	5	0
3	124	0.0	0.352261834931	1	1	7	1
3	8	0.0	0.046775880956	1	1	7	0
3	25	0.0	0.280316223101	1	0	9	0
3	189	0.0	0.28031594583	1	0	9	0
3	26	0.0	0.352262243562	1	0	9	0
3	165	0.0	0.046775932112	1	1	8	1
3	23	0.0	0.281847456154	1	0	8	0
3	18	0.0	0.650429174162	1	0	4	0
3	122	0.0	0.04677551692	1	0	14	0
3	137	0.0	0.046776046179	1	0	14	0
3	180	0.0	0.650429286636	1	0	4	0
3	259	0.0	0.280316320598	1	0	9	0
3	131	0.0	0.650428862495	1	0	1	0
3	57	0.0	0.280316343792	1	0	6	0
3	61	0.0	0.280315895995	1	0	9	0
3	271	0.0	0.280316241714	1	0	6	0
3	243	0.0	0.28031589218	1	0	10	0
3	78	0.0	0.280316286175	1	0	9	0
3	195	0.0	0.280315996721	1	0	9	0
3	52	0.0	0.354375906343	1	2	1	0
3	118	0.0	0.046775891834	1	1	8	0
3	260	0.0	0.352262306748	1	0	8	0
3	112	0.0	0.046775894734	1	0	12	12
3	30	0.0	0.046775867508	1	1	7	0
3	214	0.0	0.661556942249	1	0	3	0
3	12	0.0	0.283313704377	1	0	4	0
3	286	0.0	0.352262036093	1	0	9	0
3	294	0.0	0.352262371018	1	0	3	0
3	183	0.0	0.661557170239	1	0	2	0
3	49	0.0	0.046776183474	1	0	12	0
3	68	0.0	0.280316248319	1	0	6	0
3	95	0.0	0.280316275625	1	0	4	0
3	205	0.0	0.283313734624	1	1	1	0
3	255	0.0	0.353351459267	1	0	9	0
3	211	0.0	0.280316263581	1	0	5	0
3	174	0.0	0.046775842689	1	1	7	0
3	192	0.0	0.354376209694	1	0	4	0
3	216	0.0	0.046775841408	1	0	16	0
3	87	0.0	0.280315965149	1	0	8	0
3	273	0.0	0.280315987634	1	0	9	0
3	265	0.0	0.046775983324	1	0	14	0
3	77	0.0	0.046775634642	1	0	14	0
3	262	0.0	0.5799208454	1	1	2	0
3	291	0.0	0.280316219229	1	0	8	0
3	75	0.0	0.664702973641	1	0	2	0
3	256	0.0	0.661557201383	1	0	3	0
3	33	0.0	0.354376157003	1	0	4	0
3	130	0.0	0.650428831794	1	0	4	0
3	285	0.0	0.661557054426	1	0	3	18
3	140	0.0	0.280316168824	1	0	11	0
3	212	0.0	0.650428833854	1	0	1	0
3	181	0.0	0.046775827619	1	0	12	0
3	193	0.0	0.354376061471	1	0	5	0
3	276	0.0	0.046775946871	1	0	16	0
3	278	0.0	0.650429101507	1	0	4	0
3	166	0.0	0.280316167783	1	0	5	0
3	233	0.0	0.89152164099	1	0	2	0
3	98	0.0	0.650429083629	1	0	4	0
3	54	0.0	1.26019190619	1	0	2	0
3	153	0.0	0.281847643975	1	0	7	0
3	282	0.0	0.661557157505	1	0	3	7
3	297	0.0	0.661557209634	1	0	3	16
3	264	0.0	0.280315862964	1	0	9	0
3	121	0.0	0.280316158457	1	0	6	0
3	150	0.0	0.354375934703	1	0	3	0
3	202	0.0	0.354375876514	1	0	5	0
3	103	0.0	0.650429011337	1	0	4	0
3	281	0.0	0.046776174475	1	0	8	0
3	60	0.0	0.046776192744	1	0	13	0
3	266	0.0	0.046775901722	1	0	14	0
3	160	0.0	0.280315838689	1	0	7	0
3	96	0.0	0.650428770298	1	0	4	0
3	11	0.0	0.280316292932	1	0	11	0
3	248	0.0	0.046775521124	1	0	14	0
3	167	0.0	0.281847515437	1	0	8	0
3	94	0.0	0.664703019847	1	0	2	0
3	136	0.0	0.354375805717	1	0	6	0
3	168	0.0	0.35437614325	1	0	5	0
3	106	0.0	0.046775762768	1	0	12	0
3	53	0.0	0.046775859635	1	1	8	1
3	119	0.0	0.650428867213	1	0	1	0
3	242	0.0	1.2601922012	1	0	2	0
3	217	0.0	0.661557167308	1	0	3	0
3	250	0.0	0.664703182077	1	0	2	0
3	120	0.0	0.046775912577	1	0	14	0
3	267	0.0	0.281847534221	1	0	8	0
3	42	0.0	1.26019204513	1	0	2	0
3	275	0.0	0.046776000885	1	0	10	0
3	141	0.0	0.650429297788	1	0	4	0
3	142	0.0	0.046775893606	1	1	9	0
3	185	0.0	0.352261899727	1	1	9	1
3	296	0.0	0.354376215808	1	0	3	0
3	59	0.0	0.280316334534	1	0	12	0
3	201	0.0	0.354376052049	1	0	5	0
3	101	0.0	1.26184044756	1	0	1	0
3	253	0.0	0.354375972223	1	0	4	0
3	92	0.0	0.66155690505	1	0	3	15
3	63	0.0	0.046776118747	1	0	11	0
3	203	0.0	0.280315968069	1	0	9	0
3	31	0.0	0.281847557432	1	0	8	0
3	283	0.0	0.35437616808	1	1	2	0
3	190	0.0	0.354375917194	1	0	5	0
3	114	0.0	0.891522360516	1	0	2	0
3	22	0.0	0.352262115869	1	0	10	0
3	224	0.0	0.354376110004	1	0	2	0
3	268	0.0	0.046775549708	1	0	14	0
3	239	0.0	0.280316213563	1	0	11	0
3	238	0.0	0.352262364944	1	0	11	0
3	113	0.0	0.280315823851	1	0	8	0
3	3	0.0	0.352262221865	1	0	8	0
3	28	0.0	0.354375719299	1	0	5	0
3	204	0.0	0.281847655059	1	0	7	0
3	225	0.0	0.280316270566	1	0	6	0
3	17	0.0	0.661557157578	1	0	3	18
3	99	0.0	0.354376086013	1	0	2	0
3	115	0.0	0.280315878316	1	0	10	0
3	207	0.0	0.280315828054	1	0	10	0
3	104	0.0	0.664702698979	1	0	2	0
3	21	0.0	0.579920779269	1	0	3	0
3	14	0.0	0.650429099356	1	0	4	0
3	13	0.0	0.046776173004	1	0	12	0
3	254	0.0	0.280315950459	1	0	9	0
3	156	0.0	0.65042884963	1	0	1	26
3	227	0.0	0.046775843337	1	0	13	0
3	229	0.0	0.354375898719	1	0	5	0
3	155	0.0	0.891521895717	1	0	2	0
3	34	0.0	0.354375885149	1	0	5	0
3	91	0.0	0.281847592018	1	0	10	0
3	93	0.0	0.046775887183	1	0	14	0
3	208	0.0	0.28031617595	1	0	5	0
3	223	0.0	0.280316300887	1	0	5	0
3	261	0.0	0.280315985945	1	0	8	0
3	186	0.0	0.661557126935	1	0	3	0
3	47	0.0	0.354376145415	1	1	2	0
3	29	0.0	0.046775932889	1	0	9	0
3	292	0.0	0.352262247324	1	0	9	0
3	123	0.0	0.760777309838	1	1	3	17
3	169	0.0	1.0468669791	1	0	2	0
3	251	0.0	0.280316161177	1	0	5	0
3	45	0.0	0.281847532208	1	0	8	0
3	231	0.0	0.650429114746	1	0	4	0
3	16	0.0	0.352262033161	1	0	9	0
3	0	0.0	0.28031591875	1	1	7	0
3	2	0.0	0.664702846314	1	0	2	0
3	5	0.0	0.280316314483	1	0	11	9
3	7	0.0	0.650429210947	1	0	4	0
3	19	0.0	0.280315627105	1	1	6	0
3	20	0.0	0.04677593642	1	0	9	0
3	218	0.0	0.352262158032	1	0	9	0
3	221	0.0	0.661556937112	1	0	3	0
3	24	0.0	0.650429330337	1	0	3	0
3	280	0.0	0.280315910826	1	0	10	0
3	222	0.0	0.664702849543	1	0	2	0
3	27	0.0	0.280316041652	1	0	9	0
3	32	0.0	0.280316233718	1	0	8	0
3	36	0.0	0.352262029972	1	0	9	17
3	38	0.0	0.664702993469	1	0	2	0
3	39	0.0	0.354376052021	1	0	5	0
3	43	0.0	0.650428668166	1	0	4	0
3	46	0.0	0.352262012463	1	0	10	0
3	48	0.0	0.046776181394	1	2	6	0
3	51	0.0	0.579920728102	1	0	3	0
3	55	0.0	0.661556993517	1	0	3	0
3	58	0.0	0.046775552004	1	0	13	0
3	62	0.0	0.353351386231	1	0	10	0
3	64	0.0	0.046775910446	1	1	8	17
3	65	0.0	0.280316009936	1	0	9	0
3	66	0.0	0.280315833976	1	0	8	0
3	228	0.0	0.35226206143	1	0	9	0
3	209	0.0	0.046776166652	1	0	11	0
3	230	0.0	0.664703253262	1	0	2	0
3	69	0.0	0.28031625098	1	0	10	0
3	284	0.0	0.354376129367	1	0	3	0
3	298	0.0	0.280316022254	1	0	8	0
3	232	0.0	0.046775677654	1	0	14	26
3	70	0.0	0.661557220434	1	0	1	0
3	234	0.0	0.352262202966	1	0	10	0
3	72	0.0	0.046775923625	1	0	14	0
3	235	0.0	0.352262342342	1	0	10	0
3	73	0.0	0.280316365822	1	0	7	0
3	236	0.0	0.283313742492	1	1	1	0
3	74	0.0	0.66470329829	1	0	2	0
3	80	0.0	0.354376149294	1	0	4	0
3	82	0.0	0.650429188095	1	0	4	0
3	84	0.0	0.046776155637	1	1	8	0
3	88	0.0	0.046776033702	1	2	6	0
3	89	0.0	0.28031602967	1	0	9	0
3	240	0.0	0.66470327998	1	0	2	0
3	241	0.0	0.650428984142	1	0	1	0
3	245	0.0	0.280316136281	1	0	9	0
3	288	0.0	0.046775887092	1	0	12	0
3	105	0.0	0.04677601155	1	0	14	0
3	107	0.0	0.280316232169	1	0	11	0
3	210	0.0	0.281847633781	1	0	7	0
3	246	0.0	0.354376173764	1	0	4	0
3	247	0.0	0.280316342928	1	0	9	0
3	108	0.0	0.664702930006	1	0	2	0
3	289	0.0	0.650429076405	1	0	1	0
3	109	0.0	0.046775535409	1	0	14	0
3	111	0.0	0.280316361613	1	0	8	0
3	116	0.0	0.650429078164	1	0	4	0
3	257	0.0	0.280316286174	1	0	5	0
3	127	0.0	0.66155724728	1	0	3	0
3	299	0.0	0.749142336832	1	1	1	0
3	293	0.0	0.281847487256	1	0	8	0
3	132	0.0	0.352262353256	1	0	10	0
3	133	0.0	1.04686679534	1	0	1	0
3	135	0.0	0.04677552681	1	0	14	0
3	138	0.0	0.280316263585	1	0	9	0
3	139	0.0	0.65251942028	1	0	3	0
3	143	0.0	0.281847537785	1	0	8	0
3	144	0.0	0.046775604659	1	0	13	0
3	145	0.0	0.046775895048	1	0	12	0
3	146	0.0	0.046775950488	1	0	14	0
3	148	0.0	0.281847687304	1	0	6	0
3	149	0.0	0.661556895598	1	0	3	0
3	151	0.0	0.579920829153	1	1	2	0
3	152	0.0	0.352261875572	1	1	7	0
3	269	0.0	0.661557296654	1	0	1	0
3	154	0.0	0.28184765502	1	0	8	0
3	157	0.0	0.661557208336	1	0	3	0
3	158	0.0	0.579920750219	1	0	3	0
3	159	0.0	0.354375740459	1	0	5	0
3	161	0.0	0.28031607303	1	0	8	0
3	164	0.0	0.280315853295	1	0	10	0
3	270	0.0	0.28031617018	1	0	12	0
3	170	0.0	0.280316160637	1	0	6	0
3	172	0.0	0.664702839683	1	0	2	0
3	175	0.0	0.35226194074	1	0	8	0
3	177	0.0	0.661556920642	1	0	3	0
3	178	0.0	0.280316244026	1	0	7	0
3	184	0.0	1.04686701105	1	0	1	0
3	187	0.0	0.280316320159	1	0	9	0
3	191	0.0	1.06041279698	1	0	1	0
3	295	0.0	0.280315852837	1	0	10	10
3	197	0.0	0.281847653045	1	0	7	0
3	199	0.0	0.650429110647	1	0	4	0
3	200	0.0	0.354376115786	1	0	4	0
3	277	0.0	1.04686713335	1	1	0	0
3	206	0.0	0.661556954709	1	0	3	0
4	40	NA 	 NA 	0	0	0	0
4	164	NA 	 NA 	0	0	0	0
4	111	NA 	 NA 	0	0	0	0
4	98	NA 	 NA 	0	0	0	0
4	71	NA 	 NA 	0	0	0	0
4	154	0.0	0.049494872415	1	0	7	0
4	35	0.0	0.289613073347	1	0	6	0
4	200	0.0	0.049494947331	1	1	7	0
4	59	0.0	0.289613095999	1	0	7	0
4	16	0.0	0.289612908417	1	0	10	0
4	150	0.0	0.581095196277	1	0	3	0
4	73	0.0	0.049494915703	1	1	8	0
4	27	0.0	0.280265808132	1	0	8	0
4	5	0.0	0.280265796591	1	0	10	0
4	260	0.0	0.280266047382	1	1	4	0
4	206	0.0	0.049494870423	1	1	9	0
4	183	0.0	0.97518264569	1	0	1	0
4	106	0.0	0.582242078858	1	0	2	0
4	123	0.0	0.570632769461	1	0	5	0
4	68	0.0	0.280265856413	1	0	7	0
4	142	0.0	0.049494595098	1	0	16	7
4	269	0.0	0.280265922732	1	0	7	0
4	77	0.0	0.049494633694	1	0	15	7
4	251	0.0	0.28961289274	1	0	10	0
4	210	0.0	0.280265942076	1	0	5	0
4	273	0.0	0.975182789224	1	0	3	0
4	171	0.0	0.580071088377	1	0	3	0
4	82	0.0	0.289613034038	1	0	7	0
4	99	0.0	0.570632827767	1	0	3	0
4	70	0.0	0.280265872125	1	0	7	0
4	230	0.0	0.280265988334	1	0	10	0
4	254	0.0	0.289612592832	1	0	10	0
4	54	0.0	0.975182619401	1	0	1	0
4	72	0.0	0.570632751004	1	0	5	0
4	168	0.0	0.289613063766	1	0	7	0
4	91	0.0	0.570632960122	1	0	3	0
4	231	0.0	0.890314753804	1	0	1	0
4	141	0.0	0.049494768892	1	0	10	0
4	165	0.0	0.570632591625	1	0	7	0
4	128	0.0	0.280265644141	1	0	8	0
4	79	0.0	0.289612994607	1	0	7	4
4	96	0.0	0.975182750225	1	0	1	0
4	270	0.0	0.289612568647	1	0	10	0
4	92	0.0	0.2896127963	1	0	11	0
4	6	0.0	0.289612977476	1	0	7	0
4	116	0.0	0.281290205601	1	2	5	0
4	223	0.0	0.049494836563	1	0	11	0
4	126	0.0	0.049494624346	1	1	8	8
4	290	0.0	0.890314595671	1	0	1	0
4	148	0.0	0.582241837359	1	0	2	0
4	63	0.0	0.049494940664	1	0	10	0
4	62	0.0	0.570632675748	1	0	4	0
4	215	0.0	0.280266100247	1	2	0	0
4	84	0.0	0.689105490907	1	1	0	0
4	139	0.0	0.289612959136	1	0	10	0
4	105	0.0	0.049494646142	1	0	15	0
4	216	0.0	0.975182600798	1	0	1	0
4	125	0.0	0.289612941145	1	0	7	0
4	102	0.0	0.289612722695	1	0	10	0
4	160	0.0	0.049494596446	1	0	16	0
4	114	0.0	0.289612959783	1	0	10	0
4	176	0.0	0.58224197881	1	0	1	0
4	199	0.0	0.289613109487	1	0	6	0
4	32	0.0	0.28026589242	1	0	5	0
4	182	0.0	0.57063285771	1	0	3	0
4	47	0.0	0.582241591611	1	0	4	0
4	44	0.0	0.049494940845	1	0	11	0
4	229	0.0	0.280265997495	1	0	6	0
4	185	0.0	0.049494617577	1	1	8	0
4	78	0.0	0.659206060309	1	0	2	8
4	205	0.0	0.349456060947	1	0	8	5
4	14	0.0	0.049494746155	1	1	8	0
4	42	0.0	0.570632476381	1	0	5	0
4	202	0.0	0.280265405089	1	1	5	0
4	191	0.0	0.289612673884	1	0	10	0
4	194	0.0	0.280265998737	1	0	9	0
4	195	0.0	0.280265929599	1	0	7	0
4	177	0.0	0.570632975167	1	0	3	0
4	253	0.0	0.580071084429	1	0	6	0
4	158	0.0	0.289612559812	1	0	10	0
4	259	0.0	0.570633001411	1	0	3	7
4	67	0.0	0.57063263721	1	0	4	2
4	236	0.0	0.582241942371	1	0	2	0
4	53	0.0	0.289612641334	1	0	10	0
4	258	0.0	0.570632698814	1	0	5	0
4	212	0.0	0.957892786714	1	0	2	0
4	297	0.0	0.890314761371	1	0	1	0
4	198	0.0	0.570632925793	1	0	4	0
4	124	0.0	0.689105931121	1	0	3	0
4	76	0.0	0.570632762235	1	0	5	0
4	233	0.0	0.289612679334	1	0	12	0
4	30	0.0	0.049494755895	1	0	11	0
4	118	0.0	0.049494935788	1	0	7	0
4	133	0.0	0.570632729334	1	0	4	0
4	221	0.0	0.570632404966	1	0	5	0
4	38	0.0	0.289613000822	1	0	8	0
4	120	0.0	0.049494630573	1	0	11	0
4	282	0.0	0.570632904516	1	0	3	0
4	24	0.0	0.582241880312	1	0	2	0
4	151	0.0	0.049494587941	1	0	10	0
4	153	0.0	0.570632803723	1	0	4	0
4	56	0.0	0.57063309531	1	0	5	0
4	155	0.0	0.049494921671	1	0	8	0
4	279	0.0	0.280266017612	1	0	8	0
4	288	0.0	0.049494932185	1	0	8	0
4	112	0.0	0.582241692481	1	0	2	0
4	74	0.0	0.280266106914	1	0	5	0
4	64	0.0	0.049494743439	1	0	11	0
4	103	0.0	0.570633028428	1	0	3	0
4	9	0.0	0.049494909438	1	0	12	0
4	143	0.0	0.049494889668	1	0	10	0
4	227	0.0	0.570632983428	1	0	3	0
4	278	0.0	0.049494905433	1	0	12	17
4	122	0.0	0.281290246709	1	0	9	0
4	152	0.0	0.049494689439	1	0	13	0
4	277	0.0	0.280266119857	1	0	3	0
4	275	0.0	0.049494772142	1	1	7	0
4	21	0.0	0.280265970462	1	0	8	0
4	3	0.0	0.049494608272	1	0	16	0
4	268	0.0	0.049494896123	1	0	11	0
4	94	0.0	0.291739342099	1	0	6	7
4	181	0.0	0.280265739141	1	0	10	0
4	241	0.0	0.049494725166	1	0	13	8
4	115	0.0	0.689105939037	1	0	3	0
4	174	0.0	0.28026562516	1	0	8	0
4	289	0.0	0.570632846665	1	0	3	0
4	276	0.0	0.281290230437	1	0	7	0
4	127	0.0	0.280265421671	1	0	8	0
4	83	0.0	0.04949493162	1	0	10	0
4	296	0.0	0.289612655433	1	0	11	0
4	179	0.0	0.570632432924	1	0	5	0
4	157	0.0	0.289612732342	1	0	9	0
4	66	0.0	0.280265599813	1	0	8	0
4	246	0.0	0.280265866776	1	0	7	0
4	45	0.0	0.280266083293	1	0	10	0
4	159	0.0	0.289612919352	1	0	9	0
4	137	0.0	0.570632729287	1	0	3	7
4	235	0.0	0.5706329541	1	0	3	0
4	19	0.0	0.049494600424	1	1	8	0
4	204	0.0	0.280266031202	1	0	8	0
4	188	0.0	0.280265858413	1	0	8	0
4	12	0.0	0.975182585759	1	0	1	0
4	242	0.0	0.281290302178	1	0	6	0
4	178	0.0	0.280265691853	1	0	7	0
4	220	0.0	0.280266052894	1	0	7	0
4	239	0.0	0.582241827769	1	0	2	0
4	75	0.0	0.049494698069	1	0	14	0
4	134	0.0	0.280266023122	1	0	8	0
4	88	0.0	0.049494628093	1	0	13	0
4	113	0.0	0.289612983796	1	0	10	0
4	228	0.0	0.28026541072	1	0	8	0
4	95	0.0	0.570632963973	1	0	3	0
4	144	0.0	0.280266071769	1	0	10	0
4	256	0.0	0.581095165193	1	2	0	0
4	295	0.0	0.281290234866	1	0	6	0
4	274	0.0	0.582241774493	1	0	2	0
4	147	0.0	0.289612524895	1	0	10	0
4	2	0.0	0.280266063638	1	0	8	0
4	101	0.0	0.280266100946	1	0	3	0
4	7	0.0	0.280265740923	1	0	10	0
4	207	0.0	0.280265744136	1	0	10	0
4	130	0.0	0.049494572506	1	0	15	0
4	209	0.0	0.280265478278	1	1	6	0
4	29	0.0	0.280265953838	1	0	7	0
4	219	0.0	0.570632889138	1	0	3	15
4	34	0.0	0.97518264051	1	0	1	0
4	146	0.0	0.582241905302	1	0	3	0
4	213	0.0	0.049494919042	1	0	12	0
4	121	0.0	0.570632790128	1	0	3	0
4	264	0.0	0.570632607068	1	0	5	0
4	293	0.0	0.281290217499	1	0	7	0
4	37	0.0	0.289612644954	1	0	10	0
4	110	0.0	0.280265270866	1	0	7	0
4	131	0.0	0.280265942528	1	0	9	1
4	257	0.0	0.289612995634	1	0	7	0
4	189	0.0	0.280265885884	1	0	10	0
4	109	0.0	0.04949432198	1	0	16	0
4	175	0.0	0.280266024852	1	0	6	0
4	46	0.0	0.280265618899	1	0	8	0
4	248	0.0	0.049494687075	1	0	10	0
4	10	0.0	0.281290174599	1	0	9	19
4	8	0.0	0.890314666175	1	0	1	0
4	184	0.0	0.58007103121	1	0	4	0
4	167	0.0	0.582241857249	1	0	2	0
4	190	0.0	0.582241604631	1	0	4	0
4	69	0.0	0.049494708609	1	0	12	0
4	173	0.0	0.97518271274	1	0	1	0
4	0	0.0	0.280265429968	1	1	5	0
4	1	0.0	0.289612840996	1	0	9	0
4	4	0.0	0.289612924923	1	0	7	0
4	11	0.0	0.570633104046	1	2	0	15
4	13	0.0	0.292776524718	1	1	1	0
4	15	0.0	0.570632931877	1	0	3	0
4	208	0.0	0.2907021736	1	0	3	7
4	17	0.0	0.582242042049	1	0	2	0
4	18	0.0	0.280266062667	1	0	8	0
4	20	0.0	0.289612591359	1	0	10	43
4	280	0.0	0.289612967311	1	0	10	0
4	22	0.0	0.289613054556	1	0	8	0
4	23	0.0	0.890314362856	1	0	1	0
4	25	0.0	0.570632859065	1	0	3	0
4	26	0.0	0.049494737261	1	0	13	0
4	28	0.0	0.280265925619	1	0	7	0
4	211	0.0	0.290702229578	1	0	4	0
4	281	0.0	0.280265918825	1	0	5	0
4	214	0.0	0.292776519691	1	1	2	0
4	31	0.0	0.97518272714	1	0	2	0
4	217	0.0	0.289612587151	1	0	10	13
4	33	0.0	0.049494922395	1	0	12	0
4	36	0.0	0.049494759234	1	1	8	0
4	218	0.0	0.280266042745	1	0	8	0
4	39	0.0	0.280266003172	1	0	6	2
4	41	0.0	0.66023015494	1	1	0	0
4	222	0.0	0.890314308003	1	0	1	0
4	43	0.0	0.289612596099	1	0	10	3
4	48	0.0	0.049494563368	1	0	9	0
4	49	0.0	0.582241609874	1	0	4	0
4	224	0.0	0.28129023525	1	0	7	0
4	50	0.0	0.280265966095	1	0	3	0
4	51	0.0	0.957892653727	1	0	1	0
4	225	0.0	0.290702195424	1	0	4	0
4	52	0.0	0.570633029546	1	0	3	0
4	55	0.0	0.57063305756	1	0	3	1
4	57	0.0	0.289612927826	1	0	7	0
4	226	0.0	0.289612601182	1	0	10	0
4	283	0.0	0.659205825265	1	0	2	0
4	58	0.0	0.049494927962	1	0	6	0
4	60	0.0	0.289612686623	1	0	11	0
4	61	0.0	0.570632594786	1	0	7	0
4	65	0.0	0.570632710226	1	0	4	0
4	299	0.0	0.049494915184	1	0	12	0
4	232	0.0	0.280265809491	1	0	8	0
4	234	0.0	0.582241801272	1	0	2	0
4	80	0.0	0.280265957889	1	0	5	0
4	284	0.0	0.582241541639	1	0	3	0
4	285	0.0	0.049494674594	1	0	8	41
4	81	0.0	0.289613012173	1	0	8	0
4	85	0.0	0.957893038083	1	0	3	0
4	86	0.0	0.28961299093	1	0	9	0
4	237	0.0	0.280266083996	1	0	10	54
4	238	0.0	0.04949494003	1	0	7	0
4	87	0.0	0.049494920934	1	0	12	0
4	89	0.0	0.582242005331	1	0	1	0
4	286	0.0	0.280265978228	1	0	7	0
4	90	0.0	0.289612716597	1	0	11	0
4	240	0.0	0.289613028572	1	0	8	0
4	243	0.0	0.049494856483	1	1	8	0
4	93	0.0	0.289612593919	1	0	10	0
4	244	0.0	0.582242037391	1	0	1	0
4	245	0.0	0.582241633487	1	0	4	0
4	287	0.0	0.289613077448	1	1	4	0
4	97	0.0	0.280265963855	1	0	8	0
4	247	0.0	0.890314967511	1	0	1	0
4	100	0.0	0.280265738156	1	0	7	0
4	104	0.0	0.289612949813	1	0	9	0
4	249	0.0	0.280265998572	1	0	8	37
4	250	0.0	0.280265774618	1	1	7	0
4	107	0.0	0.349456082177	1	0	8	0
4	108	0.0	0.280265599502	1	0	9	0
4	252	0.0	0.570632754721	1	0	5	0
4	255	0.0	0.582241622236	1	0	2	46
4	291	0.0	0.290702245314	1	0	4	0
4	292	0.0	0.890314963367	1	0	1	0
4	117	0.0	0.582241393566	1	0	3	0
4	119	0.0	0.280265656016	1	0	10	0
4	294	0.0	0.582241945173	1	0	2	0
4	129	0.0	0.57063291028	1	0	3	5
4	132	0.0	0.349456071393	1	0	8	0
4	261	0.0	0.289612670565	1	0	11	0
4	135	0.0	0.049494857724	1	0	10	0
4	136	0.0	0.28961299015	1	0	7	0
4	262	0.0	0.582241980254	1	1	1	0
4	263	0.0	0.2802659361	1	0	6	0
4	138	0.0	0.280266045158	1	0	6	0
4	265	0.0	0.049494610954	1	0	14	0
4	266	0.0	0.582241506802	1	0	2	0
4	298	0.0	0.689105924942	1	0	2	0
4	267	0.0	0.280265559002	1	0	9	5
4	140	0.0	0.280265816647	1	0	7	0
4	145	0.0	0.289613028298	1	0	7	0
4	149	0.0	0.280265965387	1	1	7	0
4	156	0.0	0.349456108147	1	0	8	0
4	161	0.0	0.890314910158	1	0	1	0
4	162	0.0	0.28026610533	1	0	5	0
4	163	0.0	0.280266111788	1	0	2	0
4	166	0.0	0.570632874616	1	0	3	0
4	271	0.0	0.570633041934	1	0	6	0
4	169	0.0	0.280265833296	1	0	5	0
4	170	0.0	0.049494514154	1	0	16	0
4	172	0.0	0.049494929951	1	0	10	0
4	180	0.0	0.580071026678	1	0	5	0
4	272	0.0	0.582242110589	1	1	1	0
4	186	0.0	0.280265785291	1	0	6	10
4	187	0.0	0.280266085455	1	0	10	0
4	192	0.0	0.570632874391	1	0	3	0
4	193	0.0	0.975182647901	1	0	3	0
4	196	0.0	0.289612874167	1	0	10	0
4	197	0.0	0.290702177042	1	0	5	0
4	201	0.0	0.570633045031	1	0	5	0
4	203	0.0	0.280265756797	1	0	7	0
5	81	NA 	 NA 	0	0	0	0
5	137	NA 	 NA 	0	0	0	0
5	37	NA 	 NA 	0	0	0	0
5	112	NA 	 NA 	0	0	0	0
5	131	NA 	 NA 	0	0	0	0
5	1	0.0	0.592756903708	1	0	4	0
5	83	0.0	0.65048097383	1	0	1	0
5	134	0.0	0.685047656118	1	0	4	0
5	126	0.0	0.687853537636	1	0	3	0
5	140	0.0	0.65048044105	1	0	3	0
5	33	0.0	0.650480948413	1	0	4	0
5	193	0.0	0.650480347339	1	0	5	0
5	205	0.0	0.685048054644	1	0	3	0
5	135	0.0	0.65048064722	1	0	2	0
5	252	0.0	0.592756766005	1	0	5	0
5	80	0.0	0.650480889244	1	0	2	0
5	108	0.0	0.366965107844	1	1	3	0
5	50	0.0	0.277521100169	1	0	9	0
5	72	0.0	0.050532492996	1	0	15	0
5	286	0.0	0.592756976966	1	0	4	0
5	144	0.0	0.685047731978	1	0	2	0
5	236	0.0	0.59275696986	1	0	4	5
5	260	0.0	0.650480738781	1	0	4	0
5	122	0.0	0.751505225424	1	0	3	0
5	159	0.0	0.366964643858	1	1	5	1
5	145	0.0	0.592756860663	1	0	8	0
5	204	0.0	0.050532911816	1	1	3	6
5	43	0.0	0.366964785943	1	0	3	0
5	65	0.0	0.366964972823	1	0	3	0
5	188	0.0	0.050532409575	1	0	16	0
5	128	0.0	0.050532985127	1	0	7	0
5	41	0.0	0.050532949965	1	0	17	0
5	75	0.0	0.050532907346	1	0	17	0
5	232	0.0	0.277520979149	1	0	16	0
5	297	0.0	0.592757134648	1	0	4	0
5	8	0.0	0.750480747881	1	0	5	0
5	45	0.0	0.592756435084	1	0	7	0
5	186	0.0	0.050532931235	1	1	5	0
5	292	0.0	0.36883477568	1	0	4	0
5	156	0.0	0.050532936071	1	1	14	9
5	74	0.0	0.050532941159	1	0	7	0
5	242	0.0	0.050532655189	1	0	11	0
5	107	0.0	0.050532790472	1	0	17	0
5	276	0.0	0.685048142631	1	0	2	0
5	277	0.0	0.277520971005	1	0	16	13
5	220	0.0	0.366964909756	1	0	3	0
5	160	0.0	0.277520860997	1	0	15	0
5	184	0.0	0.592756707887	1	0	4	0
5	285	0.0	0.277520817987	1	0	15	0
5	93	0.0	0.366965111882	1	0	4	0
5	146	0.0	0.277521094166	1	2	4	0
5	179	0.0	0.366964782912	1	0	4	0
5	244	0.0	0.050532557327	1	0	15	0
5	19	0.0	0.368834496611	1	0	3	0
5	175	0.0	0.050532716426	1	0	11	12
5	20	0.0	0.050532969745	1	0	5	0
5	13	0.0	0.368834611392	1	0	4	0
5	123	0.0	0.650480642901	1	0	2	0
5	287	0.0	0.592756908679	1	0	3	0
5	153	0.0	0.366965045155	1	1	4	0
5	10	0.0	0.277521029792	1	0	16	0
5	103	0.0	0.5927570602	1	0	5	0
5	280	0.0	1.0668214551	1	0	1	0
5	113	0.0	0.050532391827	1	0	16	21
5	66	0.0	0.368834783414	1	0	2	0
5	61	0.0	0.050532973077	1	0	8	0
5	176	0.0	0.650480899973	1	0	5	0
5	158	0.0	0.050532745232	1	1	11	0
5	254	0.0	0.750481017175	1	0	4	0
5	148	0.0	0.750480895264	1	0	5	0
5	165	0.0	0.366964993399	1	0	5	0
5	5	0.0	0.050532953214	1	0	4	0
5	223	0.0	0.751505211924	1	0	3	0
5	293	0.0	0.277520866307	1	0	13	0
5	149	0.0	0.650480801225	1	0	1	0
5	272	0.0	0.050532718112	1	0	11	0
5	194	0.0	0.050532672029	1	0	15	0
5	4	0.0	0.650480698594	1	0	2	0
5	64	0.0	0.366964901643	1	1	3	0
5	86	0.0	0.36883458634	1	0	4	0
5	269	0.0	0.050532643038	1	0	12	0
5	125	0.0	0.050532963117	1	0	12	0
5	24	0.0	0.6504806721	1	0	2	0
5	235	0.0	0.592756565664	1	1	3	0
5	155	0.0	0.277521134312	1	0	10	24
5	46	0.0	0.277520958086	1	0	13	0
5	250	0.0	0.366964712403	1	0	6	0
5	241	0.0	0.277521128405	1	0	9	0
5	95	0.0	0.050532650594	1	0	14	0
5	15	0.0	0.368834674125	1	0	4	0
5	157	0.0	0.277520946899	1	0	16	0
5	261	0.0	0.368834439411	1	0	3	0
5	31	0.0	0.050532650759	1	0	14	0
5	78	0.0	0.27752068986	1	0	15	14
5	39	0.0	0.366964738966	1	1	4	0
5	91	0.0	0.277520969093	1	0	14	0
5	207	0.0	0.277520725058	1	0	15	0
5	281	0.0	0.05053298535	1	0	16	17
5	42	0.0	0.368834716131	1	0	5	0
5	234	0.0	0.05053285034	1	0	4	1
5	29	0.0	0.650480961038	1	0	1	0
5	251	0.0	0.277521007494	1	0	16	0
5	238	0.0	0.277521111538	1	0	8	0
5	219	0.0	0.277521049005	1	0	12	0
5	271	0.0	0.592756970432	1	0	5	0
5	59	0.0	0.277520592527	1	1	14	20
5	267	0.0	0.592756975612	1	0	3	0
5	119	0.0	0.277520930035	1	0	16	6
5	245	0.0	0.050532952073	1	0	11	0
5	11	0.0	0.750480973894	1	0	6	0
5	117	0.0	0.366964850847	1	0	3	0
5	224	0.0	0.277520762235	1	1	14	1
5	138	0.0	0.050532949671	1	0	5	0
5	189	0.0	0.279143364657	1	0	8	0
5	296	0.0	0.685048111597	1	2	0	0
5	133	0.0	0.366964742365	1	1	3	0
5	229	0.0	0.05053280228	1	1	11	0
5	255	0.0	0.750480989413	1	0	5	0
5	164	0.0	0.277520901727	1	0	13	0
5	191	0.0	0.685048070062	1	0	3	0
5	121	0.0	0.277520635178	1	0	13	0
5	161	0.0	0.650480666448	1	0	5	0
5	77	0.0	0.277521064435	1	0	9	0
5	110	0.0	0.36696454564	1	0	4	0
5	265	0.0	0.366964786904	1	0	3	0
5	222	0.0	0.366964665562	1	0	2	0
5	18	0.0	0.05053231506	1	0	17	0
5	166	0.0	0.277520931014	1	0	12	0
5	197	0.0	0.650480757595	1	0	2	0
5	116	0.0	0.050532783366	1	0	17	0
5	124	0.0	0.366965082761	1	0	4	0
5	96	0.0	0.368834632571	1	0	5	0
5	213	0.0	0.685047940695	1	0	3	0
5	182	0.0	0.368834688924	1	1	2	0
5	237	0.0	0.277520975862	1	0	13	0
5	70	0.0	0.368834743696	1	0	4	0
5	151	0.0	0.65048081907	1	0	3	0
5	202	0.0	0.36883477092	1	0	4	0
5	52	0.0	0.368834822796	1	1	3	0
5	171	0.0	0.750481006094	1	0	5	0
5	104	0.0	0.650480983659	1	0	1	0
5	289	0.0	0.592756969142	1	0	4	0
5	115	0.0	0.592756586808	1	1	3	0
5	102	0.0	0.592756748539	1	0	4	0
5	200	0.0	0.366964890745	1	0	3	0
5	6	0.0	0.592756779559	1	0	4	0
5	82	0.0	0.592756685784	1	0	7	0
5	97	0.0	0.592757117966	1	0	8	0
5	132	0.0	0.27752070803	1	1	12	0
5	23	0.0	0.050532952049	1	0	5	0
5	256	0.0	0.277520645127	1	0	13	0
5	68	0.0	0.650480677987	1	0	4	0
5	142	0.0	0.685048058752	1	0	3	0
5	136	0.0	0.050532946295	1	0	17	0
5	218	0.0	0.050532941356	1	0	13	0
5	181	0.0	0.277520905901	1	0	15	0
5	298	0.0	0.650481016946	1	0	1	0
5	100	0.0	0.650480661566	1	0	2	0
5	17	0.0	0.277521096946	1	0	9	0
5	264	0.0	0.277521078267	1	0	10	0
5	21	0.0	0.368834636827	1	0	4	0
5	152	0.0	0.366964700223	1	0	3	0
5	89	0.0	0.27752062297	1	0	13	0
5	180	0.0	0.277521171293	1	2	6	0
5	99	0.0	0.650481150848	1	0	4	0
5	226	0.0	0.685047905873	1	0	3	0
5	185	0.0	0.650480625244	1	0	2	0
5	12	0.0	0.277520437961	1	0	15	0
5	279	0.0	0.050532981171	1	0	15	25
5	228	0.0	0.368834478058	1	0	3	0
5	195	0.0	0.59275701262	1	0	5	0
5	143	0.0	0.050532750691	1	0	11	0
5	76	0.0	0.685047962679	1	0	3	0
5	211	0.0	0.050532743846	1	0	12	0
5	196	0.0	0.050532879658	1	1	13	0
5	147	0.0	0.277520900654	1	0	13	0
5	217	0.0	0.277520977141	1	0	13	0
5	249	0.0	0.277520387986	1	0	14	0
5	7	0.0	0.277520430001	1	0	15	0
5	118	0.0	0.279143329906	1	0	8	0
5	0	0.0	0.366964842064	1	1	4	1
5	2	0.0	0.592756647246	1	0	7	0
5	203	0.0	0.75048094502	1	0	6	8
5	3	0.0	0.36696514057	1	0	5	0
5	9	0.0	0.368834296664	1	0	2	0
5	14	0.0	0.050532951155	1	0	10	0
5	16	0.0	0.277520439579	1	0	15	0
5	22	0.0	0.050532565028	1	0	13	53
5	25	0.0	0.366964487545	1	0	3	0
5	26	0.0	0.050532961842	1	0	16	0
5	27	0.0	0.050532792243	1	1	11	0
5	206	0.0	0.277520443687	1	0	15	0
5	28	0.0	0.368834334944	1	0	4	35
5	30	0.0	0.277520800045	1	0	13	0
5	208	0.0	0.368834723691	1	0	4	0
5	32	0.0	0.650480869321	1	0	5	0
5	209	0.0	0.050532821552	1	1	11	0
5	34	0.0	0.685047973947	1	0	2	0
5	35	0.0	0.277521129426	1	0	9	5
5	36	0.0	0.279143327717	1	0	10	0
5	38	0.0	0.277521009104	1	0	12	0
5	40	0.0	0.050532983067	1	0	16	0
5	210	0.0	0.592756635392	1	0	7	0
5	44	0.0	0.050532917022	1	0	16	0
5	47	0.0	0.050532732727	1	0	19	11
5	48	0.0	0.650481108842	1	0	6	0
5	49	0.0	0.366964786645	1	0	4	9
5	51	0.0	0.050532645955	1	0	12	0
5	212	0.0	0.050532657961	1	0	12	0
5	214	0.0	0.685047971694	1	0	3	0
5	215	0.0	0.650481015785	1	0	2	22
5	273	0.0	0.050532633438	1	0	12	0
5	53	0.0	0.592756979607	1	1	3	0
5	216	0.0	0.366964801628	1	1	4	1
5	274	0.0	0.650480956522	1	0	1	0
5	54	0.0	0.050532638507	1	0	16	0
5	55	0.0	0.366964462075	1	0	3	0
5	56	0.0	0.05053264953	1	0	16	27
5	57	0.0	0.685047991929	1	0	3	0
5	58	0.0	0.368834647991	1	0	5	0
5	60	0.0	0.277521109119	1	0	9	0
5	221	0.0	0.277520653448	1	0	15	27
5	62	0.0	0.685048089589	1	0	1	0
5	63	0.0	0.277521044877	1	0	14	0
5	225	0.0	0.050532983752	1	0	16	0
5	67	0.0	0.368834739516	1	0	8	0
5	227	0.0	0.650481003538	1	0	1	0
5	275	0.0	0.592756638268	1	0	5	0
5	69	0.0	0.592757032099	1	0	8	0
5	230	0.0	0.277520728705	1	0	14	0
5	71	0.0	0.050532723244	1	1	11	0
5	73	0.0	0.277520949575	1	0	14	0
5	231	0.0	0.59275701061	1	0	8	0
5	79	0.0	0.366964912788	1	1	5	1
5	294	0.0	0.65048098568	1	0	1	6
5	84	0.0	0.050532749925	1	1	11	0
5	85	0.0	0.366964663612	1	1	4	1
5	233	0.0	0.368834663986	1	0	5	0
5	87	0.0	0.277520772853	1	0	15	0
5	88	0.0	0.277520764083	1	0	15	0
5	90	0.0	0.277520884866	1	0	13	0
5	278	0.0	0.36696490539	1	1	3	1
5	92	0.0	0.277520674063	1	0	14	0
5	239	0.0	0.277521127001	1	0	11	0
5	94	0.0	0.368834692267	1	0	5	0
5	240	0.0	0.27752070067	1	1	14	0
5	299	0.0	0.650480932345	1	0	1	0
5	243	0.0	0.59275685191	1	0	4	0
5	98	0.0	0.592756654646	1	0	7	0
5	246	0.0	0.36696501389	1	0	3	0
5	101	0.0	0.050532674339	1	0	12	0
5	282	0.0	1.06682151974	1	0	1	0
5	105	0.0	0.050532895323	1	0	5	0
5	106	0.0	0.277521057279	1	0	13	0
5	247	0.0	0.368834816163	1	0	4	0
5	109	0.0	0.366964701044	1	1	4	0
5	111	0.0	0.368834762306	1	0	6	0
5	248	0.0	0.366965139283	1	0	4	0
5	114	0.0	0.277520695944	1	0	14	0
5	120	0.0	0.366964864084	1	0	3	0
5	201	0.0	0.366964877299	1	0	3	0
5	291	0.0	1.06682149688	1	0	1	0
5	295	0.0	0.592757057849	1	0	4	0
5	253	0.0	0.050532630502	1	0	12	0
5	283	0.0	0.75048095914	1	0	6	0
5	284	0.0	0.05053275039	1	0	13	0
5	257	0.0	0.050532801966	1	0	19	0
5	258	0.0	0.277520971358	1	0	16	0
5	259	0.0	0.68504800751	1	1	0	0
5	127	0.0	0.050532976249	1	0	16	0
5	262	0.0	0.050532725653	1	0	12	34
5	129	0.0	0.277520721733	1	0	13	0
5	263	0.0	0.277520993993	1	0	13	0
5	130	0.0	0.368834657987	1	0	5	0
5	288	0.0	0.277521091713	1	0	7	0
5	139	0.0	0.59275680024	1	0	4	0
5	141	0.0	0.277520660284	1	0	13	0
5	266	0.0	0.366964927196	1	1	5	0
5	150	0.0	0.050532968631	1	0	5	0
5	154	0.0	0.277520959432	1	0	14	0
5	162	0.0	0.050532638397	1	0	12	0
5	163	0.0	0.050532984535	1	0	16	0
5	268	0.0	1.06909699384	1	0	1	0
5	167	0.0	0.366964794742	1	0	5	0
5	168	0.0	1.68147311952	1	0	4	0
5	169	0.0	0.050532733997	1	0	11	50
5	170	0.0	0.685047965406	1	0	3	0
5	172	0.0	0.277521027776	1	0	16	0
5	173	0.0	1.06909697845	1	0	1	0
5	174	0.0	0.36883466673	1	0	4	1
5	270	0.0	0.368834612277	1	0	4	0
5	177	0.0	0.36883469014	1	0	4	0
5	178	0.0	0.685048046776	1	0	3	0
5	183	0.0	0.050532963553	1	0	5	0
5	187	0.0	0.368834691419	1	0	5	0
5	290	0.0	0.36883431573	1	1	1	0
5	190	0.0	0.366964726667	1	0	3	0
5	192	0.0	0.050532652197	1	0	16	0
5	198	0.0	0.368834269393	1	0	3	0
5	199	0.0	0.368834428379	1	0	4	0
6	37	NA 	 NA 	0	0	0	0
6	256	NA 	 NA 	0	0	0	0
6	188	NA 	 NA 	0	0	0	0
6	45	NA 	 NA 	0	0	0	0
6	127	NA 	 NA 	0	0	0	0
6	7	NA 	 NA 	0	0	0	0
6	79	NA 	 NA 	0	0	0	0
6	77	0.0	0.685113598599	1	0	2	0
6	153	0.0	0.050884367806	1	1	4	0
6	182	0.0	0.966949810899	1	0	1	0
6	83	0.0	0.676260442111	1	1	4	0
6	169	0.0	0.282045640136	1	0	12	0
6	126	0.0	0.776117637264	1	0	4	0
6	71	0.0	0.379861763914	1	0	8	0
6	115	0.0	0.776117075415	1	0	2	0
6	108	0.0	1.3760783919	1	0	2	0
6	48	0.0	0.684515674724	1	0	5	0
6	234	0.0	0.282045345214	1	0	14	0
6	57	0.0	0.050884301329	1	0	10	0
6	172	0.0	0.776117451181	1	0	5	0
6	281	0.0	0.284983565745	1	0	6	0
6	275	0.0	0.966949982323	1	1	0	0
6	130	0.0	0.284983683548	1	0	8	0
6	78	0.0	1.0727246405	1	1	1	0
6	279	0.0	0.282045629975	1	0	12	0
6	81	0.0	0.687697887398	1	0	5	0
6	73	0.0	0.050884220096	1	0	13	0
6	41	0.0	0.282045576082	1	0	7	0
6	260	0.0	0.57841838595	1	0	6	0
6	173	0.0	0.676260406714	1	0	5	0
6	263	0.0	0.994967627153	1	0	5	0
6	276	0.0	0.283082817727	1	0	5	0
6	80	0.0	0.28498362096	1	0	8	0
6	243	0.0	0.282045634656	1	0	9	0
6	283	0.0	0.050884491628	1	0	12	0
6	212	0.0	0.284983732296	1	0	9	0
6	193	0.0	0.282045638536	1	0	9	0
6	29	0.0	0.58228443609	1	0	5	0
6	59	0.0	0.578418561674	1	0	9	0
6	98	0.0	0.684515391225	1	0	4	0
6	133	0.0	0.284983553908	1	0	9	0
6	266	0.0	0.050884225213	1	0	12	11
6	159	0.0	0.284983556791	1	0	7	0
6	269	0.0	0.050884317041	1	0	8	0
6	271	0.0	0.685113755473	1	2	1	0
6	201	0.0	0.282045231939	1	0	12	0
6	295	0.0	0.050884221291	1	0	9	0
6	58	0.0	0.578418648969	1	0	8	0
6	131	0.0	0.050884021722	1	0	11	0
6	298	0.0	0.964313706148	1	0	2	0
6	223	0.0	1.07272472921	1	0	3	0
6	85	0.0	0.283082869846	1	0	8	0
6	249	0.0	0.050884402883	1	0	11	6
6	66	0.0	0.578418579692	1	0	4	0
6	52	0.0	0.964313507042	1	0	2	0
6	95	0.0	0.282045572402	1	1	6	0
6	241	0.0	0.282044914826	1	0	10	0
6	208	0.0	0.284983596181	1	0	9	0
6	186	0.0	0.284983684107	1	0	6	0
6	92	0.0	0.578418281291	1	0	6	0
6	74	0.0	0.582284432738	1	0	5	0
6	31	0.0	0.284983231908	1	0	8	0
6	36	0.0	0.050884119024	1	0	9	0
6	288	0.0	0.283082876987	1	0	5	0
6	218	0.0	0.050884560147	1	0	11	0
6	84	0.0	0.050884206974	1	0	12	0
6	214	0.0	0.282045582878	1	0	7	0
6	151	0.0	0.685113662873	1	0	6	0
6	286	0.0	0.776117691054	1	0	3	0
6	51	0.0	0.050884032824	1	0	11	0
6	90	0.0	0.050884401057	1	0	12	0
6	144	0.0	0.994967637736	1	0	5	0
6	148	0.0	0.28204572608	1	0	9	0
6	225	0.0	0.050884378595	1	0	12	0
6	138	0.0	1.47639029665	1	1	0	0
6	38	0.0	0.578418274366	1	1	5	0
6	146	0.0	0.050884177143	1	0	12	0
6	152	0.0	0.684515231459	1	1	1	0
6	179	0.0	0.994967617286	1	0	5	0
6	101	0.0	0.050884245908	1	1	4	0
6	129	0.0	0.050884247893	1	0	9	0
6	1	0.0	0.776117287627	1	0	2	0
6	111	0.0	0.687697883346	1	0	5	0
6	202	0.0	0.578418563283	1	0	5	0
6	194	0.0	0.578418659915	1	0	7	0
6	209	0.0	0.582284404044	1	0	5	0
6	60	0.0	0.284983517482	1	0	9	0
6	20	0.0	0.282045743361	1	1	4	0
6	104	0.0	0.050884245281	1	0	12	6
6	166	0.0	0.282045335401	1	0	14	0
6	246	0.0	0.282045579061	1	1	7	0
6	136	0.0	0.685113673468	1	0	6	0
6	91	0.0	0.776117564945	1	1	0	0
6	213	0.0	0.964313584721	1	0	3	0
6	13	0.0	0.284983646006	1	0	8	0
6	5	0.0	0.684515491021	1	0	5	0
6	65	0.0	0.284983538319	1	0	6	0
6	155	0.0	0.776117623769	1	0	4	0
6	47	0.0	0.776117316559	1	0	2	0
6	150	0.0	0.282045058035	1	0	8	0
6	210	0.0	0.578418641665	1	0	7	0
6	206	0.0	1.15079324023	1	0	2	0
6	267	0.0	0.050884278205	1	0	10	0
6	162	0.0	0.776117397591	1	0	2	0
6	222	0.0	0.050883909836	1	0	9	0
6	229	0.0	0.050884538911	1	0	11	0
6	280	0.0	0.050884149317	1	0	11	0
6	224	0.0	0.776117386308	1	0	4	0
6	240	0.0	0.28204565624	1	1	5	0
6	63	0.0	0.676260715629	1	0	5	0
6	284	0.0	0.282045692297	1	0	8	0
6	88	0.0	1.15079334012	1	0	4	0
6	265	0.0	0.050884379077	1	0	9	0
6	11	0.0	0.050884568535	1	1	10	0
6	50	0.0	0.282045428608	1	0	14	0
6	233	0.0	0.964313600875	1	0	2	0
6	174	0.0	0.994967697074	1	2	0	0
6	242	0.0	0.578418552644	1	0	5	0
6	55	0.0	0.282045032807	1	0	9	0
6	19	0.0	0.05088429707	1	0	10	0
6	3	0.0	0.050884124984	1	0	11	0
6	27	0.0	0.77611748912	1	0	4	0
6	204	0.0	0.994967649194	1	0	5	0
6	228	0.0	0.050884452589	1	0	8	0
6	217	0.0	0.282045252183	1	0	10	0
6	190	0.0	0.284983693347	1	0	11	0
6	251	0.0	0.282045248306	1	0	12	0
6	107	0.0	0.282045562666	1	1	7	0
6	273	0.0	0.282045541244	1	0	13	1
6	272	0.0	0.284983239244	1	0	8	0
6	215	0.0	0.050884189548	1	0	6	0
6	247	0.0	0.282045322909	1	0	13	0
6	28	0.0	0.578418357111	1	0	8	0
6	248	0.0	0.776117258238	1	0	4	0
6	110	0.0	0.282045567279	1	0	9	0
6	109	0.0	0.284983457094	1	0	7	0
6	35	0.0	0.284983668181	1	1	4	0
6	132	0.0	0.776117276121	1	0	4	0
6	67	0.0	0.776117360749	1	0	2	0
6	285	0.0	0.050884203544	1	0	12	0
6	177	0.0	0.050884459684	1	0	7	0
6	252	0.0	0.050884288236	1	0	12	0
6	120	0.0	1.15079324626	1	0	2	0
6	156	0.0	0.284983334731	1	0	6	5
6	64	0.0	0.689543756872	1	0	4	0
6	178	0.0	0.676260637193	1	0	4	0
6	231	0.0	0.578418687685	1	0	8	0
6	291	0.0	0.282045296931	1	0	11	0
6	122	0.0	0.050884512166	1	0	8	0
6	16	0.0	0.284983334629	1	0	6	0
6	238	0.0	0.578418375654	1	0	8	0
6	142	0.0	0.776117333548	1	0	4	0
6	93	0.0	0.685113742207	1	0	6	0
6	30	0.0	0.050884508125	1	0	9	0
6	270	0.0	0.966950029519	1	0	5	0
6	161	0.0	0.282045649608	1	0	10	0
6	99	0.0	0.282045570733	1	0	8	0
6	141	0.0	0.282045431528	1	1	6	0
6	255	0.0	0.57841862744	1	0	9	0
6	226	0.0	0.578418663071	1	0	5	0
6	75	0.0	0.050884580349	1	1	10	0
6	196	0.0	0.284983530386	1	0	6	0
6	195	0.0	0.050884478986	1	0	12	0
6	112	0.0	0.050884429314	1	1	6	0
6	287	0.0	0.284983677722	1	0	9	0
6	227	0.0	0.282045267921	1	0	10	0
6	24	0.0	0.687697899447	1	0	5	0
6	211	0.0	0.578418558273	1	0	10	0
6	145	0.0	0.676260683583	1	0	6	0
6	244	0.0	0.687697948682	1	0	5	0
6	261	0.0	0.578418363994	1	0	6	0
6	154	0.0	0.050884556886	1	1	8	0
6	157	0.0	0.578418518966	1	0	9	0
6	191	0.0	0.578418256404	1	1	4	0
6	17	0.0	0.050884564521	1	0	8	0
6	26	0.0	0.282045638413	1	0	9	0
6	89	0.0	0.050884336622	1	0	11	0
6	68	0.0	0.284983692843	1	0	7	0
6	22	0.0	0.050884214246	1	0	13	0
6	140	0.0	0.578418567522	1	0	10	0
6	114	0.0	0.050884382365	1	0	13	0
6	235	0.0	0.284983379386	1	0	7	0
6	113	0.0	0.282045475893	1	0	6	0
6	164	0.0	0.282045682403	1	0	6	0
6	56	0.0	0.57841824038	1	0	5	0
6	4	0.0	0.282045229559	1	0	12	0
6	82	0.0	0.282045299079	1	0	8	0
6	171	0.0	0.284983516444	1	0	9	0
6	257	0.0	0.777635940249	1	2	0	0
6	105	0.0	0.050884261568	1	0	13	0
6	143	0.0	1.08630678696	1	0	2	0
6	18	0.0	0.77611742174	1	0	3	0
6	0	0.0	0.050884282498	1	2	5	0
6	2	0.0	0.578418470108	1	0	9	0
6	6	0.0	0.578418596657	1	0	5	0
6	8	0.0	0.050884250483	1	0	8	0
6	197	0.0	0.284983437502	1	0	5	0
6	198	0.0	0.689543883402	1	0	4	0
6	9	0.0	0.684515715449	1	0	4	0
6	10	0.0	0.578418708899	1	0	7	0
6	199	0.0	0.283082779943	1	0	6	0
6	12	0.0	0.685113529684	1	0	7	0
6	200	0.0	1.376078072	1	0	2	24
6	14	0.0	0.578418693078	1	0	8	0
6	15	0.0	0.578418679847	1	0	8	0
6	21	0.0	0.284983718846	1	0	6	0
6	23	0.0	0.578418251419	1	0	5	0
6	274	0.0	0.050883947558	1	0	9	0
6	25	0.0	0.966949986957	1	0	5	0
6	203	0.0	0.578418404401	1	0	6	0
6	205	0.0	1.37607807937	1	0	1	0
6	32	0.0	0.57841863815	1	0	5	0
6	33	0.0	0.282045221113	1	0	9	0
6	34	0.0	0.282045236149	1	0	11	0
6	207	0.0	0.777636016821	1	0	3	0
6	297	0.0	0.964313615517	1	0	2	0
6	39	0.0	0.282045706274	1	0	6	0
6	40	0.0	0.282045554671	1	1	6	0
6	42	0.0	0.578418574702	1	0	5	0
6	43	0.0	0.284983707454	1	0	7	6
6	44	0.0	0.282045502561	1	1	6	0
6	46	0.0	0.282045292933	1	0	10	0
6	49	0.0	0.050884252523	1	0	12	0
6	277	0.0	1.1507930617	1	1	1	0
6	216	0.0	0.050884559318	1	0	8	0
6	278	0.0	0.966949992896	1	0	5	0
6	53	0.0	0.050884554473	1	0	11	0
6	54	0.0	0.28204559081	1	0	8	0
6	219	0.0	0.282045649058	1	0	8	0
6	294	0.0	0.282045608039	1	0	9	0
6	220	0.0	0.050884353064	1	0	11	0
6	221	0.0	0.578418567262	1	0	9	0
6	61	0.0	0.050884390466	1	0	8	0
6	62	0.0	0.284983399034	1	0	10	0
6	69	0.0	0.379861719946	1	1	2	0
6	70	0.0	0.282045242911	1	0	10	0
6	72	0.0	0.282045550318	1	0	6	0
6	230	0.0	0.776117358229	1	0	4	0
6	76	0.0	0.964313460987	1	0	2	0
6	232	0.0	0.282045659667	1	0	6	0
6	86	0.0	0.282045597562	1	0	7	0
6	87	0.0	0.676260405757	1	0	7	0
6	236	0.0	0.282045577762	1	0	13	0
6	237	0.0	0.282045562531	1	0	6	0
6	239	0.0	0.578418665544	1	0	7	0
6	94	0.0	0.689543883641	1	0	4	24
6	282	0.0	0.776117286808	1	0	4	0
6	96	0.0	0.050884321017	1	0	10	0
6	97	0.0	0.282045384423	1	0	14	0
6	100	0.0	0.578418584974	1	0	5	0
6	296	0.0	0.67626042654	1	1	4	0
6	245	0.0	0.050884243198	1	0	12	0
6	102	0.0	0.284983706854	1	0	6	0
6	103	0.0	0.282045695063	1	0	9	0
6	106	0.0	0.68451567195	1	0	5	0
6	250	0.0	0.050884235233	1	0	12	0
6	293	0.0	0.966949965031	1	0	5	0
6	253	0.0	0.282045566096	1	0	9	0
6	254	0.0	0.676260615959	1	0	4	0
6	116	0.0	0.282045245135	1	0	11	11
6	117	0.0	0.684515645995	1	0	5	0
6	118	0.0	0.578418576017	1	0	4	0
6	119	0.0	0.578418685621	1	0	5	0
6	258	0.0	0.578418667205	1	0	8	0
6	259	0.0	0.776117318992	1	0	3	0
6	121	0.0	0.050884041763	1	0	8	0
6	289	0.0	0.689543891728	1	0	3	0
6	123	0.0	0.284983258041	1	0	9	0
6	124	0.0	0.050884281491	1	0	8	0
6	262	0.0	0.676260291644	1	0	7	0
6	125	0.0	0.05088437473	1	0	8	0
6	299	0.0	0.676260449217	1	1	4	0
6	290	0.0	0.28498327608	1	0	7	0
6	264	0.0	0.284983722097	1	0	7	0
6	128	0.0	0.67626042118	1	1	4	0
6	134	0.0	0.776117211187	1	0	4	0
6	135	0.0	0.676260512835	1	0	4	0
6	137	0.0	0.28204566677	1	0	12	0
6	139	0.0	0.284983246713	1	0	9	0
6	147	0.0	0.578418592727	1	0	5	0
6	149	0.0	0.684515626927	1	0	5	0
6	158	0.0	0.050883972515	1	0	8	0
6	160	0.0	0.776117301733	1	0	4	0
6	163	0.0	0.284983621266	1	0	9	0
6	165	0.0	0.284983437767	1	0	6	0
6	167	0.0	0.684515637111	1	0	4	0
6	268	0.0	0.050883922724	1	0	9	0
6	168	0.0	0.994967679479	1	0	4	0
6	170	0.0	0.282045623623	1	0	12	0
6	175	0.0	0.282045739242	1	0	11	0
6	176	0.0	0.776117286357	1	0	4	0
6	180	0.0	0.676260564609	1	0	5	0
6	181	0.0	0.050884238204	1	0	12	0
6	183	0.0	0.578418577403	1	0	5	0
6	184	0.0	0.777636075011	1	0	3	0
6	185	0.0	0.578418655178	1	0	8	0
6	187	0.0	0.050884236244	1	0	13	0
6	292	0.0	0.282045647852	1	0	12	0
6	189	0.0	0.282045647575	1	0	9	0
6	192	0.0	0.050884561959	1	0	8	0
7	103	NA 	 NA 	0	0	0	0
7	107	0.0	1.05503279461	1	0	1	0
7	40	0.0	0.659086407914	1	0	3	0
7	147	0.0	0.274208001095	1	1	3	0
7	99	0.0	0.968734687123	1	0	5	0
7	11	0.0	0.276103202681	1	0	7	0
7	18	0.0	1.28885889556	1	0	4	0
7	126	0.0	0.590390414011	1	0	7	0
7	188	0.0	0.590390882888	1	1	3	0
7	202	0.0	0.590390668613	1	0	6	0
7	262	0.0	0.968734961703	1	1	4	0
7	270	0.0	0.590390605018	1	1	3	0
7	100	0.0	0.590390407602	1	0	6	0
7	156	0.0	0.661212669604	1	0	2	0
7	42	0.0	0.590390858947	1	0	10	0
7	248	0.0	1.05503256635	1	0	1	0
7	30	0.0	0.274207733041	1	0	6	0
7	138	0.0	0.590390362653	1	0	6	0
7	5	0.0	0.590390485126	1	1	3	0
7	255	0.0	0.274207889288	1	0	8	0
7	134	0.0	1.07210140973	1	1	1	0
7	242	0.0	0.276103241544	1	2	4	0
7	17	0.0	0.047375718773	1	0	8	0
7	13	0.0	0.659086516811	1	0	3	0
7	48	0.0	0.659086059587	1	0	2	0
7	16	0.0	0.047375792665	1	0	13	0
7	163	0.0	0.590390777443	1	0	4	0
7	253	0.0	0.668045922151	1	0	3	0
7	246	0.0	0.047375859162	1	0	7	0
7	258	0.0	0.274207811334	1	0	7	0
7	182	0.0	0.659086057194	1	0	2	0
7	29	0.0	0.047375338884	1	0	8	0
7	125	0.0	0.668045648509	1	0	3	0
7	228	0.0	0.661213011501	1	0	2	0
7	184	0.0	0.590390596567	1	0	10	0
7	196	0.0	0.047375698043	1	0	10	0
7	45	0.0	0.985388068344	1	0	3	0
7	37	0.0	0.27420796814	1	1	3	0
7	10	0.0	0.047375818956	1	0	6	0
7	229	0.0	0.047375746947	1	0	8	0
7	263	0.0	0.668045862169	1	0	3	0
7	87	0.0	1.04793497352	1	0	4	0
7	272	0.0	0.96873483265	1	0	5	0
7	44	0.0	1.05503282697	1	0	1	0
7	8	0.0	0.047375845613	1	0	9	0
7	210	0.0	1.04793456219	1	0	2	0
7	60	0.0	0.659086453159	1	0	3	0
7	67	0.0	0.968734452014	1	0	6	0
7	24	0.0	0.274207810618	1	0	6	0
7	189	0.0	1.07210197517	1	0	2	0
7	64	0.0	0.2742079331	1	0	4	0
7	35	0.0	0.590390374934	1	0	5	0
7	70	0.0	0.571465063197	1	0	4	0
7	162	0.0	1.07210183378	1	0	2	0
7	273	0.0	0.274207920923	1	0	4	0
7	292	0.0	0.04737553678	1	0	6	0
7	75	0.0	0.668045978599	1	1	1	0
7	214	0.0	0.5903908587	1	0	5	0
7	84	0.0	0.590390487764	1	0	6	0
7	294	0.0	0.274207903736	1	0	4	0
7	260	0.0	1.07210186599	1	0	1	0
7	244	0.0	1.04793489005	1	0	4	0
7	78	0.0	0.590390662916	1	0	10	0
7	259	0.0	0.659086078832	1	0	1	0
7	204	0.0	0.276103161581	1	1	6	0
7	172	0.0	1.07210152622	1	0	2	0
7	46	0.0	0.047375587836	1	0	7	10
7	231	0.0	0.590390331338	1	0	7	0
7	76	0.0	0.047375272967	1	0	7	0
7	199	0.0	0.047375891645	1	0	7	0
7	209	0.0	1.07210191881	1	1	1	0
7	130	0.0	0.968734879543	1	0	8	0
7	251	0.0	0.047375839336	1	0	8	0
7	0	0.0	0.047375697145	1	0	8	0
7	33	0.0	0.590390171816	1	0	7	0
7	115	0.0	0.047375347544	1	2	5	0
7	220	0.0	0.66121265211	1	0	2	0
7	193	0.0	0.66804593038	1	0	3	0
7	281	0.0	0.668045811345	1	0	2	0
7	191	0.0	0.047375817444	1	0	6	0
7	177	0.0	0.047375338013	1	0	7	0
7	85	0.0	0.590390820227	1	0	4	0
7	234	0.0	0.661212707315	1	0	2	0
7	19	0.0	0.985387891018	1	0	2	0
7	83	0.0	0.661212840605	1	1	0	0
7	206	0.0	0.968734714813	1	0	8	0
7	211	0.0	0.985387572235	1	0	3	0
7	224	0.0	0.047375661037	1	0	7	0
7	2	0.0	0.590390675774	1	0	6	0
7	82	0.0	0.047375700557	1	0	8	0
7	169	0.0	0.668045812903	1	0	3	0
7	254	0.0	0.985387849866	1	0	5	0
7	104	0.0	0.047375531628	1	0	8	6
7	95	0.0	0.985388059932	1	0	2	0
7	15	0.0	0.047375880569	1	0	7	0
7	27	0.0	1.05503270837	1	0	1	0
7	283	0.0	0.968734964475	1	0	1	0
7	187	0.0	0.274208011223	1	0	9	0
7	133	0.0	1.04793479046	1	0	3	0
7	96	0.0	0.590390450403	1	0	5	0
7	132	0.0	0.274207925738	1	0	6	0
7	3	0.0	0.27420784429	1	0	4	0
7	170	0.0	0.985387230913	1	0	3	0
7	153	0.0	1.04793454535	1	0	2	0
7	7	0.0	0.590390845817	1	0	4	0
7	38	0.0	0.274207970722	1	0	7	0
7	143	0.0	0.274207910714	1	0	6	0
7	173	0.0	1.0479344972	1	0	7	0
7	129	0.0	0.047375667659	1	0	9	0
7	207	0.0	0.047375404933	1	0	6	0
7	290	0.0	0.590390540542	1	0	4	0
7	105	0.0	0.047375873943	1	0	8	0
7	142	0.0	0.668045475613	1	0	2	0
7	233	0.0	0.274207763668	1	0	6	0
7	72	0.0	0.590390404482	1	0	6	0
7	168	0.0	0.274207843357	1	0	6	0
7	90	0.0	1.0721015026	1	0	2	0
7	117	0.0	0.04737566086	1	0	8	0
7	88	0.0	0.276103247894	1	0	6	0
7	180	0.0	0.590390738536	1	0	6	0
7	185	0.0	1.04793454331	1	0	2	0
7	151	0.0	0.047375550592	1	0	9	0
7	56	0.0	0.590390853278	1	0	5	0
7	230	0.0	0.590390445279	1	0	6	0
7	221	0.0	1.0550324696	1	0	1	0
7	155	0.0	0.968735040528	1	0	8	11
7	31	0.0	0.047375518155	1	0	9	0
7	109	0.0	0.274207877875	1	0	8	0
7	43	0.0	0.27420802534	1	1	4	0
7	159	0.0	0.668045880982	1	1	1	0
7	116	0.0	0.659086118507	1	0	1	0
7	92	0.0	0.274207683368	1	0	6	0
7	81	0.0	0.968734552888	1	0	5	0
7	252	0.0	0.276103258821	1	0	8	0
7	249	0.0	0.590390826289	1	0	5	0
7	160	0.0	0.668045726211	1	0	2	0
7	80	0.0	0.047375824323	1	0	6	0
7	102	0.0	0.04737561004	1	0	6	0
7	291	0.0	0.047375614445	1	0	10	0
7	23	0.0	0.590390136446	1	0	6	0
7	225	0.0	0.590390902215	1	0	6	0
7	266	0.0	0.047375840016	1	0	10	0
7	86	0.0	0.668045550285	1	0	2	0
7	208	0.0	0.968734907119	1	0	8	0
7	124	0.0	1.04793481201	1	0	3	0
7	59	0.0	0.985388067195	1	0	3	0
7	175	0.0	0.590390746017	1	0	10	0
7	28	0.0	0.274207889927	1	0	7	0
7	280	0.0	0.274208037725	1	0	4	0
7	286	0.0	0.047375591107	1	0	7	0
7	217	0.0	1.07210164423	1	0	2	0
7	69	0.0	0.047375650888	1	0	9	0
7	297	0.0	0.590390832577	1	0	10	0
7	58	0.0	1.04793507413	1	0	5	0
7	141	0.0	0.668045287998	1	0	3	0
7	289	0.0	0.590390895129	1	0	6	0
7	195	0.0	0.274207952764	1	0	4	0
7	41	0.0	0.590390795487	1	0	4	0
7	237	0.0	0.9853876489	1	0	3	0
7	52	0.0	1.07210189441	1	0	2	0
7	144	0.0	0.047375431479	1	0	8	0
7	145	0.0	0.047375885471	1	0	10	0
7	118	0.0	0.047375448694	1	0	9	0
7	114	0.0	0.276103220864	1	0	7	0
7	239	0.0	0.047375874293	1	0	8	0
7	240	0.0	0.276103193648	1	0	7	0
7	20	0.0	0.668045589797	1	0	3	0
7	68	0.0	0.590390477798	1	0	7	0
7	127	0.0	1.04793476356	1	0	7	0
7	108	0.0	0.590390569208	1	0	5	8
7	97	0.0	0.659086320784	1	0	1	0
7	174	0.0	0.968734867223	1	0	8	0
7	295	0.0	0.590390675988	1	0	10	0
7	66	0.0	0.590390414607	1	0	6	0
7	139	0.0	0.590390393477	1	0	6	0
7	47	0.0	0.276103250063	1	0	7	0
7	236	0.0	0.047375386767	1	0	7	0
7	250	0.0	0.047375640915	1	0	7	0
7	150	0.0	0.659086467186	1	0	3	0
7	26	0.0	0.65908608638	1	0	3	0
7	34	0.0	0.590390397466	1	0	6	0
7	49	0.0	0.66804592026	1	0	1	0
7	200	0.0	0.668045616915	1	0	2	0
7	65	0.0	0.047375882534	1	0	8	0
7	161	0.0	0.047375676288	1	0	7	0
7	9	0.0	1.28885855017	1	0	4	0
7	265	0.0	0.590390784079	1	0	4	0
7	1	0.0	0.9853879834	1	0	5	0
7	4	0.0	0.98538789421	1	0	5	0
7	6	0.0	0.047375540848	1	1	7	0
7	12	0.0	0.985387946167	1	0	4	0
7	201	0.0	0.274207990455	1	0	6	0
7	14	0.0	0.274207990501	1	0	5	0
7	21	0.0	0.968734895213	1	0	8	0
7	22	0.0	0.985387959395	1	0	2	0
7	25	0.0	0.668045763463	1	0	2	0
7	203	0.0	0.047375882005	1	0	8	0
7	205	0.0	0.047375557735	1	0	6	0
7	32	0.0	0.668045615752	1	0	2	0
7	36	0.0	0.659086558551	1	0	3	0
7	198	0.0	0.274207942965	1	0	4	0
7	212	0.0	0.985387894652	1	0	2	0
7	213	0.0	0.047375291785	1	0	7	0
7	39	0.0	0.668045810797	1	0	3	0
7	215	0.0	0.047375873102	1	0	10	0
7	50	0.0	0.985387601513	1	0	3	0
7	51	0.0	0.668045737509	1	0	3	0
7	53	0.0	0.274208057801	1	0	8	0
7	54	0.0	0.274207866407	1	0	7	0
7	216	0.0	0.047375659963	1	0	6	0
7	218	0.0	0.274208013022	1	1	5	1
7	55	0.0	0.968734551878	1	0	7	11
7	219	0.0	1.04793485362	1	0	7	0
7	57	0.0	0.047375748908	1	0	8	0
7	222	0.0	1.28885855684	1	0	4	0
7	61	0.0	0.968734540798	1	0	8	20
7	62	0.0	1.04793438604	1	0	2	0
7	223	0.0	0.968734972944	1	1	4	0
7	63	0.0	1.04793475174	1	0	3	0
7	226	0.0	0.985387884695	1	0	4	0
7	227	0.0	1.0479345659	1	0	2	0
7	71	0.0	0.590390481779	1	0	7	0
7	73	0.0	0.668046054441	1	1	1	0
7	296	0.0	0.590390791984	1	0	10	0
7	74	0.0	0.668045798725	1	0	2	0
7	77	0.0	0.274208058495	1	1	4	0
7	79	0.0	0.668046060696	1	2	1	0
7	232	0.0	0.968734630472	1	0	5	0
7	279	0.0	0.274207692574	1	0	6	0
7	89	0.0	0.96873499449	1	1	4	0
7	235	0.0	0.590390861617	1	0	6	0
7	282	0.0	1.04793501931	1	0	5	0
7	91	0.0	1.04793474274	1	0	7	0
7	298	0.0	0.274207831364	1	0	7	0
7	93	0.0	1.07210156301	1	0	2	0
7	94	0.0	0.047375749401	1	0	10	0
7	238	0.0	0.274207918551	1	0	7	0
7	98	0.0	0.276103229285	1	0	7	0
7	101	0.0	0.668045849052	1	0	3	0
7	241	0.0	1.07210154297	1	0	2	0
7	106	0.0	0.59039088182	1	0	10	0
7	284	0.0	0.274208035689	1	1	5	1
7	110	0.0	0.04737552886	1	1	7	0
7	285	0.0	0.274207868723	1	0	8	0
7	243	0.0	0.968735020486	1	1	4	0
7	111	0.0	0.668045643955	1	0	3	0
7	112	0.0	1.04793435741	1	0	7	11
7	245	0.0	1.04793471541	1	0	7	0
7	247	0.0	0.274207582923	1	0	7	0
7	113	0.0	0.985387966635	1	0	4	0
7	299	0.0	0.27420794683	1	0	7	0
7	119	0.0	0.985387544315	1	0	2	0
7	120	0.0	0.047375720232	1	0	8	16
7	121	0.0	0.659086512609	1	0	3	0
7	287	0.0	0.047375698317	1	0	8	17
7	288	0.0	1.07210166253	1	0	2	0
7	122	0.0	0.274207652165	1	0	6	0
7	123	0.0	0.274207789643	1	0	6	0
7	256	0.0	0.274208023268	1	0	8	0
7	257	0.0	0.985387593718	1	0	2	0
7	128	0.0	1.0721018974	1	0	2	0
7	131	0.0	0.668045883357	1	0	3	0
7	261	0.0	0.04737554412	1	0	9	0
7	264	0.0	0.274207867846	1	0	6	0
7	135	0.0	0.047375237413	1	0	7	0
7	136	0.0	0.668045811481	1	0	3	0
7	137	0.0	0.968734928064	1	0	6	0
7	267	0.0	0.590390866148	1	1	3	0
7	140	0.0	0.047375720943	1	0	8	0
7	268	0.0	0.968734868445	1	0	8	0
7	269	0.0	0.659086243033	1	0	1	0
7	146	0.0	0.590390840033	1	0	6	0
7	148	0.0	0.968734680807	1	0	5	0
7	149	0.0	0.276103209046	1	0	7	8
7	152	0.0	0.047375644342	1	0	6	0
7	154	0.0	0.274207668406	1	0	6	0
7	157	0.0	0.968734985355	1	1	4	0
7	158	0.0	0.047375876347	1	0	8	0
7	271	0.0	0.659086489827	1	0	3	0
7	164	0.0	0.590390394536	1	0	6	0
7	165	0.0	0.27420804186	1	0	7	0
7	166	0.0	0.047375496675	1	0	8	0
7	167	0.0	0.968734873962	1	0	8	0
7	293	0.0	0.590390616404	1	0	8	27
7	171	0.0	0.668045516698	1	0	3	0
7	176	0.0	0.968734882804	1	0	8	0
7	178	0.0	0.047375651128	1	0	9	0
7	179	0.0	0.590390421368	1	0	6	0
7	181	0.0	0.590390818241	1	0	6	0
7	274	0.0	0.276103189072	1	0	7	17
7	183	0.0	0.047375263945	1	0	7	0
7	275	0.0	0.047375754727	1	0	8	0
7	186	0.0	1.07210183803	1	0	2	0
7	190	0.0	0.590390171011	1	0	8	0
7	192	0.0	1.28885855821	1	0	4	18
7	276	0.0	0.661213022569	1	0	2	0
7	194	0.0	0.65908653552	1	0	3	0
7	277	0.0	0.274207669405	1	0	5	0
7	197	0.0	0.985387783908	1	0	5	0
7	278	0.0	0.047375628475	1	0	6	0
8	50	NA 	 NA 	0	0	0	0
8	4	NA 	 NA 	0	0	0	0
8	217	NA 	 NA 	0	0	0	0
8	15	NA 	 NA 	0	0	0	0
8	274	NA 	 NA 	0	0	0	0
8	147	NA 	 NA 	0	0	0	0
8	86	NA 	 NA 	0	0	0	0
8	90	NA 	 NA 	0	0	0	0
8	110	NA 	 NA 	0	0	0	0
8	198	NA 	 NA 	0	0	0	0
8	129	NA 	 NA 	0	0	0	0
8	126	0.0	0.352743142733	1	0	6	0
8	85	0.0	0.049207151093	1	0	9	0
8	40	0.0	0.352743054726	1	0	6	0
8	213	0.0	0.283248768021	1	0	4	0
8	67	0.0	1.05778683313	1	0	1	0
8	236	0.0	0.049206798199	1	0	12	0
8	1	0.0	0.590222146875	1	0	9	0
8	117	0.0	1.05778678278	1	0	1	0
8	163	0.0	0.049206647969	1	0	10	0
8	10	0.0	0.672035079001	1	0	3	0
8	76	0.0	0.690013809336	1	0	4	0
8	102	0.0	0.04920689422	1	0	10	0
8	272	0.0	0.590222201137	1	0	8	0
8	134	0.0	0.352743190635	1	0	6	0
8	162	0.0	0.280888246096	1	0	15	0
8	125	0.0	0.280888232637	1	0	12	0
8	165	0.0	0.049206885731	1	1	6	1
8	81	0.0	1.1542902336	1	0	1	0
8	179	0.0	0.352743266237	1	0	6	0
8	100	0.0	0.971047044968	1	0	4	0
8	41	0.0	0.049206996583	1	0	9	0
8	35	0.0	0.049206786578	1	0	10	0
8	263	0.0	0.672035076715	1	0	5	0
8	71	0.0	0.672035113527	1	0	6	0
8	9	0.0	0.761139042883	1	0	1	0
8	176	0.0	0.352742814962	1	1	4	0
8	109	0.0	0.049206664716	1	0	10	0
8	128	0.0	0.352743150175	1	0	6	0
8	290	0.0	0.690014282262	1	0	3	0
8	37	0.0	0.283248646543	1	0	5	0
8	173	0.0	0.6720349941	1	0	3	0
8	224	0.0	0.973708903663	1	0	5	0
8	252	0.0	0.352743035645	1	0	7	0
8	182	0.0	0.672034819116	1	0	5	0
8	171	0.0	0.356127472543	1	2	2	0
8	258	0.0	0.672035154622	1	0	6	0
8	188	0.0	0.280887888897	1	0	10	0
8	25	0.0	0.283248789459	1	0	6	0
8	294	0.0	0.672034920699	1	0	6	0
8	218	0.0	0.280887914001	1	0	10	0
8	279	0.0	0.971047007773	1	0	4	0
8	6	0.0	0.690013924302	1	0	3	0
8	196	0.0	0.761138988997	1	0	1	0
8	83	0.0	0.280888246449	1	0	8	0
8	56	0.0	0.049206968723	1	0	6	0
8	44	0.0	0.690014289283	1	0	4	0
8	243	0.0	0.283248867672	1	0	5	0
8	98	0.0	0.590222167493	1	0	10	0
8	276	0.0	0.049206924632	1	0	10	0
8	137	0.0	0.04920701778	1	0	13	0
8	249	0.0	0.672035013626	1	0	3	0
8	211	0.0	0.281964406611	1	0	10	0
8	194	0.0	0.352742929315	1	0	4	0
8	124	0.0	0.049207158362	1	0	7	0
8	287	0.0	0.761139010049	1	1	0	0
8	209	0.0	0.283248783481	1	0	6	0
8	26	0.0	0.356127513376	1	0	5	0
8	18	0.0	0.590221965579	1	0	11	0
8	265	0.0	0.049206892795	1	0	10	0
8	167	0.0	0.59022178617	1	0	9	0
8	242	0.0	0.280887983028	1	0	8	0
8	97	0.0	0.975669417609	1	0	4	0
8	180	0.0	0.590222027047	1	0	9	0
8	271	0.0	0.283248760574	1	0	6	0
8	122	0.0	0.049206483522	1	0	8	0
8	205	0.0	0.280888291662	1	0	9	0
8	283	0.0	1.05778696055	1	0	1	0
8	262	0.0	0.283248815974	1	0	6	0
8	260	0.0	0.356127561306	1	0	6	0
8	57	0.0	0.354053367508	1	0	4	0
8	52	0.0	0.672034905439	1	0	6	0
8	286	0.0	0.352743287262	1	0	7	0
8	78	0.0	0.280888188927	1	0	9	0
8	112	0.0	0.049206853657	1	0	10	0
8	118	0.0	0.049206928991	1	0	6	0
8	131	0.0	0.592387539753	1	0	3	0
8	183	0.0	0.971046925258	1	0	4	0
8	214	0.0	0.049206870959	1	0	10	0
8	61	0.0	0.280888305175	1	0	5	0
8	79	0.0	0.352743279554	1	0	6	0
8	12	0.0	0.280888261073	1	0	10	0
8	189	0.0	0.2808882	1	0	7	0
8	49	0.0	0.352742985746	1	0	7	0
8	68	0.0	0.283248761811	1	0	5	7
8	282	0.0	0.049207131428	1	0	8	0
8	259	0.0	0.280888210683	1	0	9	0
8	195	0.0	0.280887846134	1	0	11	0
8	95	0.0	0.283248852611	1	2	1	9
8	291	0.0	0.283248758448	1	0	7	0
8	77	0.0	0.049206609969	1	0	8	0
8	8	0.0	0.04920684716	1	1	5	0
8	87	0.0	0.280888182651	1	0	8	0
8	30	0.0	0.049206834589	1	1	6	8
8	174	0.0	0.049206809778	1	1	6	1
8	256	0.0	0.672035237678	1	0	3	0
8	33	0.0	0.281964411211	1	0	10	0
8	91	0.0	0.280888124291	1	0	10	7
8	181	0.0	0.049206785039	1	0	11	0
8	285	0.0	0.67203518331	1	0	3	0
8	75	0.0	0.590222193761	1	0	10	0
8	121	0.0	0.283248760924	1	0	4	0
8	264	0.0	0.280888174157	1	0	7	0
8	210	0.0	0.592387562168	1	0	3	0
8	278	0.0	0.590222195595	1	0	10	0
8	212	0.0	1.05778702448	1	0	1	0
8	103	0.0	0.590222116448	1	0	8	0
8	119	0.0	0.592387557084	1	0	2	0
8	146	0.0	0.049206917117	1	0	10	0
8	149	0.0	0.672034961385	1	0	5	0
8	42	0.0	0.761139158158	1	0	2	0
8	54	0.0	1.15428996802	1	0	1	0
8	150	0.0	0.672035046228	1	0	6	0
8	130	0.0	0.590222130683	1	0	10	0
8	203	0.0	0.280888224709	1	0	9	0
8	273	0.0	0.280887880029	1	0	11	0
8	202	0.0	0.590222291505	1	0	10	0
8	153	0.0	0.280888265085	1	0	12	0
8	255	0.0	0.352743136547	1	0	6	0
8	166	0.0	0.283248710882	1	0	5	0
8	94	0.0	0.591337379329	1	2	4	0
8	248	0.0	0.049206477442	1	0	8	0
8	11	0.0	0.280887971995	1	0	9	0
8	190	0.0	0.590221919441	1	0	10	0
8	232	0.0	0.881564196908	1	1	2	0
8	65	0.0	0.280888250462	1	0	7	0
8	241	0.0	0.690014251053	1	0	4	0
8	120	0.0	0.049206955755	1	0	10	0
8	13	0.0	0.049207065725	1	0	10	0
8	136	0.0	0.281964393011	1	0	10	0
8	192	0.0	0.97104728813	1	0	3	0
8	280	0.0	0.590221791003	1	0	9	0
8	297	0.0	1.05778686372	1	0	1	0
8	47	0.0	0.590221794448	1	0	9	0
8	193	0.0	0.591337361147	1	2	4	0
8	168	0.0	0.59022222028	1	0	8	0
8	60	0.0	0.280888275498	1	0	12	0
8	101	0.0	0.690014322611	1	2	0	0
8	88	0.0	0.280887678808	1	0	9	0
8	185	0.0	0.352742869186	1	0	6	0
8	59	0.0	0.352742998279	1	0	7	0
8	267	0.0	0.280888182383	1	0	12	0
8	296	0.0	0.590221848427	1	0	9	0
8	28	0.0	0.590222293209	1	0	9	0
8	250	0.0	0.59022231325	1	0	10	0
8	92	0.0	0.672035126511	1	0	5	0
8	275	0.0	0.049206974188	1	0	6	0
8	253	0.0	0.672034802618	1	0	5	0
8	106	0.0	0.049206766438	1	0	11	0
8	142	0.0	0.049206859695	1	1	3	15
8	201	0.0	0.971046631289	1	0	5	9
8	96	0.0	0.590222097718	1	0	6	0
8	64	0.0	0.049206877056	1	1	6	1
8	104	0.0	0.590221976936	1	0	9	0
8	53	0.0	0.04920683157	1	1	3	0
8	63	0.0	0.049207150545	1	0	9	13
8	261	0.0	0.28088823621	1	0	7	0
8	31	0.0	0.280888199763	1	1	10	0
8	268	0.0	0.049206506778	1	0	8	0
8	238	0.0	0.280887841207	1	0	9	0
8	141	0.0	0.881564142198	1	1	2	0
8	22	0.0	0.352742875205	1	0	4	0
8	14	0.0	0.590222178838	1	0	10	0
8	72	0.0	0.049206882603	1	0	12	0
8	34	0.0	0.590221954623	1	0	10	0
8	160	0.0	0.280888146395	1	0	7	0
8	17	0.0	0.971047124228	1	0	3	10
8	208	0.0	0.283248730093	1	0	4	0
8	156	0.0	0.592387620873	1	0	3	0
8	3	0.0	0.590222166856	1	0	7	0
8	204	0.0	0.280888222739	1	0	13	0
8	251	0.0	0.283248691065	1	0	5	0
8	215	0.0	0.672035250246	1	0	3	0
8	159	0.0	0.590222157072	1	0	10	0
8	207	0.0	0.280887949396	1	0	8	0
8	114	0.0	0.690014291931	1	1	1	0
8	99	0.0	0.672035212227	1	0	6	0
8	266	0.0	0.049206796929	1	0	10	0
8	292	0.0	0.672034794309	1	0	3	0
8	221	0.0	0.283248843418	1	0	6	0
8	23	0.0	0.280887794021	1	0	9	0
8	155	0.0	0.881564208001	1	0	3	0
8	115	0.0	0.280887986081	1	0	8	0
8	113	0.0	0.280888140346	1	0	7	0
8	237	0.0	0.352743082058	1	0	6	0
8	186	0.0	0.672035208374	1	0	3	0
8	225	0.0	0.049206812586	1	0	11	0
8	89	0.0	0.280887806227	1	0	10	0
8	223	0.0	0.283248806476	1	0	6	0
8	123	0.0	0.76113897287	1	0	3	9
8	45	0.0	0.280888139637	1	1	9	0
8	254	0.0	0.280888213773	1	0	8	0
8	135	0.0	0.049206493404	1	0	8	0
8	295	0.0	0.280887897517	1	0	5	0
8	197	0.0	0.280888214815	1	0	9	0
8	230	0.0	0.590222235626	1	0	10	0
8	21	0.0	0.283248879433	1	0	5	0
8	228	0.0	0.049207128486	1	1	9	0
8	16	0.0	0.352743279086	1	0	6	0
8	0	0.0	0.280888084655	1	0	7	0
8	2	0.0	0.590222133956	1	1	7	0
8	5	0.0	0.280887951798	1	0	12	0
8	7	0.0	0.590222263507	1	0	10	0
8	19	0.0	0.280887842093	1	1	3	0
8	20	0.0	0.049206903119	1	0	6	0
8	216	0.0	0.356127495695	1	0	5	0
8	219	0.0	0.672035129652	1	0	5	0
8	24	0.0	0.591337353574	1	0	9	0
8	281	0.0	0.280888003809	1	1	6	0
8	220	0.0	0.590222134425	1	1	7	0
8	27	0.0	0.280887887919	1	0	11	0
8	29	0.0	0.049206893862	1	0	6	0
8	222	0.0	0.672035192876	1	0	6	0
8	32	0.0	0.281964443145	1	0	6	0
8	36	0.0	0.352743276565	1	0	6	15
8	38	0.0	0.590222290271	1	0	7	5
8	39	0.0	0.590222106456	1	1	7	0
8	43	0.0	0.281964395834	1	0	7	0
8	46	0.0	0.352743170012	1	0	6	0
8	48	0.0	0.049207159327	1	1	6	0
8	51	0.0	0.283248869102	1	0	6	0
8	55	0.0	0.672034900644	1	0	3	0
8	58	0.0	0.049206518669	1	0	7	0
8	62	0.0	0.352743105219	1	0	5	0
8	66	0.0	0.280888145484	1	0	7	0
8	226	0.0	0.352743287814	1	0	6	0
8	227	0.0	0.590221949841	1	0	9	0
8	229	0.0	0.975669521745	1	0	4	0
8	69	0.0	0.04920715055	1	0	9	0
8	284	0.0	0.672035179082	1	0	6	0
8	298	0.0	0.280888255589	1	0	8	0
8	231	0.0	0.049206708958	1	0	11	0
8	70	0.0	0.971046908472	1	0	2	0
8	233	0.0	0.352743194549	1	0	6	0
8	234	0.0	0.352743189198	1	0	4	0
8	73	0.0	0.280888271247	1	0	9	0
8	235	0.0	0.28088829924	1	0	9	0
8	74	0.0	0.973708814549	1	0	5	0
8	80	0.0	0.672035167698	1	0	6	7
8	82	0.0	0.590221938558	1	0	9	0
8	84	0.0	0.049207053085	1	1	9	0
8	239	0.0	0.592387628887	1	1	5	0
8	93	0.0	0.049206805908	1	0	11	0
8	240	0.0	0.592387540822	1	0	2	0
8	244	0.0	0.28088826685	1	0	7	0
8	288	0.0	0.049206855783	1	0	7	0
8	105	0.0	0.049206969808	1	0	10	0
8	107	0.0	0.280887880015	1	0	9	0
8	245	0.0	0.280888239509	1	1	11	0
8	246	0.0	0.590222212697	1	0	8	0
8	247	0.0	0.280888246226	1	0	9	0
8	108	0.0	0.590221919052	1	0	9	0
8	289	0.0	0.592387541713	1	0	2	0
8	111	0.0	0.280888233314	1	0	10	0
8	116	0.0	0.281964408717	1	0	12	0
8	257	0.0	0.283248806023	1	0	6	0
8	127	0.0	0.760101282464	1	2	0	0
8	299	0.0	0.672035233377	1	0	3	0
8	293	0.0	0.280888114392	1	1	6	0
8	132	0.0	0.352743236552	1	0	6	9
8	133	0.0	0.690013802077	1	0	4	0
8	138	0.0	0.280888134303	1	0	9	0
8	139	0.0	0.88156411493	1	1	2	0
8	140	0.0	0.280887790763	1	0	9	0
8	143	0.0	0.280888143337	1	1	9	0
8	144	0.0	0.049206584668	1	0	7	0
8	145	0.0	0.049206877966	1	0	12	0
8	148	0.0	0.280888252058	1	0	10	0
8	151	0.0	0.574245298957	1	0	4	10
8	152	0.0	0.049207142871	1	0	7	0
8	269	0.0	0.971046810259	1	0	5	0
8	154	0.0	0.280888256057	1	0	11	0
8	157	0.0	0.672035266325	1	0	3	0
8	158	0.0	0.283248893061	1	0	6	0
8	161	0.0	0.280887877844	1	0	10	0
8	164	0.0	0.280887967639	1	0	8	0
8	270	0.0	0.280887824556	1	0	9	0
8	169	0.0	0.354053343443	1	0	4	0
8	170	0.0	0.283248740894	1	0	5	0
8	172	0.0	0.590222123044	1	1	7	0
8	175	0.0	0.352742929127	1	0	6	0
8	177	0.0	0.672035127134	1	0	5	0
8	178	0.0	0.283248771289	1	0	5	0
8	184	0.0	0.69001390828	1	0	3	0
8	187	0.0	0.280888221206	1	0	9	0
8	191	0.0	0.672035271521	1	0	3	0
8	199	0.0	0.590222212699	1	0	10	0
8	200	0.0	0.672034795002	1	0	4	0
8	277	0.0	0.690014031811	1	0	3	0
8	206	0.0	0.672035133732	1	0	4	0
9	4	NA 	 NA 	0	0	0	0
9	50	NA 	 NA 	0	0	0	0
9	15	NA 	 NA 	0	0	0	0
9	217	NA 	 NA 	0	0	0	0
9	274	NA 	 NA 	0	0	0	0
9	147	NA 	 NA 	0	0	0	0
9	90	NA 	 NA 	0	0	0	0
9	86	NA 	 NA 	0	0	0	0
9	110	NA 	 NA 	0	0	0	0
9	129	NA 	 NA 	0	0	0	0
9	198	0.0	0.346892691214	1	0	6	0
9	126	0.0	0.35731821327	1	0	4	0
9	40	0.0	0.346892548501	1	1	4	0
9	85	0.0	0.046879514468	1	1	4	0
9	213	0.0	0.657084451123	1	0	4	0
9	67	0.0	0.659528507993	1	0	2	0
9	236	0.0	0.046879186417	1	0	9	0
9	163	0.0	0.046879	1	0	9	0
9	1	0.0	0.578061470981	1	0	2	0
9	10	0.0	0.659528441824	1	0	2	0
9	117	0.0	0.659528453158	1	0	2	0
9	179	0.0	0.357318668737	1	0	6	0
9	272	0.0	0.346892603665	1	0	5	0
9	81	0.0	1.15632779728	1	1	0	0
9	134	0.0	0.357318161353	1	0	4	0
9	100	0.0	0.65952817684	1	0	1	0
9	125	0.0	0.278196662485	1	0	5	0
9	205	0.0	0.278196519158	1	0	7	0
9	76	0.0	0.770890512587	1	0	2	0
9	165	0.0	0.046879183257	1	0	6	0
9	35	0.0	0.046879151398	1	0	8	0
9	41	0.0	0.046879346767	1	0	6	0
9	176	0.0	0.357318085292	1	0	5	0
9	290	0.0	0.770890515332	1	0	4	0
9	188	0.0	0.278196185308	1	0	7	0
9	252	0.0	0.357318500418	1	0	6	0
9	263	0.0	0.659528099707	1	0	2	0
9	218	0.0	0.278196234874	1	1	6	4
9	37	0.0	0.279831770105	1	0	5	0
9	224	0.0	0.659528686287	1	0	3	0
9	71	0.0	0.346892418285	1	0	5	0
9	9	0.0	0.357318640749	1	1	3	0
9	195	0.0	0.278196106494	1	0	7	0
9	56	0.0	0.046879320881	1	0	6	0
9	128	0.0	0.357318151853	1	0	4	0
9	79	0.0	0.346892166929	1	0	6	0
9	182	0.0	0.346892590121	1	0	5	0
9	258	0.0	0.346892640309	1	0	4	0
9	173	0.0	0.659528577498	1	0	3	0
9	243	0.0	0.657084125657	1	0	1	0
9	44	0.0	0.7708904547	1	0	4	0
9	171	0.0	0.346892488089	1	0	7	0
9	249	0.0	0.659528493243	1	0	3	0
9	6	0.0	0.770890488383	1	0	2	0
9	83	0.0	0.278196500153	1	0	6	0
9	196	0.0	0.3573185013	1	1	2	0
9	294	0.0	0.346892301835	1	0	5	0
9	279	0.0	0.659528143927	1	0	1	0
9	273	0.0	0.278196159592	1	1	6	0
9	18	0.0	0.576998133837	1	0	3	0
9	102	0.0	0.046879297649	1	0	9	0
9	211	0.0	0.346892585282	1	0	5	0
9	194	0.0	0.357318302677	1	0	6	0
9	189	0.0	0.278196593814	1	0	7	0
9	260	0.0	0.357318425839	1	0	4	0
9	25	0.0	0.278196569319	1	0	8	0
9	288	0.0	0.357318488142	1	0	3	0
9	26	0.0	0.35731837541	1	0	4	0
9	124	0.0	0.346892657787	1	0	5	0
9	282	0.0	0.046879504749	1	2	5	0
9	98	0.0	0.576998170428	1	0	3	0
9	271	0.0	0.279831888042	1	2	0	0
9	122	0.0	0.046878848957	1	0	9	0
9	180	0.0	0.576998247663	1	0	3	0
9	23	0.0	0.278196410836	1	0	11	0
9	97	0.0	0.954445176947	1	0	1	0
9	209	0.0	0.279831820542	1	0	6	0
9	131	0.0	0.576998100295	1	0	3	0
9	57	0.0	0.770890142104	1	1	1	0
9	283	0.0	0.659528388604	1	0	2	0
9	291	0.0	0.046879516591	1	0	5	0
9	183	0.0	0.659527974001	1	0	1	0
9	242	0.0	0.278196245159	1	0	8	0
9	78	0.0	0.278196453742	1	0	7	0
9	112	0.0	0.046879220558	1	0	9	0
9	214	0.0	0.046879225966	1	0	8	0
9	8	0.0	0.046879217079	1	0	6	0
9	12	0.0	0.278196539506	1	0	7	0
9	118	0.0	0.046879290907	1	0	6	0
9	52	0.0	0.346892307406	1	0	5	4
9	61	0.0	0.27819670303	1	0	7	0
9	137	0.0	0.046879455386	1	1	4	0
9	49	0.0	0.35731858164	1	0	4	9
9	278	0.0	0.576998193662	1	0	3	0
9	77	0.0	0.046878987559	1	0	9	0
9	103	0.0	0.576998098117	1	0	3	0
9	87	0.0	0.278196530439	1	0	7	0
9	30	0.0	0.046879194972	1	0	6	0
9	140	0.0	0.278196156749	1	0	9	0
9	162	0.0	0.278196590139	1	0	6	0
9	75	0.0	0.57806146829	1	0	2	0
9	68	0.0	0.279831774814	1	0	6	0
9	262	0.0	0.657084250623	1	0	1	0
9	264	0.0	0.278196491495	1	0	9	0
9	130	0.0	0.576997952508	1	0	3	0
9	207	0.0	0.278196250734	1	0	8	0
9	265	0.0	0.046879313247	1	0	10	0
9	210	0.0	0.576998061397	1	0	4	0
9	64	0.0	0.04687924221	1	0	6	0
9	212	0.0	0.659528295968	1	0	2	0
9	119	0.0	0.576998104173	1	0	3	0
9	256	0.0	0.65952844858	1	0	2	0
9	208	0.0	0.65708439738	1	0	4	0
9	54	0.0	1.15632775958	1	0	1	0
9	190	0.0	0.346892324446	1	0	6	0
9	121	0.0	0.279831850054	1	0	5	0
9	181	0.0	0.046879158575	1	0	9	0
9	149	0.0	0.346892667747	1	0	4	0
9	286	0.0	0.659528372394	1	0	2	0
9	255	0.0	0.357318501789	1	0	7	0
9	202	0.0	0.346892320584	1	0	5	0
9	96	0.0	0.576997910054	1	0	4	0
9	276	0.0	0.046879289597	1	0	8	0
9	155	0.0	0.279831828132	1	0	6	0
9	60	0.0	0.346891967293	1	0	5	0
9	232	0.0	0.657084649468	1	0	1	0
9	11	0.0	0.27819629474	1	0	7	0
9	166	0.0	0.575934681122	1	0	5	8
9	150	0.0	0.346892415815	1	0	4	0
9	248	0.0	0.046878844085	1	0	9	0
9	153	0.0	0.278196493914	1	0	8	0
9	296	0.0	0.346892603332	1	0	4	0
9	250	0.0	0.578061496737	1	0	2	0
9	72	0.0	0.046879246405	1	0	8	0
9	95	0.0	0.657084545752	1	0	4	0
9	297	0.0	0.659528484315	1	0	2	0
9	174	0.0	0.046879192045	1	0	6	0
9	185	0.0	0.046879528994	1	2	3	0
9	42	0.0	0.77089064174	1	0	3	0
9	94	0.0	0.578061502876	1	0	2	0
9	192	0.0	0.659528234594	1	0	2	0
9	136	0.0	0.346892219085	1	0	5	0
9	13	0.0	0.046879476069	1	0	10	0
9	28	0.0	0.346892172352	1	0	5	0
9	215	0.0	0.659528477014	1	0	2	0
9	101	0.0	0.770890655957	1	0	3	0
9	120	0.0	0.046879213083	1	0	10	0
9	168	0.0	0.346892565279	1	0	5	0
9	267	0.0	0.278196583751	1	0	6	0
9	59	0.0	0.357318628778	1	0	4	0
9	106	0.0	0.046879164317	1	0	7	0
9	146	0.0	0.046879282533	1	0	9	0
9	92	0.0	0.65952808559	1	0	2	0
9	142	0.0	0.046879219727	1	0	7	0
9	275	0.0	0.046879333215	1	0	5	0
9	241	0.0	0.770890415469	1	0	4	0
9	201	0.0	0.346892491821	1	0	5	0
9	225	0.0	0.046879199549	1	0	5	0
9	141	0.0	0.579255168876	1	0	2	0
9	253	0.0	0.346892464616	1	0	5	0
9	284	0.0	0.346892568607	1	0	5	0
9	31	0.0	0.278196512103	1	0	10	0
9	104	0.0	0.346892682818	1	0	3	0
9	2	0.0	0.278196397783	1	0	11	0
9	63	0.0	0.046879495373	1	0	9	0
9	53	0.0	0.046879192641	1	0	7	0
9	115	0.0	0.278196281227	1	0	8	0
9	268	0.0	0.046878847849	1	0	10	0
9	197	0.0	0.27819648133	1	0	7	0
9	113	0.0	0.278196499492	1	0	10	0
9	21	0.0	0.657084238945	1	0	1	0
9	238	0.0	0.278196161742	1	0	9	0
9	17	0.0	0.659528172094	1	0	1	0
9	3	0.0	0.346891963512	1	0	5	0
9	251	0.0	0.279831836757	1	0	5	0
9	287	0.0	0.346892246781	1	0	5	0
9	109	0.0	0.04687886826	1	0	9	0
9	14	0.0	0.576998186174	1	0	3	0
9	33	0.0	0.346892562161	1	0	5	6
9	203	0.0	0.278196550876	1	0	7	0
9	223	0.0	0.657083919122	1	0	1	0
9	138	0.0	0.278196428639	1	0	7	0
9	22	0.0	0.357318165848	1	0	5	0
9	47	0.0	0.346892546212	1	0	5	0
9	99	0.0	0.346892551529	1	0	3	0
9	114	0.0	0.657084165832	1	0	1	0
9	167	0.0	0.278196489976	1	0	11	0
9	259	0.0	0.278196477346	1	0	7	0
9	16	0.0	0.346892181243	1	0	6	0
9	193	0.0	0.346892494497	1	0	5	0
9	221	0.0	0.579255236168	1	0	4	0
9	156	0.0	0.576998058674	1	0	4	0
9	266	0.0	0.046879162364	1	0	8	0
9	237	0.0	0.357318500605	1	0	6	0
9	36	0.0	0.346892112331	1	0	6	0
9	292	0.0	0.357318559069	1	0	3	0
9	145	0.0	0.04687922902	1	0	9	0
9	164	0.0	0.278196265613	1	0	8	0
9	29	0.0	0.046879230155	1	0	5	13
9	38	0.0	0.954445000664	1	0	1	0
9	170	0.0	0.27983177154	1	0	5	0
9	222	0.0	0.346892575586	1	0	3	0
9	186	0.0	0.659528442425	1	0	2	0
9	65	0.0	0.278196568949	1	0	7	0
9	151	0.0	0.579255270394	1	0	4	0
9	298	0.0	0.278196572248	1	0	7	0
9	123	0.0	0.357318633126	1	0	4	0
9	187	0.0	0.278196486007	1	0	7	0
9	240	0.0	0.576998184932	1	0	1	0
9	55	0.0	0.659528458325	1	0	3	2
9	0	0.0	0.278196400535	1	0	8	0
9	5	0.0	0.278196316998	1	0	10	0
9	7	0.0	0.5780613458	1	0	2	8
9	19	0.0	0.278196181846	1	0	8	0
9	20	0.0	0.046879268145	1	0	6	0
9	216	0.0	0.346892549761	1	0	7	0
9	219	0.0	0.659528166545	1	0	2	0
9	24	0.0	0.578061441267	1	0	2	0
9	281	0.0	0.278196294627	1	0	8	0
9	220	0.0	0.578061540368	1	1	1	0
9	27	0.0	0.278196163463	1	1	6	0
9	32	0.0	0.27819658662	1	0	8	0
9	34	0.0	0.346892436426	1	0	4	0
9	39	0.0	0.346892466445	1	0	5	4
9	43	0.0	0.278196657164	1	0	5	0
9	45	0.0	0.278196499525	1	0	10	0
9	46	0.0	0.357317962408	1	0	4	0
9	48	0.0	0.278196182754	1	0	9	0
9	51	0.0	0.579255294608	1	0	4	0
9	58	0.0	0.046878883695	1	0	9	0
9	62	0.0	0.357318499427	1	0	6	0
9	66	0.0	0.278196513149	1	0	10	0
9	226	0.0	0.346892245008	1	0	7	0
9	227	0.0	0.346892304786	1	0	6	0
9	228	0.0	0.046879501056	1	0	9	0
9	229	0.0	0.954445285615	1	0	1	0
9	69	0.0	0.046879518677	1	1	3	0
9	285	0.0	0.346892594008	1	2	1	0
9	230	0.0	0.576998221084	1	0	3	0
9	231	0.0	0.04687906167	1	0	10	0
9	70	0.0	0.659528225569	1	0	1	0
9	233	0.0	0.357318162485	1	0	4	0
9	234	0.0	0.35731830431	1	0	5	0
9	73	0.0	0.278196536049	1	0	7	0
9	235	0.0	0.27819659108	1	0	5	0
9	74	0.0	0.659528513513	1	0	3	0
9	80	0.0	0.346892612209	1	0	4	0
9	82	0.0	0.27819667102	1	0	6	0
9	84	0.0	0.046879414521	1	0	8	0
9	88	0.0	0.046879519124	1	1	7	0
9	89	0.0	0.27819608148	1	0	7	0
9	239	0.0	0.578061549812	1	0	2	0
9	91	0.0	0.27819649525	1	0	10	0
9	93	0.0	0.046879171343	1	0	8	0
9	244	0.0	0.278196542787	1	0	8	0
9	289	0.0	0.046879239117	1	0	5	0
9	105	0.0	0.04687933974	1	0	11	0
9	107	0.0	0.278196208984	1	0	7	0
9	245	0.0	0.278196558988	1	1	6	0
9	246	0.0	0.346892591183	1	0	5	0
9	247	0.0	0.278196511028	1	0	7	0
9	108	0.0	0.57806136047	1	0	2	0
9	280	0.0	0.576998241767	1	0	1	0
9	111	0.0	0.278196503434	1	0	7	0
9	254	0.0	0.278196542724	1	0	7	0
9	116	0.0	0.576998040335	1	0	3	0
9	257	0.0	0.279831840359	1	0	6	0
9	127	0.0	0.65952859629	1	0	2	0
9	299	0.0	0.65952855483	1	0	2	0
9	293	0.0	0.278196429964	1	0	7	0
9	132	0.0	0.357318301334	1	0	4	0
9	133	0.0	0.657084667215	1	0	4	0
9	261	0.0	0.278196559539	1	0	7	0
9	135	0.0	0.046878858835	1	0	9	0
9	139	0.0	0.579255240764	1	0	2	0
9	143	0.0	0.278196499492	1	0	10	0
9	144	0.0	0.04687893662	1	0	9	0
9	148	0.0	0.278196557128	1	0	7	0
9	152	0.0	0.04687948385	1	0	5	0
9	269	0.0	0.659528355	1	0	3	0
9	154	0.0	0.278196623134	1	0	7	0
9	157	0.0	0.659528518172	1	0	2	0
9	158	0.0	0.657084262251	1	0	2	0
9	159	0.0	0.346892159749	1	0	5	0
9	160	0.0	0.278196523314	1	0	10	0
9	161	0.0	0.278196142972	1	1	6	0
9	270	0.0	0.278196160685	1	0	9	0
9	169	0.0	0.770890176889	1	1	1	0
9	172	0.0	0.578061536146	1	1	1	0
9	175	0.0	0.357317896878	1	0	4	0
9	177	0.0	0.659528130452	1	0	2	0
9	178	0.0	0.278196632145	1	0	8	0
9	184	0.0	0.770890499494	1	0	2	0
9	191	0.0	0.864845644702	1	1	0	0
9	295	0.0	0.278196236148	1	0	8	0
9	199	0.0	0.576998209576	1	0	3	0
9	200	0.0	0.346892586751	1	0	5	0
9	277	0.0	0.770890511469	1	0	2	0
9	204	0.0	0.278196560786	1	0	7	0
9	206	0.0	0.6595281945	1	0	2	0
