0	51	NA 	 NA 	0	0	0	0
0	134	0.0	0.754198392552	1	0	3	0
0	63	0.0	0.366977335933	1	0	6	0
0	86	0.0	0.759749368227	1	1	1	0
0	156	0.0	1.55820236289	1	0	2	0
0	121	0.0	0.666392478845	1	0	6	0
0	188	0.0	0.277091352644	1	0	8	0
0	164	0.0	0.670084033766	1	0	6	0
0	32	0.0	0.038389994536	1	0	8	0
0	58	0.0	1.26782235651	1	0	1	0
0	154	0.0	0.366977019511	1	0	4	0
0	2	0.0	0.670084270365	1	0	4	0
0	165	0.0	0.670084271582	1	0	4	0
0	47	0.0	0.666391979606	1	0	5	0
0	92	0.0	0.670084200346	1	0	5	0
0	135	0.0	0.038390155252	1	0	8	0
0	69	0.0	0.277091394957	1	0	6	0
0	20	0.0	0.366977161185	1	0	4	0
0	168	0.0	0.754198269731	1	0	2	0
0	38	0.0	0.038390121244	1	0	9	0
0	189	0.0	0.759749385368	1	0	2	0
0	45	0.0	1.26782244645	1	0	1	0
0	196	0.0	0.944383522832	1	1	3	0
0	186	0.0	0.666392095434	1	0	6	0
0	30	0.0	0.27709137929	1	0	6	0
0	110	0.0	0.754198386018	1	0	3	0
0	187	0.0	0.754197858022	1	0	4	0
0	84	0.0	0.670084049492	1	0	5	0
0	106	0.0	0.666392478178	1	0	4	0
0	119	0.0	1.35867046282	1	0	1	0
0	198	0.0	1.25626534006	1	0	1	1
0	46	0.0	0.038390045486	1	1	3	0
0	163	0.0	0.038390084525	1	0	7	0
0	193	0.0	1.25626519941	1	0	2	0
0	89	0.0	0.038390025225	1	0	11	0
0	52	0.0	0.754198169704	1	0	3	0
0	34	0.0	0.666392217307	1	0	6	0
0	97	0.0	0.366977478345	1	0	3	0
0	178	0.0	0.277091411661	1	0	7	0
0	172	0.0	1.13839011175	1	2	0	0
0	101	0.0	0.366977366806	1	0	6	0
0	176	0.0	0.366977055453	1	0	4	0
0	49	0.0	0.03839034856	1	0	6	0
0	7	0.0	0.754198060832	1	0	2	0
0	107	0.0	0.038390281903	1	1	4	0
0	190	0.0	0.666392379949	1	0	6	0
0	48	0.0	1.13839033922	1	0	2	0
0	170	0.0	0.754198226967	1	0	3	0
0	132	0.0	0.759749477721	1	0	3	0
0	25	0.0	0.368820861333	1	0	7	0
0	175	0.0	0.759748998576	1	0	2	0
0	181	0.0	0.038389699201	1	0	6	0
0	11	0.0	0.666392347845	1	0	6	0
0	9	0.0	0.366977353941	1	0	3	0
0	81	0.0	0.277091314611	1	0	6	0
0	167	0.0	1.25626511826	1	0	2	0
0	82	0.0	0.944383469279	1	0	5	0
0	177	0.0	0.277091457553	1	0	8	0
0	124	0.0	0.277091202289	1	0	6	0
0	141	0.0	0.368820553256	1	0	6	0
0	129	0.0	0.038390362803	1	0	6	0
0	150	0.0	0.038389959079	1	2	4	0
0	100	0.0	0.038390040089	1	0	7	0
0	16	0.0	0.038390292496	1	0	9	0
0	78	0.0	0.277091311966	1	0	8	0
0	94	0.0	0.038390169289	1	0	7	0
0	192	0.0	0.754198274435	1	0	2	0
0	35	0.0	0.670084387418	1	0	4	0
0	50	0.0	0.03839	1	0	10	0
0	56	0.0	0.670084220708	1	0	4	0
0	118	0.0	0.038389994844	1	0	8	2
0	114	0.0	0.754197907588	1	0	4	0
0	80	0.0	0.038390328481	1	1	4	0
0	113	0.0	0.03838998713	1	0	7	0
0	4	0.0	0.038390136865	1	0	8	0
0	98	0.0	0.366977069882	1	0	2	0
0	147	0.0	0.666392453426	1	0	3	0
0	18	0.0	0.944383446302	1	0	4	0
0	87	0.0	0.038390005163	1	0	8	0
0	160	0.0	1.2678223553	1	0	1	0
0	21	0.0	0.67008412114	1	0	5	0
0	130	0.0	0.277091419132	1	0	7	0
0	96	0.0	0.366977358319	1	0	3	0
0	182	0.0	0.754198516087	1	0	2	0
0	57	0.0	0.038389761697	1	0	6	6
0	139	0.0	1.25626546056	1	0	3	0
0	133	0.0	0.666392379703	1	0	5	0
0	36	0.0	0.366977406772	1	0	5	0
0	137	0.0	0.038390285046	1	0	5	0
0	44	0.0	0.368820840457	1	0	6	0
0	40	0.0	0.666392012192	1	0	5	0
0	91	0.0	0.277091226294	1	0	7	0
0	15	0.0	0.36697699939	1	0	4	0
0	24	0.0	0.038390364324	1	0	10	0
0	41	0.0	0.368820767052	1	0	6	0
0	93	0.0	0.666392201122	1	0	6	0
0	102	0.0	0.277091357317	1	0	9	0
0	13	0.0	0.038390050608	1	0	7	0
0	143	0.0	0.666392169583	1	1	5	0
0	158	0.0	0.03839012137	1	0	8	0
0	1	0.0	0.038390031181	1	0	8	0
0	108	0.0	0.670084341286	1	0	4	0
0	157	0.0	0.66639252584	1	0	5	0
0	26	0.0	0.666392109894	1	0	6	0
0	99	0.0	0.765583525003	1	1	0	0
0	199	0.0	0.666392069931	1	0	6	0
0	127	0.0	1.25626469734	1	0	3	0
0	31	0.0	0.366977034858	1	0	2	0
0	28	0.0	1.25626511643	1	1	0	0
0	117	0.0	0.75419833387	1	0	2	0
0	95	0.0	0.277091388896	1	1	4	0
0	109	0.0	0.754198228333	1	0	2	0
0	67	0.0	0.759749002895	1	0	2	0
0	123	0.0	0.277091146474	1	0	9	0
0	171	0.0	0.666392459289	1	0	6	0
0	145	0.0	0.038390339715	1	0	10	11
0	29	0.0	0.754198332414	1	0	2	0
0	180	0.0	0.666392310955	1	0	5	8
0	70	0.0	0.754198242022	1	0	4	0
0	53	0.0	1.54057405661	1	0	1	0
0	111	0.0	0.366977013732	1	0	4	0
0	166	0.0	0.366977337264	1	0	6	0
0	33	0.0	0.666392343954	1	0	6	0
0	8	0.0	0.368820766123	1	2	4	0
0	76	0.0	0.038390099312	1	0	8	0
0	185	0.0	0.038390328458	1	0	10	0
0	23	0.0	1.26782223781	1	0	1	0
0	120	0.0	0.366977345565	1	0	6	0
0	162	0.0	0.277091312469	1	0	6	0
0	142	0.0	0.666392446612	1	0	6	0
0	27	0.0	0.277091154332	1	0	10	9
0	125	0.0	0.277091325924	1	0	9	0
0	64	0.0	0.038390339307	1	0	10	0
0	126	0.0	0.666392024466	1	1	4	0
0	66	0.0	0.277091329001	1	0	9	0
0	159	0.0	0.738351518974	1	1	2	0
0	149	0.0	0.666392144057	1	0	6	0
0	88	0.0	0.366977498974	1	0	3	0
0	138	0.0	0.666392356698	1	0	6	0
0	61	0.0	0.759749122268	1	0	2	0
0	151	0.0	0.038390132298	1	0	7	0
0	77	0.0	0.03839033798	1	0	9	0
0	90	0.0	0.666392345665	1	0	5	0
0	54	0.0	0.366977306275	1	0	6	0
0	146	0.0	0.754198101085	1	0	3	0
0	68	0.0	0.038390317474	1	0	10	0
0	197	0.0	0.666391953206	1	0	7	0
0	42	0.0	0.666392329364	1	0	6	0
0	116	0.0	0.666391802021	1	1	4	0
0	62	0.0	0.038390245575	1	0	9	0
0	0	0.0	0.670083999463	1	0	6	0
0	60	0.0	0.277091405421	1	0	8	0
0	131	0.0	0.371943528007	1	2	3	0
0	179	0.0	0.666391950191	1	0	7	0
0	39	0.0	0.366977532998	1	0	2	0
0	3	0.0	0.277091383134	1	0	6	0
0	5	0.0	0.666392151392	1	0	6	0
0	6	0.0	0.666392445793	1	0	4	6
0	10	0.0	0.038390346336	1	0	6	0
0	12	0.0	0.366977338056	1	2	1	0
0	14	0.0	0.670084194058	1	0	5	0
0	17	0.0	0.666392120868	1	0	6	0
0	19	0.0	0.670084082364	1	0	5	0
0	22	0.0	0.670084035293	1	0	5	0
0	161	0.0	0.754198343697	1	0	2	0
0	169	0.0	0.366977118033	1	1	1	7
0	37	0.0	0.666392444049	1	0	6	0
0	43	0.0	0.277091455056	1	1	6	0
0	173	0.0	0.666392013472	1	1	6	0
0	174	0.0	0.277091252234	1	0	8	0
0	55	0.0	0.277091462118	1	0	7	0
0	59	0.0	0.277091412373	1	0	7	0
0	65	0.0	0.038390316107	1	0	9	0
0	183	0.0	0.277091466581	1	0	6	0
0	184	0.0	0.754198127193	1	0	5	0
0	71	0.0	0.27709136239	1	1	4	0
0	72	0.0	0.038390005039	1	0	8	0
0	73	0.0	0.666392518857	1	0	6	0
0	74	0.0	0.366977205277	1	0	3	0
0	75	0.0	0.03839008304	1	0	8	0
0	79	0.0	0.366977367737	1	0	6	0
0	83	0.0	0.277091119532	1	0	6	0
0	85	0.0	0.670084511792	1	0	4	0
0	103	0.0	0.670084419178	1	0	5	0
0	104	0.0	0.038390230891	1	0	7	0
0	105	0.0	1.25626467802	1	0	3	0
0	112	0.0	0.759749047178	1	0	2	0
0	115	0.0	0.03839021775	1	0	8	0
0	122	0.0	0.038390172139	1	0	8	0
0	128	0.0	0.368820790009	1	0	7	0
0	136	0.0	0.36882069642	1	0	7	0
0	191	0.0	0.666392410219	1	0	6	0
0	140	0.0	0.666392380749	1	0	6	0
0	144	0.0	0.666392350944	1	0	5	0
0	148	0.0	0.754198193967	1	0	3	0
0	194	0.0	0.277091414298	1	0	7	0
0	195	0.0	0.038390153373	1	0	8	0
0	152	0.0	0.754198407433	1	0	2	0
0	153	0.0	0.038390078149	1	0	8	0
0	155	0.0	0.038390345266	1	0	6	0
1	82	NA 	 NA 	0	0	0	0
1	104	NA 	 NA 	0	0	0	0
1	37	NA 	 NA 	0	0	0	0
1	171	0.0	0.744241539479	1	0	0	0
1	68	0.0	0.044228543564	1	0	7	0
1	87	0.0	0.98209737743	1	0	2	0
1	145	0.0	0.38252667812	1	1	5	0
1	193	0.0	0.558944513263	1	0	3	0
1	88	0.0	0.279234872733	1	0	7	0
1	5	0.0	0.3825266624	1	0	6	0
1	134	0.0	0.7442414924	1	1	0	0
1	122	0.0	1.16784949319	1	0	3	0
1	2	0.0	0.366081445178	1	0	4	0
1	117	0.0	0.278002666837	1	0	7	0
1	174	0.0	0.382526354241	1	0	8	0
1	121	0.0	0.278002675318	1	1	7	0
1	125	0.0	0.982097589073	1	1	1	1
1	4	0.0	0.366081587607	1	0	4	0
1	92	0.0	0.366081533285	1	0	4	0
1	78	0.0	0.382526665337	1	0	6	0
1	39	0.0	0.044228541416	1	2	3	1
1	177	0.0	0.558944090084	1	0	4	0
1	16	0.0	0.278002728236	1	1	9	0
1	85	0.0	0.278002309547	1	0	7	0
1	3	0.0	0.382526213459	1	1	4	0
1	12	0.0	0.382526380502	1	0	7	0
1	50	0.0	0.744241638486	1	0	1	0
1	46	0.0	0.044228211199	1	0	9	0
1	97	0.0	0.976988448765	1	1	0	0
1	98	0.0	0.36608163152	1	0	5	0
1	19	0.0	0.278002709084	1	1	8	0
1	107	0.0	0.278002581482	1	2	2	0
1	110	0.0	0.366081357642	1	0	5	0
1	199	0.0	0.279234882329	1	0	7	0
1	167	0.0	0.558944555389	1	0	3	0
1	58	0.0	0.36608101126	1	0	6	0
1	11	0.0	0.278002602136	1	0	8	0
1	69	0.0	0.366081644193	1	0	4	0
1	79	0.0	0.278002708	1	1	7	7
1	1	0.0	0.044228471683	1	0	6	0
1	48	0.0	0.366081570856	1	0	3	0
1	111	0.0	0.644215700369	1	0	5	0
1	51	0.0	0.278002427981	1	0	5	0
1	102	0.0	0.278002460382	1	0	5	0
1	133	0.0	0.278002585057	1	0	6	0
1	52	0.0	0.558944389356	1	0	3	0
1	105	0.0	0.278002154706	1	0	5	0
1	9	0.0	0.366081556452	1	0	2	0
1	89	0.0	0.984955261298	1	0	1	0
1	144	0.0	0.044228559777	1	0	7	0
1	169	0.0	0.987388558306	1	0	5	0
1	128	0.0	0.558944124422	1	0	4	0
1	185	0.0	0.279234761314	1	0	8	0
1	127	0.0	0.278002419634	1	0	9	0
1	57	0.0	0.558944477933	1	0	3	0
1	75	0.0	0.044228573528	1	0	9	0
1	6	0.0	0.382526317718	1	0	7	0
1	91	0.0	0.044228440229	1	0	6	0
1	190	0.0	0.976988643242	1	0	1	0
1	74	0.0	0.558944202662	1	0	3	0
1	149	0.0	0.64421539864	1	2	1	0
1	156	0.0	0.976988633598	1	0	3	0
1	186	0.0	0.278002580384	1	0	7	0
1	44	0.0	0.366081495071	1	0	4	0
1	40	0.0	0.278002722209	1	0	8	0
1	132	0.0	0.044228552863	1	1	9	0
1	183	0.0	0.044228350036	1	0	9	0
1	61	0.0	0.278002369866	1	0	5	0
1	32	0.0	0.044227916316	1	0	9	0
1	152	0.0	0.044228468131	1	0	9	0
1	42	0.0	0.0442284867	1	0	7	4
1	165	0.0	0.644215472199	1	0	6	0
1	15	0.0	0.366081721667	1	1	1	0
1	35	0.0	0.366081492729	1	0	4	0
1	72	0.0	0.558944437015	1	0	4	0
1	60	0.0	0.366081292883	1	0	5	0
1	100	0.0	0.278002373479	1	0	5	0
1	21	0.0	0.382526435827	1	0	6	0
1	194	0.0	0.278002674256	1	0	5	0
1	114	0.0	0.044228530548	1	0	7	0
1	56	0.0	0.278002586613	1	0	7	0
1	81	0.0	0.987388358861	1	0	2	0
1	168	0.0	0.558944539006	1	0	2	0
1	53	0.0	0.278002227074	1	0	8	0
1	159	0.0	0.044228539739	1	1	6	0
1	71	0.0	1.37515274624	1	0	1	0
1	76	0.0	0.278002222085	1	0	10	0
1	189	0.0	0.558944334073	1	0	3	0
1	113	0.0	0.558944428089	1	0	3	9
1	17	0.0	0.04422856863	1	0	8	0
1	20	0.0	0.278002580742	1	1	3	5
1	179	0.0	0.044228198154	1	0	10	0
1	45	0.0	0.044228455451	1	0	10	0
1	22	0.0	0.644215633531	1	0	3	0
1	83	0.0	0.558944478502	1	0	3	0
1	187	0.0	0.558944211492	1	0	3	0
1	33	0.0	0.27800255256	1	0	6	0
1	196	0.0	0.278002392377	1	0	5	0
1	43	0.0	0.382526641897	1	0	6	0
1	106	0.0	0.278002388495	1	0	5	0
1	63	0.0	0.382526411531	1	0	6	0
1	151	0.0	0.279234790807	1	0	7	0
1	142	0.0	0.044228566386	1	0	5	0
1	180	0.0	0.044228381989	1	0	9	0
1	147	0.0	0.36608130249	1	0	3	0
1	155	0.0	0.279234787012	1	0	7	9
1	140	0.0	0.044228278486	1	0	10	0
1	23	0.0	0.04422814268	1	0	7	0
1	77	0.0	0.278002208033	1	0	10	0
1	160	0.0	0.382526326378	1	0	7	0
1	163	0.0	0.982097643379	1	1	1	0
1	175	0.0	0.044228480851	1	0	10	0
1	54	0.0	0.558944595319	1	0	3	0
1	115	0.0	0.382526387961	1	0	6	0
1	0	0.0	0.278002494425	1	0	8	0
1	38	0.0	0.366081075052	1	0	6	0
1	178	0.0	0.278002371042	1	0	5	0
1	25	0.0	0.044228333968	1	0	8	0
1	62	0.0	0.987388665624	1	0	5	7
1	184	0.0	0.044228537908	1	0	4	13
1	166	0.0	0.044228333983	1	0	10	0
1	18	0.0	0.044228396015	1	0	8	0
1	192	0.0	0.278002362351	1	1	7	0
1	101	0.0	0.644215484485	1	0	6	0
1	96	0.0	0.976988621102	1	0	4	0
1	41	0.0	0.044228540256	1	1	5	0
1	109	0.0	0.558944590986	1	0	2	0
1	136	0.0	0.278002513969	1	0	8	0
1	65	0.0	0.558944312601	1	0	4	0
1	164	0.0	0.044228263843	1	0	10	0
1	141	0.0	0.044228364219	1	0	9	0
1	130	0.0	0.382525990852	1	0	4	0
1	99	0.0	0.04422825163	1	0	10	0
1	94	0.0	0.044228224736	1	0	8	0
1	162	0.0	0.044228446064	1	1	2	0
1	150	0.0	0.382526318285	1	0	7	0
1	8	0.0	0.558944728249	1	1	0	0
1	119	0.0	0.366081635099	1	0	2	0
1	7	0.0	0.278002593106	1	0	4	0
1	161	0.0	0.558944314051	1	0	3	0
1	24	0.0	0.558944101393	1	0	4	0
1	14	0.0	0.04422837356	1	0	5	12
1	112	0.0	0.278002215878	1	0	5	0
1	29	0.0	0.278002032857	1	0	5	0
1	143	0.0	0.0442283265	1	0	9	0
1	198	0.0	0.278002377798	1	0	5	0
1	10	0.0	0.278002244112	1	0	6	0
1	153	0.0	0.278002407313	1	0	6	0
1	13	0.0	0.278002555514	1	0	6	0
1	154	0.0	0.278002609424	1	0	6	0
1	26	0.0	0.382526553995	1	0	4	0
1	157	0.0	0.382526000519	1	1	3	0
1	27	0.0	0.382526654789	1	0	6	0
1	28	0.0	0.278002634801	1	0	5	0
1	30	0.0	0.382526717454	1	0	6	0
1	158	0.0	0.366081194488	1	0	6	0
1	31	0.0	0.278002689782	1	0	6	0
1	34	0.0	0.366081165854	1	0	3	0
1	36	0.0	0.558944388547	1	0	4	0
1	47	0.0	0.38252651595	1	0	5	0
1	49	0.0	0.278002029985	1	0	5	0
1	195	0.0	0.558944069845	1	0	4	0
1	55	0.0	0.044228530584	1	0	5	0
1	170	0.0	0.558944544926	1	0	3	0
1	197	0.0	0.044228314323	1	0	10	0
1	172	0.0	0.044228462679	1	0	6	0
1	173	0.0	0.278002577305	1	0	7	0
1	59	0.0	0.044228542644	1	1	6	14
1	64	0.0	0.278002269292	1	0	9	0
1	66	0.0	0.278002699512	1	0	8	0
1	67	0.0	0.382526420139	1	0	5	0
1	176	0.0	0.366081583368	1	0	4	0
1	70	0.0	0.278002068311	1	0	10	0
1	181	0.0	0.366081558306	1	0	4	0
1	182	0.0	0.558944433833	1	0	4	0
1	73	0.0	0.36608150207	1	0	4	2
1	80	0.0	0.366081212606	1	0	6	0
1	84	0.0	0.644215544592	1	0	2	0
1	86	0.0	0.382526353385	1	0	5	0
1	90	0.0	0.382526652132	1	0	6	0
1	93	0.0	0.278002493468	1	0	5	0
1	95	0.0	0.27800230427	1	0	9	0
1	103	0.0	0.644215594278	1	0	6	0
1	108	0.0	0.558944283282	1	0	3	0
1	116	0.0	0.044228294565	1	0	10	0
1	118	0.0	0.558944633255	1	0	2	0
1	120	0.0	0.278002697645	1	0	6	0
1	123	0.0	0.558944576846	1	0	3	0
1	124	0.0	2.37167164227	1	0	1	0
1	126	0.0	0.044228556108	1	0	6	0
1	129	0.0	0.044228313361	1	0	8	0
1	131	0.0	0.982097193108	1	0	3	0
1	135	0.0	0.558944531424	1	0	3	0
1	188	0.0	0.278002569139	1	0	6	0
1	137	0.0	0.044228576201	1	0	9	0
1	138	0.0	0.278002409099	1	0	7	0
1	139	0.0	0.984955165498	1	0	1	0
1	191	0.0	0.278002285737	1	0	7	0
1	146	0.0	0.3660813963	1	0	4	14
1	148	0.0	0.278002390954	1	0	5	0
2	80	NA 	 NA 	0	0	0	0
2	98	NA 	 NA 	0	0	0	0
2	53	NA 	 NA 	0	0	0	0
2	43	NA 	 NA 	0	0	0	0
2	33	NA 	 NA 	0	0	0	0
2	87	NA 	 NA 	0	0	0	0
2	157	0.0	0.050921983043	1	0	11	0
2	123	0.0	0.273971049654	1	0	7	0
2	23	0.0	0.383188069709	1	0	8	0
2	68	0.0	0.383187686318	1	1	8	0
2	149	0.0	0.867783036202	1	0	3	0
2	82	0.0	0.384225945268	1	0	5	0
2	78	0.0	0.38318804839	1	0	11	0
2	139	0.0	0.27397096862	1	0	7	0
2	37	0.0	1.16164662557	1	1	0	0
2	1	0.0	0.273970630951	1	1	6	0
2	13	0.0	0.273970839152	1	0	7	0
2	72	0.0	1.28221266945	1	0	2	0
2	25	0.0	0.86778307413	1	0	4	0
2	22	0.0	0.663726865334	1	0	2	0
2	116	0.0	0.674477985061	1	0	5	0
2	42	0.0	0.050921608942	1	0	9	0
2	44	0.0	0.663727003794	1	0	6	0
2	114	0.0	0.273970890225	1	0	9	0
2	19	0.0	0.273970696885	1	0	6	0
2	166	0.0	0.383187784492	1	0	8	0
2	165	0.0	0.384225734195	1	1	9	0
2	121	0.0	0.385250176536	1	0	4	0
2	179	0.0	0.273970659518	1	0	9	0
2	159	0.0	0.050921628596	1	0	7	0
2	76	0.0	0.388414026726	1	0	4	0
2	133	0.0	0.384225530687	1	0	10	0
2	101	0.0	0.273970647275	1	0	6	0
2	140	0.0	0.050921760565	1	1	9	0
2	187	0.0	0.050921771343	1	0	8	0
2	30	0.0	0.273970969014	1	0	7	0
2	77	0.0	0.384225342224	1	0	7	0
2	85	0.0	0.383187602406	1	0	8	0
2	31	0.0	0.273970917886	1	0	7	0
2	108	0.0	0.05092166315	1	0	11	0
2	151	0.0	0.384225847723	1	1	9	0
2	45	0.0	0.663727018269	1	0	8	0
2	36	0.0	0.663727149455	1	0	3	0
2	162	0.0	0.384225759708	1	0	3	0
2	38	0.0	0.273970951915	1	0	9	0
2	102	0.0	0.986190388187	1	0	2	0
2	49	0.0	0.38422582383	1	0	6	0
2	146	0.0	0.383187663504	1	0	8	0
2	104	0.0	0.273971090727	1	0	10	0
2	51	0.0	0.050921631952	1	0	11	0
2	144	0.0	0.0509217543	1	0	10	0
2	111	0.0	0.050921357706	1	0	10	0
2	130	0.0	0.384225761525	1	0	11	0
2	74	0.0	0.384225350125	1	0	6	0
2	129	0.0	0.386095753168	1	0	8	0
2	142	0.0	0.384225629119	1	0	10	0
2	176	0.0	0.273970988633	1	0	7	0
2	8	0.0	0.663727101773	1	0	4	0
2	0	0.0	0.764051732009	1	0	4	0
2	29	0.0	0.38318806326	1	0	7	5
2	158	0.0	0.383187721438	1	0	9	0
2	119	0.0	0.383187447571	1	1	8	0
2	7	0.0	0.273970615296	1	0	6	0
2	192	0.0	0.383188002448	1	0	6	9
2	178	0.0	0.050921743085	1	0	9	9
2	184	0.0	0.663727140126	1	0	6	0
2	154	0.0	0.050921677218	1	0	7	0
2	81	0.0	0.273971054664	1	0	9	0
2	6	0.0	0.050921943372	1	2	4	0
2	126	0.0	0.273971158157	1	2	2	0
2	57	0.0	0.663726832073	1	0	4	0
2	132	0.0	0.050921714158	1	0	9	0
2	194	0.0	0.758475090573	1	1	6	0
2	11	0.0	0.273970884871	1	0	7	0
2	3	0.0	1.16164689313	1	0	3	0
2	91	0.0	0.674478032382	1	0	5	0
2	191	0.0	0.050921935812	1	0	9	0
2	12	0.0	0.05092179181	1	1	9	0
2	73	0.0	0.383187390853	1	0	6	0
2	153	0.0	0.050921474532	1	0	12	0
2	10	0.0	0.758475078908	1	1	6	0
2	15	0.0	0.675554165619	1	0	4	0
2	127	0.0	0.273970684255	1	0	11	0
2	50	0.0	0.758475071111	1	1	6	0
2	96	0.0	0.384225789488	1	0	11	5
2	106	0.0	0.050921622158	1	0	9	0
2	163	0.0	0.273971051355	1	0	13	0
2	70	0.0	0.383187994315	1	0	11	0
2	170	0.0	0.050921963242	1	0	9	0
2	150	0.0	0.273970991926	1	0	7	0
2	48	0.0	0.384225493047	1	0	10	0
2	24	0.0	0.273970716843	1	0	7	0
2	32	0.0	0.050921976222	1	1	10	0
2	175	0.0	0.3831880068	1	0	6	0
2	161	0.0	0.383188028673	1	0	8	0
2	156	0.0	0.050921761018	1	0	9	0
2	34	0.0	0.674478062791	1	0	5	0
2	84	0.0	0.674478059233	1	0	3	0
2	141	0.0	0.273970982253	1	0	9	0
2	131	0.0	0.050921962405	1	1	7	0
2	174	0.0	1.16164696832	1	0	6	0
2	155	0.0	0.273971135749	1	0	7	0
2	86	0.0	0.384225675777	1	0	10	0
2	41	0.0	0.384225816861	1	0	10	0
2	18	0.0	0.383187958772	1	1	6	0
2	65	0.0	0.273971077563	1	0	7	0
2	109	0.0	0.050921855394	1	0	10	0
2	125	0.0	0.38318797612	1	0	8	0
2	137	0.0	0.384225756639	1	0	11	0
2	46	0.0	1.98833588489	1	0	2	0
2	190	0.0	0.050921906403	1	0	7	0
2	122	0.0	0.383187759997	1	1	7	0
2	181	0.0	0.383187493844	1	0	7	0
2	4	0.0	0.674478085984	1	0	5	0
2	2	0.0	0.764051957715	1	0	1	0
2	188	0.0	0.273970578918	1	0	4	0
2	173	0.0	0.385250143732	1	0	5	0
2	17	0.0	0.273970779238	1	0	11	0
2	195	0.0	0.05092195361	1	0	9	0
2	97	0.0	0.66372680704	1	0	6	0
2	90	0.0	0.384225792057	1	0	10	0
2	128	0.0	0.273970961987	1	0	8	0
2	152	0.0	0.663726878001	1	0	8	0
2	21	0.0	0.273970820238	1	0	7	0
2	136	0.0	0.050921787918	1	0	7	0
2	27	0.0	0.273970562934	1	2	2	0
2	67	0.0	0.27397093197	1	0	7	0
2	117	0.0	0.383188059896	1	0	8	0
2	171	0.0	0.273970645294	1	0	6	0
2	69	0.0	0.867782997888	1	0	5	0
2	177	0.0	0.273970957745	1	0	7	0
2	93	0.0	0.273971075975	1	0	10	0
2	167	0.0	0.663726806438	1	0	6	0
2	75	0.0	0.050921987136	1	1	10	0
2	143	0.0	0.384225640109	1	0	9	0
2	88	0.0	0.383187644921	1	0	8	0
2	94	0.0	0.38318761923	1	0	6	0
2	115	0.0	0.050921954669	1	1	7	0
2	112	0.0	0.050921856364	1	0	6	0
2	20	0.0	0.27397109452	1	0	3	0
2	5	0.0	0.663726476989	1	0	3	0
2	199	0.0	0.764051947116	1	0	5	0
2	160	0.0	0.674478034322	1	0	5	0
2	9	0.0	0.385250151872	1	0	10	0
2	193	0.0	0.050921881383	1	0	6	0
2	14	0.0	0.050921670733	1	0	9	0
2	16	0.0	0.383188048126	1	0	8	0
2	26	0.0	0.050921867617	1	0	10	0
2	28	0.0	0.386313335729	1	1	5	0
2	164	0.0	0.273970696319	1	0	7	0
2	35	0.0	0.273971007823	1	0	7	0
2	168	0.0	0.6744780953	1	0	2	0
2	39	0.0	0.663726617978	1	0	3	0
2	40	0.0	0.384225590584	1	0	4	0
2	47	0.0	0.050921760152	1	0	10	1
2	169	0.0	0.675554293985	1	1	2	0
2	52	0.0	0.867783041528	1	1	2	0
2	54	0.0	0.05092183797	1	1	10	0
2	172	0.0	0.384225934248	1	1	9	0
2	55	0.0	0.383188078703	1	0	8	0
2	56	0.0	0.867783079376	1	2	1	0
2	58	0.0	0.674478130269	1	0	5	0
2	59	0.0	0.27397074501	1	0	7	0
2	60	0.0	0.675554253153	1	1	2	0
2	61	0.0	0.384225508319	1	0	10	0
2	62	0.0	0.685421111637	1	1	4	0
2	63	0.0	0.38318797547	1	0	9	0
2	64	0.0	0.27397077078	1	0	6	0
2	66	0.0	0.675554273128	1	1	2	0
2	71	0.0	0.050921756503	1	1	7	0
2	196	0.0	0.383188047466	1	0	6	0
2	180	0.0	0.273970818042	1	0	7	0
2	198	0.0	0.050921956254	1	0	9	0
2	79	0.0	0.273971043827	1	0	4	0
2	182	0.0	0.273971061332	1	0	9	0
2	83	0.0	0.050921647121	1	0	8	0
2	183	0.0	0.385250189237	1	1	8	0
2	89	0.0	0.273971003147	1	0	12	0
2	92	0.0	0.050921931423	1	0	8	0
2	95	0.0	0.050921958764	1	0	9	0
2	99	0.0	1.1626973583	1	0	4	0
2	100	0.0	0.764051697816	1	0	3	0
2	103	0.0	0.273971046988	1	0	7	0
2	105	0.0	0.273971005816	1	0	12	0
2	107	0.0	0.663726661039	1	0	6	0
2	110	0.0	0.273970979802	1	0	7	0
2	185	0.0	0.76405210855	1	1	0	0
2	113	0.0	0.385250179911	1	1	9	1
2	118	0.0	0.385250101438	1	0	8	0
2	120	0.0	0.050921353845	1	0	10	0
2	186	0.0	0.273971003968	1	0	12	0
2	124	0.0	0.273971129163	1	0	13	0
2	134	0.0	0.273971106782	1	0	7	0
2	135	0.0	0.273970769449	1	0	8	0
2	197	0.0	0.38525030109	1	0	8	0
2	138	0.0	0.384225284642	1	0	7	0
2	189	0.0	0.273970861714	1	0	12	0
2	145	0.0	0.273970990977	1	0	7	0
2	147	0.0	0.273970865007	1	0	7	0
2	148	0.0	0.6637266284	1	0	2	0
3	112	NA 	 NA 	0	0	0	0
3	102	NA 	 NA 	0	0	0	0
3	108	NA 	 NA 	0	0	0	0
3	185	NA 	 NA 	0	0	0	0
3	88	0.0	0.357201848885	1	0	4	0
3	100	0.0	0.357202314578	1	0	4	0
3	96	0.0	0.574817436852	1	0	7	0
3	80	0.0	0.756318108697	1	0	5	0
3	13	0.0	0.357201733152	1	0	5	0
3	32	0.0	0.756318139844	1	0	5	0
3	81	0.0	0.360586730702	1	2	0	0
3	2	0.0	0.274166929744	1	1	9	1
3	121	0.0	0.75631839375	1	1	1	0
3	155	0.0	0.037988262267	1	0	10	0
3	46	0.0	0.360586767408	1	0	2	0
3	118	0.0	1.23793626263	1	0	2	0
3	89	0.0	1.34049725684	1	1	2	0
3	6	0.0	0.357201956323	1	0	7	0
3	78	0.0	0.274166972577	1	0	9	0
3	184	0.0	0.274167198637	1	0	9	0
3	167	0.0	0.981304261466	1	0	1	0
3	28	0.0	0.274166919427	1	1	9	0
3	154	0.0	0.656227213835	1	0	3	0
3	128	0.0	1.58168100944	1	0	2	0
3	162	0.0	0.274167062384	1	1	9	1
3	183	0.0	0.274167270464	1	1	10	0
3	40	0.0	0.274167002718	1	0	9	0
3	7	0.0	0.656227057801	1	1	1	0
3	137	0.0	0.656227133965	1	0	2	0
3	21	0.0	0.575907057888	1	0	9	0
3	82	0.0	0.737922914083	1	0	1	0
3	124	0.0	0.6562269859	1	0	2	0
3	54	0.0	0.656226706469	1	0	2	0
3	135	0.0	0.574817125542	1	0	5	0
3	109	0.0	0.981304132619	1	0	1	0
3	117	0.0	0.037988184329	1	0	10	0
3	3	0.0	0.274166654924	1	0	10	0
3	122	0.0	0.357202129922	1	0	5	0
3	99	0.0	0.357202118471	1	0	5	0
3	79	0.0	0.882435365393	1	0	6	0
3	176	0.0	0.981304079547	1	0	1	0
3	30	0.0	0.037988042966	1	0	8	0
3	0	0.0	0.574817397819	1	0	4	0
3	161	0.0	0.037988263729	1	1	6	0
3	24	0.0	0.037987934543	1	0	8	0
3	1	0.0	0.357202141739	1	0	5	0
3	138	0.0	0.656227100393	1	0	2	0
3	72	0.0	0.357202042382	1	0	5	0
3	37	0.0	0.656227340445	1	0	2	0
3	29	0.0	0.27416700379	1	0	10	0
3	198	0.0	0.274167420024	1	0	9	0
3	92	0.0	0.357202270281	1	0	5	14
3	43	0.0	0.037987634185	1	0	8	0
3	136	0.0	0.037987867964	1	0	11	0
3	60	0.0	0.357202411561	1	0	7	0
3	73	0.0	0.357202288674	1	0	5	0
3	16	0.0	0.274167339082	1	0	6	0
3	18	0.0	0.274167317539	1	0	6	0
3	101	0.0	1.23793591322	1	0	2	0
3	191	0.0	0.574817404415	1	0	5	0
3	42	0.0	0.36058682743	1	2	2	0
3	115	0.0	0.037987854123	1	0	7	0
3	57	0.0	0.037988265064	1	0	8	0
3	69	0.0	0.756318107733	1	0	3	0
3	75	0.0	0.574817418915	1	0	2	0
3	4	0.0	1.23793622996	1	0	3	0
3	36	0.0	0.037988252398	1	0	7	12
3	132	0.0	0.037988101492	1	1	9	0
3	145	0.0	0.037987908926	1	0	11	0
3	56	0.0	0.274166917121	1	0	9	0
3	93	0.0	0.037987855825	1	0	8	0
3	66	0.0	1.23793596022	1	0	2	0
3	105	0.0	0.357201826455	1	0	5	0
3	26	0.0	0.656227217441	1	0	2	0
3	189	0.0	0.037987600107	1	0	10	0
3	157	0.0	0.037988120827	1	0	9	0
3	169	0.0	1.23793592774	1	0	2	0
3	148	0.0	0.27662167852	1	0	7	0
3	141	0.0	1.34049720323	1	1	2	0
3	44	0.0	0.037988040627	1	0	9	0
3	84	0.0	0.756318144365	1	1	3	0
3	178	0.0	0.656226735396	1	0	2	0
3	67	0.0	0.037987948497	1	0	10	5
3	196	0.0	0.357202037036	1	0	5	0
3	14	0.0	0.357202271111	1	0	6	0
3	199	0.0	0.574817312166	1	0	5	0
3	90	0.0	0.357202413096	1	1	1	0
3	156	0.0	0.274166653994	1	0	9	0
3	173	0.0	0.274167338123	1	0	6	0
3	152	0.0	0.65622717522	1	0	2	0
3	77	0.0	0.274167312676	1	0	10	0
3	74	0.0	0.656226973619	1	0	2	0
3	127	0.0	0.037988031018	1	0	8	0
3	11	0.0	0.274167084962	1	1	8	0
3	49	0.0	0.27416732319	1	0	6	0
3	172	0.0	0.037988008424	1	0	7	0
3	164	0.0	0.037988261965	1	1	10	0
3	86	0.0	0.037988278863	1	0	10	0
3	17	0.0	0.037987927117	1	0	8	13
3	120	0.0	0.03798788699	1	0	11	0
3	144	0.0	0.75631840261	1	0	5	0
3	22	0.0	0.35720212995	1	0	6	0
3	149	0.0	0.274167002328	1	1	8	0
3	15	0.0	0.575906968741	1	0	8	0
3	103	0.0	0.037988021486	1	0	6	17
3	51	0.0	0.357202246783	1	0	5	0
3	179	0.0	0.656227253644	1	0	2	0
3	142	0.0	0.274166755706	1	0	10	0
3	48	0.0	0.357202287749	1	0	5	0
3	76	0.0	1.23793627918	1	2	0	2
3	63	0.0	0.276621643015	1	0	4	0
3	38	0.0	0.756317964804	1	0	3	0
3	8	0.0	0.357202436786	1	0	4	0
3	23	0.0	0.037988058174	1	0	9	0
3	126	0.0	0.357202153764	1	0	5	0
3	71	0.0	0.037988041293	1	0	10	0
3	47	0.0	0.35720190837	1	0	7	0
3	113	0.0	0.756318402729	1	0	5	0
3	119	0.0	0.274167122667	1	0	11	0
3	59	0.0	0.882435290438	1	0	5	0
3	165	0.0	0.65622706949	1	0	2	0
3	9	0.0	0.574817423174	1	0	8	0
3	45	0.0	0.357201797728	1	0	5	0
3	197	0.0	0.756318246733	1	0	4	0
3	174	0.0	1.34049725355	1	1	2	0
3	106	0.0	0.037988018456	1	0	10	0
3	180	0.0	0.882435323363	1	0	7	0
3	35	0.0	0.274166981276	1	1	8	0
3	134	0.0	0.037987978215	1	1	9	0
3	20	0.0	0.57590705681	1	0	8	0
3	151	0.0	0.656226913902	1	0	3	0
3	70	0.0	1.23793602331	1	0	2	0
3	27	0.0	0.03798798466	1	0	10	0
3	160	0.0	0.274167302353	1	0	6	0
3	50	0.0	0.037988092896	1	1	3	0
3	150	0.0	0.274167014741	1	0	10	0
3	34	0.0	0.274167429961	1	1	3	0
3	104	0.0	0.037987933724	1	0	12	0
3	94	0.0	0.037987925062	1	0	11	0
3	53	0.0	0.274167363614	1	0	10	0
3	147	0.0	0.037988139531	1	1	3	0
3	19	0.0	0.274167176628	1	0	9	0
3	140	0.0	0.882435350202	1	0	7	0
3	139	0.0	0.656227409021	1	0	2	0
3	107	0.0	0.274167357201	1	0	5	0
3	31	0.0	0.656227115115	1	0	2	0
3	114	0.0	0.574817034009	1	0	6	0
3	116	0.0	0.037988073476	1	0	9	3
3	186	0.0	0.756318082018	1	0	5	0
3	190	0.0	0.037988093127	1	0	9	0
3	129	0.0	0.574817224848	1	0	8	0
3	195	0.0	0.274167261579	1	0	7	0
3	159	0.0	0.7379226417	1	0	1	0
3	158	0.0	0.574817208164	1	0	8	0
3	58	0.0	0.942020556575	1	0	1	0
3	55	0.0	0.656226933921	1	1	1	0
3	5	0.0	0.03798801526	1	0	8	5
3	153	0.0	0.574817176512	1	0	7	0
3	10	0.0	0.274167101299	1	0	11	0
3	12	0.0	0.574817210185	1	0	8	0
3	192	0.0	0.037988117811	1	0	9	0
3	193	0.0	0.737922955589	1	1	0	0
3	25	0.0	0.037987770382	1	0	9	0
3	163	0.0	0.274167381754	1	0	8	0
3	33	0.0	0.274167300912	1	0	10	0
3	194	0.0	0.574817295727	1	0	8	1
3	39	0.0	0.357202409784	1	0	6	0
3	41	0.0	0.357202187163	1	0	5	0
3	166	0.0	0.037987976503	1	0	10	0
3	168	0.0	0.75631841948	1	0	4	0
3	170	0.0	0.037987933105	1	0	8	0
3	52	0.0	1.23793623272	1	0	3	0
3	171	0.0	0.360586841732	1	0	5	0
3	175	0.0	0.574817378203	1	0	1	0
3	61	0.0	0.274167296656	1	0	11	0
3	62	0.0	0.274167416945	1	0	7	0
3	64	0.0	0.357202155649	1	0	5	12
3	65	0.0	0.274167317849	1	0	6	0
3	68	0.0	0.274167031356	1	1	9	1
3	177	0.0	0.574817184404	1	0	8	0
3	83	0.0	0.274167263337	1	0	13	0
3	85	0.0	0.037987652871	1	0	9	0
3	87	0.0	0.274167337914	1	0	6	0
3	91	0.0	0.357201911417	1	0	6	0
3	95	0.0	0.574817304392	1	0	5	0
3	97	0.0	0.274167248319	1	0	8	0
3	98	0.0	0.037988156681	1	0	9	0
3	181	0.0	0.274167185942	1	0	9	0
3	110	0.0	0.274167118327	1	1	9	0
3	111	0.0	0.57481733857	1	0	5	0
3	182	0.0	0.27416713779	1	1	9	1
3	123	0.0	0.942020606269	1	0	2	0
3	125	0.0	0.037988259461	1	0	10	0
3	130	0.0	0.037988067182	1	1	3	0
3	131	0.0	0.274166811887	1	1	8	0
3	133	0.0	1.34049739448	1	0	5	0
3	187	0.0	0.037988188684	1	0	6	0
3	143	0.0	0.94098298873	1	0	5	0
3	146	0.0	0.037987938997	1	0	8	0
3	188	0.0	0.574817203997	1	0	9	0
4	148	NA 	 NA 	0	0	0	0
4	84	NA 	 NA 	0	0	0	0
4	169	NA 	 NA 	0	0	0	0
4	14	NA 	 NA 	0	0	0	0
4	36	NA 	 NA 	0	0	0	0
4	33	0.0	0.349869562403	1	0	6	0
4	88	0.0	0.77073465166	1	1	1	0
4	190	0.0	0.049894868237	1	0	10	0
4	127	0.0	0.950428667695	1	0	3	0
4	19	0.0	0.281625869973	1	0	5	0
4	111	0.0	0.589113787656	1	0	4	0
4	11	0.0	0.283817734943	1	2	1	0
4	73	0.0	0.589007773512	1	0	3	0
4	121	0.0	1.26985051892	1	0	2	0
4	189	0.0	0.049895445749	1	0	8	0
4	85	0.0	0.279951571048	1	0	9	0
4	164	0.0	0.770734628152	1	0	4	2
4	118	0.0	0.279951601193	1	0	9	0
4	59	0.0	0.049895170043	1	1	6	0
4	48	0.0	0.049894928464	1	0	9	0
4	100	0.0	0.770734325014	1	1	1	0
4	124	0.0	0.049895402513	1	0	10	0
4	87	0.0	0.27995167049	1	1	7	0
4	31	0.0	0.349869521827	1	0	5	0
4	18	0.0	0.049895205324	1	0	7	0
4	74	0.0	0.279951295867	1	0	9	0
4	110	0.0	0.279951654823	1	0	7	0
4	171	0.0	0.34986940746	1	0	5	0
4	20	0.0	0.349869187103	1	0	4	1
4	29	0.0	0.279951260278	1	0	8	0
4	80	0.0	0.349869494007	1	0	3	0
4	24	0.0	0.77073452315	1	0	4	0
4	57	0.0	0.283817626646	1	0	4	0
4	96	0.0	0.764143645424	1	1	0	0
4	22	0.0	1.05155916461	1	0	1	0
4	50	0.0	0.770734302812	1	0	4	0
4	193	0.0	1.1791585881	1	1	0	0
4	61	0.0	0.950428667881	1	0	2	0
4	79	0.0	0.049895472414	1	0	9	1
4	70	0.0	0.950428341713	1	0	4	0
4	188	0.0	0.589007568164	1	0	3	0
4	155	0.0	0.95042853261	1	0	2	0
4	54	0.0	0.770734198676	1	0	4	0
4	91	0.0	0.283817632969	1	0	7	0
4	179	0.0	0.34986943353	1	0	5	0
4	159	0.0	0.279951493148	1	0	8	0
4	128	0.0	0.281625950111	1	0	7	0
4	4	0.0	0.049895170028	1	0	10	0
4	68	0.0	0.950428513968	1	0	2	0
4	132	0.0	0.349869526502	1	0	5	0
4	77	0.0	0.586917348329	1	0	5	7
4	185	0.0	0.585801529706	1	0	7	0
4	15	0.0	0.279951597532	1	0	7	0
4	6	0.0	0.049895369413	1	0	7	0
4	165	0.0	0.049894841222	1	0	10	0
4	156	0.0	0.049895472545	1	0	5	0
4	192	0.0	0.349869586483	1	0	2	0
4	180	0.0	0.279951543856	1	0	9	0
4	95	0.0	0.049895	1	0	9	0
4	13	0.0	0.950428101613	1	0	3	0
4	65	0.0	0.682434378978	1	0	3	0
4	168	0.0	0.349869230646	1	0	3	0
4	94	0.0	0.049895279496	1	0	10	13
4	197	0.0	0.049895212672	1	1	6	0
4	46	0.0	0.586917517082	1	2	0	0
4	78	0.0	0.279951528094	1	0	9	7
4	105	0.0	0.279951474095	1	0	10	0
4	27	0.0	0.049895169464	1	1	6	0
4	55	0.0	0.950428570357	1	0	4	11
4	126	0.0	0.349869209942	1	0	3	0
4	182	0.0	0.049895462456	1	1	6	0
4	66	0.0	0.279951282664	1	0	10	0
4	17	0.0	0.589007801408	1	0	3	0
4	45	0.0	0.049895503536	1	0	7	0
4	181	0.0	0.049895331961	1	0	9	0
4	92	0.0	0.589113740239	1	0	4	0
4	12	0.0	0.049895337852	1	0	9	0
4	82	0.0	0.950428161248	1	1	1	0
4	56	0.0	0.682434148443	1	0	2	0
4	139	0.0	0.682434332274	1	0	3	0
4	107	0.0	0.770734559347	1	0	2	0
4	42	0.0	0.770734463216	1	0	4	0
4	35	0.0	0.283817653332	1	0	7	0
4	174	0.0	0.682434152821	1	0	2	0
4	99	0.0	0.049895229548	1	0	9	0
4	125	0.0	0.349869556249	1	0	4	0
4	9	0.0	0.950428224064	1	0	2	0
4	123	0.0	0.049895143913	1	0	11	0
4	172	0.0	0.279951246464	1	1	7	0
4	166	0.0	0.049895278221	1	1	8	0
4	161	0.0	0.049895486668	1	2	3	0
4	58	0.0	0.585801375044	1	0	6	0
4	183	0.0	0.04989515164	1	0	10	0
4	10	0.0	0.349869540046	1	0	6	0
4	53	0.0	0.770734506319	1	0	4	0
4	134	0.0	0.770734169611	1	0	4	0
4	2	0.0	0.049895383214	1	0	9	0
4	98	0.0	0.049895491229	1	0	8	0
4	194	0.0	0.0498955093	1	0	10	0
4	191	0.0	1.09044997757	1	1	0	0
4	138	0.0	0.049894962216	1	0	10	0
4	8	0.0	0.28381763807	1	0	4	0
4	136	0.0	0.764143178912	1	0	2	0
4	41	0.0	0.281626065679	1	0	5	0
4	86	0.0	0.279951619431	1	0	9	0
4	113	0.0	0.04989548366	1	0	8	0
4	83	0.0	0.586917411027	1	0	4	0
4	26	0.0	0.283817573684	1	0	5	0
4	133	0.0	0.95042850801	1	0	2	0
4	112	0.0	0.349869155859	1	0	4	0
4	25	0.0	0.58580161794	1	0	6	0
4	39	0.0	0.950428355697	1	0	3	0
4	75	0.0	0.049895417164	1	0	7	0
4	101	0.0	0.770734465191	1	0	4	0
4	157	0.0	0.589007755096	1	0	3	0
4	175	0.0	0.764143085322	1	0	2	0
4	114	0.0	0.279951313681	1	0	9	0
4	108	0.0	0.27995150659	1	0	10	0
4	3	0.0	0.770734617475	1	0	3	0
4	76	0.0	0.283817554548	1	0	5	0
4	160	0.0	0.279951477796	1	0	10	0
4	147	0.0	0.049895358575	1	0	8	0
4	28	0.0	0.770734589623	1	0	2	0
4	146	0.0	0.349869542942	1	1	3	0
4	130	0.0	0.770734291197	1	1	1	0
4	90	0.0	0.049895307835	1	0	10	0
4	63	0.0	0.049895155753	1	0	11	0
4	102	0.0	0.950428104755	1	1	1	0
4	93	0.0	0.770734500052	1	0	4	0
4	143	0.0	0.585801636856	1	1	3	0
4	21	0.0	0.349869477939	1	0	5	0
4	72	0.0	0.049895120257	1	0	9	0
4	199	0.0	0.281625815037	1	0	7	0
4	150	0.0	0.279951647619	1	0	7	0
4	184	0.0	0.283817672308	1	0	4	0
4	152	0.0	1.08373434569	1	0	2	0
4	32	0.0	0.585801560625	1	0	8	0
4	119	0.0	0.349869169995	1	0	3	0
4	129	0.0	0.950428427248	1	0	3	0
4	198	0.0	0.950428494471	1	0	3	0
4	115	0.0	0.279951654831	1	0	9	0
4	187	0.0	0.049895493161	1	1	9	0
4	106	0.0	0.279951526643	1	0	8	0
4	176	0.0	0.349869519209	1	1	2	0
4	122	0.0	0.279951541521	1	0	10	0
4	109	0.0	0.27995147193	1	0	9	0
4	51	0.0	0.950428501938	1	0	3	0
4	81	0.0	0.349869356506	1	0	5	0
4	1	0.0	0.279951597606	1	0	9	0
4	40	0.0	0.950428584387	1	0	2	0
4	140	0.0	0.585801509762	1	0	7	0
4	0	0.0	0.770734645921	1	0	4	0
4	5	0.0	0.279951477207	1	0	9	0
4	7	0.0	0.279951481225	1	0	9	0
4	16	0.0	0.585801590477	1	0	5	0
4	145	0.0	0.349869551129	1	0	5	0
4	23	0.0	0.349869490599	1	0	5	0
4	149	0.0	0.585801497347	1	0	6	0
4	30	0.0	0.279951536119	1	0	7	0
4	151	0.0	0.349869637431	1	0	6	0
4	34	0.0	0.682434008737	1	0	2	0
4	37	0.0	1.08373451728	1	0	2	0
4	153	0.0	0.585801514456	1	0	6	0
4	144	0.0	1.08813874619	1	0	2	0
4	38	0.0	0.58691752225	1	0	4	0
4	154	0.0	0.950428548056	1	0	3	0
4	43	0.0	0.585801646622	1	0	5	20
4	44	0.0	0.279951569686	1	0	9	0
4	158	0.0	1.08373448073	1	0	2	0
4	47	0.0	0.950428373242	1	0	2	0
4	49	0.0	0.349869418698	1	1	2	0
4	162	0.0	0.764143517207	1	0	2	0
4	163	0.0	0.770734579812	1	0	4	0
4	52	0.0	0.049895212581	1	0	10	0
4	167	0.0	0.950428582454	1	0	3	0
4	60	0.0	0.283817591962	1	0	6	0
4	62	0.0	0.585801581174	1	0	8	0
4	170	0.0	0.049895251405	1	0	9	0
4	64	0.0	0.281625848358	1	0	7	0
4	195	0.0	0.349869291206	1	0	3	0
4	67	0.0	0.049895326307	1	0	8	0
4	173	0.0	0.049895431074	1	1	6	0
4	196	0.0	0.049895330765	1	0	9	0
4	69	0.0	0.770734626213	1	0	4	0
4	71	0.0	0.770734633115	1	0	4	0
4	177	0.0	0.585801534795	1	0	5	0
4	89	0.0	0.049895163969	1	0	10	21
4	97	0.0	0.283817471365	1	0	6	0
4	178	0.0	0.281625781235	1	0	7	0
4	103	0.0	0.281625946235	1	0	6	0
4	104	0.0	0.279951565633	1	0	9	0
4	116	0.0	0.049895166338	1	0	7	0
4	117	0.0	0.950428028465	1	0	3	0
4	120	0.0	0.349869182087	1	0	4	0
4	186	0.0	1.08373461575	1	0	3	0
4	131	0.0	1.08373454118	1	0	2	11
4	135	0.0	0.281626064388	1	0	7	0
4	137	0.0	0.586917506665	1	0	4	7
4	141	0.0	0.349869572636	1	0	5	0
4	142	0.0	0.049895408598	1	1	9	13
5	135	NA 	 NA 	0	0	0	0
5	141	NA 	 NA 	0	0	0	0
5	114	NA 	 NA 	0	0	0	0
5	122	0.0	1.75492567238	1	0	0	0
5	196	0.0	0.05098661009	1	0	20	0
5	65	0.0	0.281173184642	1	0	13	0
5	188	0.0	1.35352212264	1	0	4	0
5	97	0.0	0.887881177042	1	0	6	0
5	131	0.0	1.18859571244	1	0	5	0
5	153	0.0	0.050987058452	1	0	10	0
5	42	0.0	1.18859572971	1	0	2	0
5	59	0.0	0.281172866991	1	0	17	8
5	186	0.0	0.658852071444	1	0	4	0
5	184	0.0	0.95199834001	1	0	2	0
5	29	0.0	0.887880907774	1	1	5	0
5	13	0.0	0.281173138276	1	0	15	0
5	36	0.0	0.582230930394	1	0	3	0
5	48	0.0	0.281172715282	1	0	16	0
5	100	0.0	0.050986711425	1	2	12	0
5	67	0.0	0.281172856064	1	0	15	0
5	157	0.0	0.65885211747	1	0	3	0
5	126	0.0	0.281172938689	1	0	16	0
5	93	0.0	0.283562508548	1	0	7	0
5	161	0.0	0.050986844483	1	2	12	0
5	167	0.0	0.281172972191	1	0	16	0
5	82	0.0	0.281173251212	1	2	3	0
5	140	0.0	0.658851668458	1	1	2	0
5	87	0.0	0.050986866663	1	2	13	0
5	4	0.0	0.050987064485	1	0	17	0
5	79	0.0	0.281173120382	1	0	10	0
5	155	0.0	1.35352218624	1	0	4	1
5	11	0.0	1.08109519625	1	0	2	0
5	37	0.0	0.284599712876	1	0	9	0
5	12	0.0	0.950896096872	1	0	2	0
5	181	0.0	0.950896110333	1	0	4	0
5	18	0.0	0.658851948198	1	0	3	0
5	163	0.0	0.281172722549	1	0	16	0
5	3	0.0	0.658851623402	1	0	4	0
5	185	0.0	0.951998390807	1	0	2	0
5	138	0.0	0.281172843302	1	0	15	0
5	168	0.0	0.950896097703	1	0	4	0
5	85	0.0	0.281173010558	1	0	12	0
5	171	0.0	0.050986832165	1	0	15	0
5	149	0.0	0.050986787679	1	0	16	0
5	43	0.0	1.25090898923	1	0	4	0
5	75	0.0	0.658851823921	1	0	5	0
5	2	0.0	0.887880808356	1	1	5	0
5	101	0.0	0.285650057378	1	0	9	0
5	53	0.0	0.050986847017	1	0	17	0
5	81	0.0	0.050986976921	1	0	12	0
5	120	0.0	0.281173098996	1	0	11	0
5	110	0.0	0.887881231661	1	0	6	0
5	38	0.0	0.658852096948	1	0	5	0
5	96	0.0	0.658851529437	1	0	4	0
5	94	0.0	0.050987060413	1	0	17	0
5	134	0.0	0.281172933749	1	0	14	1
5	174	0.0	0.658851509608	1	0	4	0
5	68	0.0	0.050986844245	1	0	12	0
5	148	0.0	0.283562553666	1	0	5	0
5	152	0.0	0.951998362065	1	0	2	0
5	102	0.0	0.281173205062	1	0	10	0
5	7	0.0	0.283562512385	1	0	12	0
5	106	0.0	0.050986731988	1	0	15	0
5	158	0.0	0.05098675684	1	0	15	0
5	78	0.0	0.050986836601	1	0	15	3
5	119	0.0	1.6852288893	1	0	1	0
5	45	0.0	0.050986706459	1	1	14	0
5	41	0.0	0.285650068083	1	0	9	0
5	66	0.0	0.281173120263	1	0	11	0
5	113	0.0	0.050986732489	1	0	18	7
5	91	0.0	1.25090906342	1	0	4	0
5	125	0.0	0.658851874413	1	0	3	0
5	111	0.0	0.950895940705	1	0	2	0
5	187	0.0	0.050986865698	1	0	12	0
5	57	0.0	0.582230792856	1	1	3	0
5	193	0.0	0.887881070723	1	0	7	0
5	178	0.0	1.1885959812	1	0	5	0
5	124	0.0	0.658851994014	1	0	6	0
5	84	0.0	0.050986443022	1	0	17	0
5	180	0.0	0.658852197791	1	0	4	0
5	56	0.0	1.08109481428	1	0	1	8
5	103	0.0	0.050986902814	1	0	11	0
5	123	0.0	0.050986408605	1	0	19	0
5	20	0.0	1.18859589803	1	0	5	0
5	116	0.0	0.283562386396	1	0	5	0
5	71	0.0	0.658852052012	1	0	7	0
5	198	0.0	0.887881161109	1	0	7	0
5	24	0.0	0.28117320173	1	0	16	0
5	129	0.0	0.050986770618	1	0	17	0
5	159	0.0	0.28356251144	1	0	8	0
5	52	0.0	1.08109513363	1	0	4	0
5	143	0.0	0.281172769559	1	0	17	0
5	95	0.0	0.050987059482	1	1	15	11
5	19	0.0	0.950896109651	1	0	5	0
5	121	0.0	0.050987085453	1	0	14	0
5	26	0.0	0.281173181366	1	0	15	0
5	136	0.0	0.582230951183	1	0	4	0
5	39	0.0	0.281173228983	1	0	12	0
5	112	0.0	0.281172734184	1	0	16	0
5	118	0.0	1.18859567436	1	0	4	0
5	80	0.0	0.658851975916	1	0	6	0
5	170	0.0	0.050987053813	1	0	11	0
5	49	0.0	0.658852200858	1	0	8	6
5	35	0.0	0.050987083586	1	0	18	0
5	109	0.0	0.281173010844	1	0	17	0
5	8	0.0	0.28117273428	1	0	17	0
5	127	0.0	1.18859613692	1	0	5	0
5	90	0.0	0.050986777245	1	0	16	0
5	173	0.0	0.050987	1	0	17	1
5	88	0.0	1.08109505855	1	0	1	0
5	132	0.0	0.887881158803	1	1	5	0
5	130	0.0	0.582230862224	1	1	3	0
5	47	0.0	0.050986665683	1	2	12	3
5	166	0.0	1.08109507955	1	0	4	0
5	28	0.0	0.281172779838	1	0	17	8
5	61	0.0	0.050986666006	1	0	18	0
5	73	0.0	0.658851998518	1	0	5	0
5	137	0.0	0.050986720561	1	0	19	0
5	98	0.0	0.050986756225	1	0	14	11
5	54	0.0	0.285650078753	1	0	9	0
5	128	0.0	0.281172833739	1	0	15	0
5	172	0.0	0.887881192651	1	0	6	0
5	195	0.0	1.35352199657	1	0	2	0
5	176	0.0	1.25090906668	1	0	4	0
5	76	0.0	0.283562479494	1	0	12	0
5	191	0.0	1.68522891706	1	0	1	0
5	162	0.0	0.950895995138	1	0	3	0
5	139	0.0	0.658852103627	1	0	3	0
5	69	0.0	0.658851751178	1	0	4	0
5	145	0.0	1.08109510952	1	0	4	0
5	192	0.0	0.050987015529	1	3	10	0
5	147	0.0	0.28117262159	1	0	13	0
5	105	0.0	0.050986737683	1	0	18	0
5	22	0.0	0.281173095645	1	0	13	10
5	17	0.0	0.281172935178	1	0	12	0
5	156	0.0	0.887881103743	1	0	6	0
5	190	0.0	0.281173054325	1	0	13	0
5	86	0.0	0.050986671142	1	0	20	0
5	44	0.0	1.08109518213	1	0	5	0
5	5	0.0	0.887881035367	1	1	5	0
5	169	0.0	0.050986397847	1	0	19	7
5	151	0.0	1.18859578596	1	2	0	0
5	34	0.0	1.35352216327	1	0	4	0
5	50	0.0	0.281173127886	1	0	8	0
5	142	0.0	0.281173035193	1	0	10	6
5	21	0.0	0.951998339654	1	0	2	0
5	144	0.0	0.281173126669	1	0	15	0
5	179	0.0	0.281172733673	1	0	17	0
5	64	0.0	0.658852202337	1	0	3	0
5	89	0.0	0.88788077746	1	1	5	0
5	55	0.0	0.658852217469	1	0	8	0
5	194	0.0	0.285650059748	1	0	9	0
5	14	0.0	0.281173119156	1	0	13	0
5	177	0.0	0.050986729542	1	0	18	0
5	0	0.0	0.950895756485	1	0	2	0
5	1	0.0	0.050986916492	1	0	12	0
5	6	0.0	0.950895805867	1	0	5	0
5	9	0.0	0.582230954896	1	0	4	0
5	10	0.0	1.35092203409	1	1	0	0
5	15	0.0	0.050986758244	1	0	18	0
5	16	0.0	0.950895795538	1	0	3	0
5	160	0.0	0.887880984515	1	1	5	0
5	23	0.0	0.05098648468	1	0	19	0
5	25	0.0	0.658852022013	1	1	3	0
5	164	0.0	1.35352214536	1	0	2	0
5	27	0.0	1.18859571174	1	0	5	0
5	30	0.0	0.28356240652	1	1	4	0
5	165	0.0	0.050986745661	1	0	18	0
5	31	0.0	0.283562481291	1	0	8	0
5	32	0.0	0.950895747246	1	0	2	0
5	33	0.0	0.281173103668	1	1	11	0
5	40	0.0	0.887881015637	1	0	6	0
5	46	0.0	0.950895930232	1	0	3	0
5	51	0.0	0.950895808706	1	0	5	0
5	58	0.0	0.281173243798	1	0	16	0
5	60	0.0	0.281173096487	1	0	17	0
5	62	0.0	1.25090913849	1	0	3	0
5	175	0.0	0.950895910085	1	0	5	3
5	63	0.0	0.887881101701	1	0	6	0
5	197	0.0	0.950895880951	1	0	5	0
5	70	0.0	1.35352180698	1	1	1	0
5	72	0.0	0.050986896458	1	0	12	0
5	74	0.0	1.08109501729	1	1	0	0
5	77	0.0	0.582230850595	1	1	2	0
5	199	0.0	0.285650103835	1	0	9	0
5	182	0.0	0.887881179728	1	0	5	0
5	183	0.0	0.581193743025	1	0	7	0
5	83	0.0	1.35352175845	1	1	1	0
5	92	0.0	0.281173135518	1	0	8	0
5	99	0.0	0.050986723957	1	0	17	0
5	104	0.0	1.08109495644	1	0	1	0
5	107	0.0	0.050986709223	1	0	15	0
5	108	0.0	0.050986894432	1	0	12	0
5	115	0.0	0.285650099471	1	0	9	0
5	117	0.0	0.281173064047	1	0	17	0
5	189	0.0	0.281173214003	1	0	11	0
5	133	0.0	0.950896141716	1	0	3	0
5	146	0.0	0.887881086735	1	0	6	0
5	150	0.0	0.285650039191	1	0	7	0
5	154	0.0	0.658852228743	1	0	4	0
6	131	NA 	 NA 	0	0	0	0
6	1	NA 	 NA 	0	0	0	0
6	104	NA 	 NA 	0	0	0	0
6	128	NA 	 NA 	0	0	0	0
6	186	NA 	 NA 	1	0	0	0
6	127	0.0	0.050948086718	1	1	5	0
6	57	0.0	1.46355805001	1	0	1	0
6	77	0.0	0.65488733614	1	0	5	0
6	107	0.0	1.06441640057	1	0	1	0
6	16	0.0	0.654887262945	1	1	2	0
6	47	0.0	0.792520097899	1	1	0	0
6	45	0.0	1.06403945558	1	1	0	0
6	185	0.0	0.364286490895	1	0	4	0
6	187	0.0	1.06441652339	1	2	0	0
6	191	0.0	0.286292903842	1	0	8	0
6	41	0.0	0.750909360839	1	0	2	0
6	82	0.0	0.792520027739	1	0	1	0
6	113	0.0	0.05094802803	1	1	4	0
6	133	0.0	0.050948321255	1	0	7	0
6	63	0.0	0.792520022398	1	0	1	0
6	35	0.0	0.364285857901	1	0	5	0
6	182	0.0	0.364286535742	1	0	4	0
6	28	0.0	0.7925200889	1	0	1	0
6	30	0.0	1.06441625204	1	0	3	0
6	137	0.0	0.050948050074	1	0	8	0
6	166	0.0	1.06441651979	1	0	1	0
6	24	0.0	0.364285949441	1	0	5	0
6	174	0.0	0.286292860007	1	0	7	0
6	0	0.0	0.050948278142	1	1	5	0
6	84	0.0	0.750909497427	1	0	2	0
6	11	0.0	0.369977556499	1	0	3	0
6	177	0.0	0.050948336761	1	0	8	0
6	158	0.0	0.750909169976	1	0	4	0
6	52	0.0	0.750909290018	1	0	2	0
6	197	0.0	0.654887189622	1	0	4	0
6	26	0.0	0.654887400569	1	0	3	0
6	139	0.0	0.285086370254	1	0	6	0
6	81	0.0	0.364286428326	1	1	2	0
6	130	0.0	0.285086439963	1	0	8	0
6	8	0.0	0.2850863643	1	0	8	0
6	142	0.0	0.050948010975	1	0	8	0
6	96	0.0	0.364285994094	1	0	7	0
6	87	0.0	0.050948181558	1	0	11	0
6	66	0.0	0.285086411999	1	0	9	0
6	94	0.0	1.17875528116	1	1	0	0
6	134	0.0	0.050948283859	1	1	5	0
6	56	0.0	0.050947854453	1	0	10	0
6	115	0.0	0.6548872134	1	0	4	0
6	67	0.0	0.364286164209	1	0	4	0
6	5	0.0	0.285086336813	1	0	6	0
6	7	0.0	0.750909147716	1	0	2	0
6	103	0.0	0.967016366022	1	0	3	0
6	165	0.0	1.06403926517	1	0	1	0
6	59	0.0	1.06441649481	1	0	3	0
6	17	0.0	0.285086137434	1	0	9	0
6	118	0.0	0.050948147806	1	0	11	0
6	111	0.0	0.285086453592	1	0	8	0
6	92	0.0	0.28508634991	1	0	6	0
6	27	0.0	0.967016031075	1	0	3	0
6	91	0.0	0.050948173559	1	0	5	0
6	161	0.0	0.285086127893	1	0	9	0
6	55	0.0	0.3642862945	1	0	5	0
6	144	0.0	0.364285934667	1	0	5	0
6	154	0.0	0.050948256002	1	0	11	0
6	143	0.0	0.792519994695	1	0	1	0
6	43	0.0	0.050948	1	0	10	5
6	192	0.0	0.050948342974	1	0	7	0
6	72	0.0	0.769512537929	1	0	3	0
6	19	0.0	0.654887027796	1	0	3	0
6	86	0.0	0.05094805771	1	0	6	0
6	88	0.0	0.364286520559	1	0	4	0
6	10	0.0	0.05094814813	1	0	9	0
6	106	0.0	0.364286205561	1	0	4	0
6	98	0.0	0.967015937546	1	0	1	0
6	76	0.0	0.750909297773	1	0	2	0
6	120	0.0	0.364286407299	1	1	4	0
6	15	0.0	0.750909355119	1	0	2	0
6	184	0.0	0.750909243606	1	0	2	0
6	68	0.0	0.050948179953	1	0	10	0
6	32	0.0	0.285086048825	1	0	8	0
6	25	0.0	0.364286430647	1	0	4	0
6	149	0.0	0.364286309599	1	0	5	0
6	37	0.0	0.654887044648	1	0	2	0
6	9	0.0	0.285086390141	1	0	6	0
6	29	0.0	0.285086171545	1	0	8	0
6	121	0.0	1.165156901	1	0	2	0
6	80	0.0	0.364285883958	1	0	5	0
6	70	0.0	0.050948034153	1	1	7	0
6	79	0.0	0.285086425843	1	0	8	0
6	110	0.0	0.050948023293	1	0	11	0
6	151	0.0	1.06441623432	1	0	3	0
6	42	0.0	0.28508650841	1	0	6	0
6	124	0.0	0.05094832664	1	0	5	0
6	75	0.0	0.364286370073	1	0	2	0
6	71	0.0	0.967016257594	1	0	3	0
6	18	0.0	0.285086483112	1	0	7	0
6	148	0.0	0.285086400565	1	0	8	0
6	54	0.0	0.654887437722	1	1	2	0
6	122	0.0	0.285086337973	1	0	6	0
6	167	0.0	0.654887334453	1	0	5	0
6	125	0.0	0.654887322644	1	0	6	0
6	102	0.0	0.285086016228	1	0	8	0
6	64	0.0	0.364286399	1	0	4	0
6	141	0.0	0.967015882363	1	0	1	0
6	44	0.0	0.769512337716	1	0	3	0
6	4	0.0	0.36428619119	1	0	3	0
6	61	0.0	0.792519977889	1	0	1	0
6	22	0.0	0.050948209216	1	0	9	0
6	89	0.0	0.050948011397	1	0	10	0
6	138	0.0	0.285086279288	1	0	8	0
6	147	0.0	0.285086486065	1	0	8	0
6	175	0.0	0.050948177636	1	0	7	0
6	183	0.0	0.285086018254	1	0	7	0
6	140	0.0	0.285086349268	1	0	8	0
6	38	0.0	0.285086137434	1	0	8	0
6	99	0.0	0.654887388852	1	0	7	0
6	39	0.0	0.28508634089	1	0	6	0
6	157	0.0	0.050948340677	1	3	3	0
6	58	0.0	0.65488705293	1	0	4	0
6	198	0.0	0.05094836121	1	0	8	0
6	153	0.0	0.286292905408	1	0	5	0
6	117	0.0	0.285086002458	1	0	8	0
6	190	0.0	0.792520057393	1	0	1	0
6	189	0.0	0.364286329227	1	0	3	0
6	129	0.0	0.75090953522	1	0	4	0
6	62	0.0	0.285086434842	1	0	8	0
6	160	0.0	0.654887384802	1	1	2	0
6	34	0.0	0.285086406868	1	0	5	0
6	93	0.0	0.286292902871	1	0	5	0
6	50	0.0	0.364286374741	1	0	3	0
6	40	0.0	0.654886861641	1	0	4	0
6	156	0.0	0.750909015006	1	0	2	5
6	3	0.0	0.36428638499	1	0	2	0
6	155	0.0	0.364286197813	1	0	4	0
6	74	0.0	0.050948153702	1	0	9	0
6	163	0.0	0.967016349384	1	0	3	0
6	199	0.0	0.050948259914	1	0	5	0
6	126	0.0	0.79251972177	1	0	1	0
6	196	0.0	0.285086399599	1	0	7	0
6	164	0.0	0.285086104729	1	0	8	0
6	168	0.0	0.285086410378	1	0	7	0
6	65	0.0	0.750909042842	1	0	2	0
6	180	0.0	0.285086389562	1	0	8	0
6	100	0.0	0.967016198134	1	0	3	0
6	53	0.0	0.769512472513	1	0	5	0
6	95	0.0	0.285086472246	1	0	6	0
6	119	0.0	0.967016491068	1	0	3	0
6	172	0.0	0.364286369895	1	0	4	0
6	90	0.0	0.967016342402	1	0	3	0
6	114	0.0	0.285086358035	1	0	6	0
6	2	0.0	0.577585537456	1	2	0	0
6	6	0.0	1.06441617188	1	0	3	0
6	12	0.0	0.364286345279	1	0	4	0
6	13	0.0	0.285086168548	1	0	8	0
6	169	0.0	0.364286419781	1	0	2	0
6	14	0.0	0.285086024457	1	0	8	0
6	170	0.0	0.750909203655	1	0	2	0
6	171	0.0	0.285086311538	1	0	8	0
6	20	0.0	0.364286524594	1	0	4	0
6	21	0.0	0.285086441034	1	0	6	0
6	23	0.0	0.285086417244	1	0	5	0
6	31	0.0	1.06441643392	1	0	3	0
6	173	0.0	0.285086452628	1	0	5	0
6	33	0.0	1.06441642948	1	0	3	0
6	36	0.0	0.792519891947	1	0	1	0
6	46	0.0	0.577585547848	1	0	6	0
6	48	0.0	0.285086497616	1	0	5	0
6	49	0.0	0.286292731839	1	2	3	0
6	176	0.0	0.654887419714	1	0	7	0
6	51	0.0	0.050948247723	1	0	7	0
6	178	0.0	0.050948029072	1	0	10	0
6	179	0.0	0.967016421206	1	0	3	0
6	60	0.0	0.750909107785	1	2	1	0
6	181	0.0	0.9670160438	1	0	3	0
6	69	0.0	0.050947987074	1	0	10	0
6	73	0.0	0.883305537561	1	0	4	0
6	78	0.0	0.050948241762	1	0	6	0
6	188	0.0	0.050948112782	1	0	9	0
6	83	0.0	1.06441648335	1	0	3	0
6	85	0.0	0.285086048026	1	0	7	0
6	97	0.0	0.285086386946	1	0	7	0
6	101	0.0	0.750909459955	1	0	2	0
6	105	0.0	0.050948020747	1	0	9	0
6	108	0.0	0.769512399847	1	0	3	0
6	109	0.0	0.050948009518	1	0	8	0
6	112	0.0	0.654886905206	1	0	4	0
6	116	0.0	0.771446588197	1	1	1	0
6	123	0.0	0.050948151548	1	0	8	0
6	132	0.0	0.050947689305	1	0	8	0
6	135	0.0	0.285086347101	1	0	6	0
6	136	0.0	0.364286122299	1	0	5	0
6	193	0.0	0.28508651161	1	0	7	0
6	145	0.0	0.285086120676	1	0	8	0
6	146	0.0	0.364286037463	1	0	5	0
6	150	0.0	0.750909501835	1	0	4	0
6	152	0.0	0.285086137148	1	0	8	0
6	194	0.0	0.05094808626	1	0	11	0
6	195	0.0	0.967016361587	1	0	3	0
6	159	0.0	1.4635580166	1	0	1	0
6	162	0.0	0.285086123369	1	0	8	0
7	187	NA 	 NA 	0	0	0	0
7	125	NA 	 NA 	0	0	0	0
7	108	NA 	 NA 	0	0	0	0
7	22	NA 	 NA 	0	0	0	0
7	118	0.0	0.280340541514	1	0	5	0
7	53	0.0	0.784719145606	1	0	4	0
7	25	0.0	0.050986760328	1	0	5	0
7	41	0.0	0.591052933978	1	0	6	0
7	102	0.0	0.050986298924	1	0	8	0
7	74	0.0	0.36409098523	1	0	5	0
7	106	0.0	0.280340679616	1	0	4	0
7	185	0.0	0.659592381609	1	0	1	0
7	103	0.0	0.591052876739	1	0	4	0
7	126	0.0	0.280340578081	1	1	4	0
7	69	0.0	0.95199822687	1	0	4	0
7	33	0.0	0.591052887768	1	0	7	0
7	177	0.0	0.951998241681	1	1	1	0
7	19	0.0	0.364090862655	1	1	3	0
7	88	0.0	1.29551192105	1	0	3	0
7	150	0.0	0.364090667393	1	0	4	0
7	130	0.0	1.17147470509	1	0	3	0
7	172	0.0	0.280340926438	1	0	3	0
7	105	0.0	0.591052873248	1	0	7	0
7	113	0.0	0.78471921208	1	0	2	0
7	54	0.0	0.781978849017	1	0	6	0
7	124	0.0	0.050986883784	1	0	7	0
7	10	0.0	0.050986576474	1	0	8	0
7	101	0.0	0.280340525658	1	0	9	0
7	180	0.0	0.659592668221	1	0	2	0
7	61	0.0	0.280340482534	1	0	9	2
7	129	0.0	0.951998195545	1	0	5	0
7	6	0.0	0.591052742845	1	0	9	0
7	89	0.0	0.364090556607	1	0	4	0
7	52	0.0	0.659592915412	1	0	5	0
7	170	0.0	0.364090841459	1	0	3	0
7	64	0.0	0.280340844623	1	0	7	3
7	175	0.0	0.050986521442	1	0	11	0
7	115	0.0	0.36409055746	1	0	4	0
7	119	0.0	0.050986692528	1	0	8	0
7	1	0.0	0.884176005786	1	1	1	0
7	197	0.0	0.364090917983	1	0	4	0
7	75	0.0	0.784719067911	1	0	3	0
7	45	0.0	0.28034088148	1	0	7	0
7	158	0.0	0.280340983108	1	0	8	0
7	79	0.0	0.280340956983	1	0	7	0
7	114	0.0	0.280341011722	1	0	8	0
7	195	0.0	0.280340533595	1	0	5	0
7	99	0.0	0.050986860906	1	1	6	0
7	35	0.0	0.050986546058	1	0	8	0
7	57	0.0	0.050986647163	1	0	8	0
7	29	0.0	0.280340871427	1	0	5	0
7	4	0.0	0.781978935091	1	0	4	0
7	146	0.0	0.591052557222	1	2	3	2
7	176	0.0	0.591052790361	1	0	7	0
7	36	0.0	1.09395191221	1	1	1	0
7	163	0.0	1.25907287068	1	1	0	0
7	123	0.0	1.29551139926	1	0	2	0
7	120	0.0	0.364090737363	1	0	4	9
7	76	0.0	0.280341033019	1	0	6	0
7	85	0.0	1.29551138364	1	0	3	0
7	173	0.0	1.09395191796	1	0	2	0
7	191	0.0	0.280340714208	1	0	6	0
7	111	0.0	1.55094768043	1	0	1	0
7	194	0.0	0.050986621601	1	0	11	0
7	144	0.0	0.280340315726	1	0	6	0
7	84	0.0	0.050986625632	1	2	4	0
7	3	0.0	0.050986759663	1	0	7	0
7	156	0.0	1.09395190331	1	1	1	0
7	12	0.0	0.050986886686	1	0	9	0
7	56	0.0	0.280340825558	1	0	3	0
7	17	0.0	0.280340906634	1	0	3	0
7	193	0.0	0.591052904921	1	0	6	0
7	9	0.0	1.29551193094	1	0	3	0
7	112	0.0	0.050986612513	1	0	5	10
7	161	0.0	0.050986868107	1	0	5	0
7	40	0.0	0.280341041482	1	2	0	0
7	171	0.0	0.280340553775	1	0	6	0
7	58	0.0	0.050986546524	1	0	11	0
7	149	0.0	0.280340839434	1	0	7	2
7	59	0.0	0.280340891221	1	0	8	0
7	100	0.0	0.050986856932	1	0	5	0
7	196	0.0	0.280340536592	1	0	6	0
7	28	0.0	0.591052774227	1	0	9	0
7	16	0.0	0.591052698078	1	0	9	0
7	68	0.0	0.050986692342	1	0	6	0
7	190	0.0	0.280340868581	1	1	5	0
7	151	0.0	0.591052591768	1	2	4	2
7	186	0.0	0.591052805318	1	0	7	0
7	143	0.0	0.591052541225	1	2	5	1
7	192	0.0	0.36409092665	1	0	5	11
7	77	0.0	0.050986687513	1	0	8	0
7	43	0.0	0.050986843942	1	0	5	0
7	15	0.0	0.591052540028	1	1	6	1
7	23	0.0	0.591052863474	1	0	7	0
7	166	0.0	0.050986863873	1	0	8	0
7	86	0.0	0.364090904766	1	0	3	0
7	13	0.0	0.364090556771	1	0	4	0
7	164	0.0	0.591053005384	1	0	4	0
7	82	0.0	0.659592607655	1	0	2	0
7	110	0.0	0.784719253799	1	2	0	0
7	179	0.0	0.050986649734	1	0	9	0
7	46	0.0	0.364090608227	1	0	4	11
7	121	0.0	0.280340855115	1	0	7	0
7	70	0.0	0.280340875982	1	0	8	0
7	60	0.0	0.050986370663	1	0	10	0
7	11	0.0	0.591053016131	1	0	8	0
7	49	0.0	0.050986562136	1	0	8	0
7	169	0.0	0.36409090455	1	0	4	0
7	117	0.0	0.280340981865	1	0	9	0
7	168	0.0	0.280340630119	1	0	5	0
7	167	0.0	0.280340621213	1	0	5	0
7	44	0.0	0.280340285796	1	0	4	0
7	128	0.0	0.050986802993	1	1	6	0
7	72	0.0	0.78197886053	1	0	5	0
7	127	0.0	0.364091018228	1	0	5	0
7	178	0.0	0.784719102687	1	0	2	0
7	107	0.0	0.591052971262	1	0	5	0
7	31	0.0	0.884175880061	1	0	2	0
7	98	0.0	0.591052780136	1	0	9	0
7	96	0.0	0.591052541041	1	2	3	2
7	97	0.0	0.280341005875	1	0	8	0
7	71	0.0	0.364090471018	1	0	4	0
7	135	0.0	0.659592362358	1	0	1	0
7	162	0.0	0.591052795984	1	0	9	0
7	55	0.0	0.280340670214	1	0	6	3
7	65	0.0	0.280340861237	1	0	4	0
7	189	0.0	0.659592956948	1	0	5	0
7	140	0.0	0.781978989706	1	0	5	0
7	139	0.0	0.280340885178	1	0	7	0
7	142	0.0	0.951998164026	1	0	6	0
7	0	0.0	0.050986510416	1	0	11	0
7	153	0.0	0.050986532461	1	0	8	0
7	48	0.0	0.591052657538	1	0	7	0
7	81	0.0	1.09395189704	1	0	4	0
7	7	0.0	0.59105290911	1	0	7	0
7	80	0.0	0.280340780213	1	0	6	0
7	90	0.0	0.591052738685	1	0	7	0
7	8	0.0	0.280340962726	1	0	3	0
7	199	0.0	0.659592569821	1	0	2	0
7	5	0.0	0.050986865742	1	0	5	0
7	131	0.0	0.050986679271	1	0	9	0
7	34	0.0	0.050986885019	1	0	5	0
7	39	0.0	0.591052966672	1	0	5	0
7	145	0.0	0.280340873479	1	0	8	0
7	122	0.0	0.364090899231	1	0	3	0
7	2	0.0	0.591052832086	1	0	7	0
7	148	0.0	0.280340922455	1	0	8	0
7	14	0.0	0.591052934861	1	0	7	0
7	18	0.0	0.951998291649	1	1	1	0
7	20	0.0	0.659592966502	1	0	6	0
7	21	0.0	0.280341032565	1	0	6	0
7	152	0.0	0.280340968028	1	0	6	0
7	24	0.0	0.659592922616	1	0	5	0
7	154	0.0	0.050986543451	1	0	8	0
7	26	0.0	0.050986596415	1	0	10	9
7	155	0.0	0.591052849804	1	0	7	0
7	27	0.0	0.28034069479	1	0	5	0
7	30	0.0	0.59105267836	1	0	7	0
7	32	0.0	0.659592526824	1	0	1	0
7	37	0.0	0.364090546197	1	0	4	0
7	38	0.0	0.364090859733	1	0	4	0
7	157	0.0	0.591052846307	1	0	7	0
7	42	0.0	0.59105291432	1	0	7	0
7	47	0.0	1.09395187799	1	0	1	0
7	159	0.0	0.364090647782	1	1	4	9
7	50	0.0	0.675125054893	1	0	5	0
7	51	0.0	0.591052604721	1	0	6	0
7	160	0.0	0.659592354016	1	0	1	0
7	62	0.0	0.280340859309	1	0	7	0
7	63	0.0	0.050986569228	1	0	10	0
7	66	0.0	0.364090909667	1	1	2	0
7	67	0.0	0.280340937059	1	0	7	9
7	165	0.0	0.280340944239	1	0	7	0
7	198	0.0	0.951998182547	1	0	4	0
7	73	0.0	0.781979033526	1	0	5	0
7	174	0.0	0.050986495707	1	0	11	0
7	78	0.0	0.364090862117	1	0	4	0
7	83	0.0	0.280341013024	1	0	7	0
7	87	0.0	0.591053046445	1	0	6	0
7	91	0.0	0.591052875671	1	0	7	0
7	92	0.0	0.953048626465	1	1	0	0
7	93	0.0	0.659592526005	1	0	5	0
7	94	0.0	0.951998073162	1	0	6	0
7	95	0.0	0.364090612837	1	0	4	0
7	104	0.0	0.280340418356	1	0	9	2
7	181	0.0	0.280340689092	1	0	5	0
7	109	0.0	0.050986401805	1	0	9	0
7	116	0.0	0.050986541291	1	0	8	0
7	182	0.0	0.050986864303	1	2	6	0
7	183	0.0	0.050986228766	1	0	10	0
7	184	0.0	0.364090779044	1	0	6	0
7	132	0.0	0.050986704678	1	0	8	0
7	133	0.0	0.280340957689	1	0	8	0
7	134	0.0	0.050986855304	1	0	5	0
7	136	0.0	0.05098668584	1	0	8	0
7	137	0.0	1.09395201858	1	0	1	0
7	138	0.0	0.05098653125	1	0	8	0
7	141	0.0	0.364091011254	1	0	4	0
7	188	0.0	0.364090675721	1	0	4	0
7	147	0.0	0.591053030642	1	0	8	0
8	131	NA 	 NA 	0	0	0	0
8	128	NA 	 NA 	0	0	0	0
8	104	NA 	 NA 	0	0	0	0
8	1	NA 	 NA 	0	0	0	0
8	127	0.0	0.049218620853	1	0	9	0
8	186	0.0	1.06459743731	1	0	2	0
8	57	0.0	1.06459776014	1	0	1	0
8	107	0.0	0.749140722291	1	0	3	0
8	77	0.0	0.277585028599	1	0	6	0
8	47	0.0	0.749192747449	1	1	1	0
8	185	0.0	0.374191832533	1	0	6	0
8	16	0.0	0.64919277593	1	0	3	0
8	187	0.0	1.06459743362	1	0	2	0
8	45	0.0	0.649192950832	1	0	1	0
8	52	0.0	0.749140424539	1	0	3	0
8	41	0.0	1.08666939845	1	1	1	0
8	82	0.0	0.7491926777	1	0	3	0
8	191	0.0	0.374191611414	1	0	6	0
8	63	0.0	0.749192766335	1	0	3	0
8	113	0.0	0.049218575613	1	0	13	0
8	133	0.0	0.049218862574	1	0	11	0
8	30	0.0	0.749140771119	1	0	2	4
8	28	0.0	1.08871286272	1	1	1	0
8	182	0.0	0.362749128659	1	0	6	0
8	84	0.0	0.749140667355	1	0	3	0
8	35	0.0	0.360437615804	1	0	10	0
8	137	0.0	0.049218589479	1	0	11	0
8	166	0.0	0.749140886206	1	1	1	0
8	24	0.0	0.360437630318	1	0	9	0
8	177	0.0	0.049218889573	1	2	3	0
8	158	0.0	0.749140472282	1	0	5	0
8	174	0.0	0.374191554912	1	1	6	1
8	111	0.0	0.049218923629	1	0	10	0
8	8	0.0	0.277585038477	1	0	12	0
8	11	0.0	0.374192018192	1	0	6	0
8	154	0.0	0.049218761114	1	0	10	4
8	26	0.0	0.649193062296	1	0	2	0
8	0	0.0	0.049218818816	1	0	12	0
8	81	0.0	0.362749160218	1	1	6	0
8	117	0.0	0.277584428695	1	0	7	16
8	197	0.0	0.760333561052	1	0	2	0
8	94	0.0	1.98940209094	1	0	1	0
8	142	0.0	0.049218558422	1	0	10	14
8	15	0.0	0.749140488376	1	0	3	0
8	96	0.0	0.049218914378	1	2	4	0
8	66	0.0	0.277584826213	1	0	7	0
8	7	0.0	0.362749278888	1	1	4	0
8	134	0.0	0.049218823909	1	0	13	0
8	92	0.0	0.277584775351	1	0	6	0
8	165	0.0	0.649192877833	1	0	1	0
8	5	0.0	0.277584888875	1	0	7	0
8	17	0.0	0.277584786101	1	0	5	2
8	115	0.0	0.76033365397	1	0	2	0
8	89	0.0	0.049218556432	1	0	12	0
8	59	0.0	1.06459742154	1	0	1	0
8	103	0.0	0.649192520267	1	0	2	1
8	43	0.0	0.049218550169	1	0	12	0
8	87	0.0	0.049218703273	1	1	7	0
8	130	0.0	0.277585080859	1	0	12	0
8	67	0.0	0.360437996219	1	0	12	0
8	27	0.0	0.277585090928	1	2	1	0
8	55	0.0	0.360437729149	1	0	8	0
8	118	0.0	0.049218695124	1	0	12	0
8	9	0.0	0.277584907534	1	0	7	0
8	91	0.0	0.049218730306	1	0	14	3
8	161	0.0	0.277584706852	1	0	5	0
8	98	0.0	0.649192608192	1	0	2	0
8	144	0.0	0.360437710981	1	0	10	0
8	86	0.0	0.049218592677	1	1	9	0
8	143	0.0	0.749192694569	1	0	3	0
8	110	0.0	0.049218569329	1	0	12	0
8	125	0.0	0.374191570986	1	1	6	1
8	139	0.0	0.277584794336	1	0	6	2
8	88	0.0	0.374191981911	1	0	6	0
8	19	0.0	0.649192997174	1	0	3	0
8	106	0.0	0.360437859355	1	0	9	0
8	72	0.0	0.374191877452	1	0	5	0
8	76	0.0	0.749140404176	1	1	1	4
8	120	0.0	0.360437731973	1	0	7	0
8	68	0.0	0.049218742008	1	1	7	2
8	34	0.0	0.277584915183	1	0	5	0
8	37	0.0	0.277585031255	1	0	5	0
8	32	0.0	0.2775844689	1	0	7	0
8	25	0.0	0.374192055008	1	0	5	0
8	29	0.0	0.277584652343	1	0	5	0
8	80	0.0	0.360437654716	1	0	10	4
8	42	0.0	0.277584925078	1	0	7	0
8	102	0.0	0.277584708507	1	0	10	0
8	40	0.0	0.375281149538	1	2	1	0
8	148	0.0	0.277584855103	1	0	7	0
8	184	0.0	0.362749189272	1	0	7	0
8	18	0.0	0.676961025646	1	0	3	0
8	121	0.0	0.760334044107	1	0	2	0
8	56	0.0	0.049218407737	1	0	14	0
8	129	0.0	0.749140708307	1	0	2	0
8	122	0.0	0.277584762888	1	0	6	1
8	192	0.0	0.049218890665	1	0	7	0
8	70	0.0	0.049218585509	1	0	10	0
8	75	0.0	0.749192860439	1	1	2	0
8	71	0.0	1.06459791727	1	0	2	0
8	167	0.0	0.649192732888	1	0	4	0
8	44	0.0	0.374191714739	1	0	5	0
8	141	0.0	0.64919268268	1	0	2	0
8	54	0.0	0.76033389083	1	1	1	0
8	79	0.0	0.36043756749	1	0	11	0
8	164	0.0	0.277584486853	1	0	7	0
8	149	0.0	0.360437718463	1	0	8	0
8	4	0.0	0.360437833074	1	0	9	0
8	61	0.0	0.749192650142	1	0	3	0
8	64	0.0	0.757723936942	1	1	3	0
8	39	0.0	0.277584895463	1	0	7	0
8	138	0.0	0.277584749354	1	0	5	0
8	3	0.0	0.749192810744	1	0	4	0
8	157	0.0	0.277584357237	1	1	5	0
8	183	0.0	0.277584579852	1	0	7	0
8	38	0.0	0.277584613156	1	0	5	7
8	151	0.0	0.749140734139	1	0	2	10
8	100	0.0	0.649193075584	1	0	4	0
8	175	0.0	0.049218734469	1	0	14	0
8	99	0.0	0.374191561045	1	0	6	0
8	58	0.0	0.374191979751	1	0	5	0
8	153	0.0	0.760333333158	1	0	2	0
8	22	0.0	0.049218710026	1	0	9	0
8	140	0.0	0.277585018237	1	0	12	0
8	155	0.0	0.360437880161	1	0	10	0
8	198	0.0	0.360437395729	1	1	4	0
8	156	0.0	0.362749166377	1	0	8	0
8	147	0.0	0.049218899301	1	1	6	0
8	10	0.0	0.049218680832	1	0	9	0
8	190	0.0	0.749192700462	1	0	3	0
8	14	0.0	0.277584694881	1	0	11	0
8	90	0.0	1.06459794739	1	0	2	0
8	124	0.0	0.374191946805	1	0	6	0
8	93	0.0	0.76033327571	1	0	2	0
8	62	0.0	0.277584852048	1	0	7	0
8	23	0.0	0.277584860925	1	0	5	0
8	189	0.0	0.362749189475	1	0	9	0
8	160	0.0	0.760333770931	1	0	2	0
8	159	0.0	1.06459778715	1	0	2	0
8	168	0.0	0.277584891396	1	0	6	0
8	196	0.0	0.277585061401	1	0	6	0
8	50	0.0	0.749192530742	1	0	5	1
8	126	0.0	0.749192426426	1	0	4	0
8	163	0.0	0.649192579318	1	0	2	0
8	169	0.0	0.749192831783	1	0	4	0
8	180	0.0	0.277584847066	1	0	7	0
8	119	0.0	0.649192675201	1	0	1	0
8	21	0.0	0.372476082877	1	0	5	7
8	2	0.0	0.277585068584	1	0	5	0
8	6	0.0	0.749140918612	1	0	2	0
8	12	0.0	0.757723895895	1	1	3	0
8	13	0.0	0.277584823696	1	0	10	0
8	170	0.0	0.749140423215	1	0	5	0
8	171	0.0	0.277584950869	1	0	12	0
8	20	0.0	0.362749119955	1	0	6	0
8	31	0.0	1.06459773283	1	0	1	7
8	172	0.0	0.374191719655	1	0	6	0
8	173	0.0	0.277584958466	1	0	5	0
8	33	0.0	1.06459750194	1	0	1	0
8	36	0.0	0.7491925547	1	0	3	5
8	46	0.0	0.360437980051	1	0	8	0
8	48	0.0	0.277584987014	1	0	5	0
8	49	0.0	0.277585061863	1	0	5	0
8	176	0.0	0.374191562091	1	0	6	0
8	51	0.0	0.049218871657	1	1	5	0
8	53	0.0	0.374191660345	1	0	4	0
8	178	0.0	0.049218688963	1	0	5	0
8	179	0.0	1.06459780345	1	0	2	0
8	60	0.0	0.360437912261	1	0	9	0
8	181	0.0	0.649192942723	1	0	4	0
8	65	0.0	0.360438055106	1	0	8	0
8	69	0.0	0.049218509761	1	0	13	0
8	73	0.0	0.676961054075	1	2	1	0
8	74	0.0	0.049218699987	1	0	8	0
8	78	0.0	0.049218772132	1	1	5	0
8	199	0.0	0.049218534778	1	0	12	0
8	188	0.0	0.0492186589	1	0	10	0
8	83	0.0	0.749141058167	1	0	2	0
8	85	0.0	0.277584576443	1	0	7	0
8	95	0.0	0.277585056771	1	0	7	14
8	97	0.0	0.277585051731	1	0	7	0
8	101	0.0	1.08871309082	1	0	2	0
8	105	0.0	0.049218574222	1	0	12	0
8	108	0.0	0.374191793213	1	0	5	0
8	109	0.0	0.049218557421	1	0	11	0
8	112	0.0	0.374192092834	1	0	4	0
8	114	0.0	0.277584895708	1	1	4	0
8	116	0.0	0.374191978039	1	0	5	0
8	123	0.0	0.049218722182	1	1	3	18
8	132	0.0	0.049218236738	1	0	13	10
8	135	0.0	0.27758477219	1	0	7	0
8	136	0.0	0.360438033858	1	0	12	0
8	193	0.0	0.36043765005	1	0	9	0
8	145	0.0	0.277584592472	1	0	5	0
8	146	0.0	0.360437908305	1	0	13	0
8	150	0.0	0.749140930656	1	0	3	0
8	152	0.0	0.277584579137	1	0	7	0
8	194	0.0	0.049218640185	1	0	10	0
8	195	0.0	0.277584973785	1	0	7	0
8	162	0.0	0.277584781818	1	0	5	0
9	169	NA 	 NA 	0	0	0	0
9	17	NA 	 NA 	0	0	0	0
9	137	NA 	 NA 	0	0	0	0
9	54	NA 	 NA 	0	0	0	0
9	130	NA 	 NA 	0	0	0	0
9	97	NA 	 NA 	0	0	0	0
9	152	NA 	 NA 	0	0	0	0
9	69	NA 	 NA 	0	0	0	0
9	95	NA 	 NA 	0	0	0	0
9	5	0.0	0.671592224097	1	0	2	0
9	132	0.0	0.36164470814	1	1	1	0
9	9	0.0	0.949193148514	1	0	1	0
9	24	0.0	0.759229225948	1	1	0	0
9	197	0.0	0.749765430147	1	1	0	0
9	28	0.0	0.392314218611	1	0	3	0
9	162	0.0	0.671592000687	1	0	2	0
9	81	0.0	0.36023038744	1	0	3	0
9	123	0.0	0.360230173861	1	0	5	0
9	71	0.0	0.048868365367	1	2	3	0
9	64	0.0	0.360230225479	1	0	5	0
9	153	0.0	0.0488683224	1	0	4	0
9	173	0.0	0.264130076428	1	0	8	0
9	119	0.0	0.671592474822	1	0	5	0
9	4	0.0	1.34880329675	1	0	1	0
9	114	0.0	0.749765265945	1	0	1	0
9	85	0.0	0.94919303863	1	0	1	0
9	107	0.0	0.264130404972	1	0	10	0
9	76	0.0	0.048868048746	1	0	11	0
9	99	0.0	0.392314458245	1	0	3	0
9	184	0.0	0.759229144188	1	0	2	0
9	74	0.0	0.749764963055	1	0	1	0
9	174	0.0	0.264130148078	1	0	12	0
9	116	0.0	0.048868054038	1	0	10	0
9	33	0.0	0.360230338557	1	0	4	0
9	126	0.0	0.954744455315	1	1	1	0
9	138	0.0	0.360230376782	1	0	5	0
9	32	0.0	0.754055301946	1	0	4	0
9	67	0.0	0.360230267041	1	0	6	0
9	178	0.0	0.392314184733	1	0	3	0
9	91	0.0	0.048868127638	1	0	4	0
9	117	0.0	0.360230173657	1	0	5	0
9	154	0.0	0.671592221993	1	0	3	0
9	40	0.0	0.360230065637	1	0	7	0
9	43	0.0	0.264130452978	1	0	7	0
9	52	0.0	0.392313815313	1	0	3	0
9	38	0.0	0.360230339007	1	0	7	17
9	151	0.0	0.39231425053	1	0	3	0
9	161	0.0	0.264130401794	1	0	10	0
9	180	0.0	1.34880291836	1	1	0	0
9	108	0.0	0.36023050818	1	1	2	0
9	142	0.0	0.264130242449	1	0	10	0
9	93	0.0	0.361644768297	1	1	2	0
9	131	0.0	0.392313993805	1	0	3	0
9	48	0.0	0.36023037804	1	0	3	0
9	148	0.0	0.949193014726	1	0	1	0
9	146	0.0	0.565996698557	1	0	2	0
9	39	0.0	0.754055366047	1	0	7	0
9	127	0.0	0.048868352403	1	0	5	0
9	145	0.0	0.392314341337	1	0	3	0
9	34	0.0	0.048868222674	1	1	3	0
9	20	0.0	0.360230070333	1	0	8	0
9	165	0.0	0.754055085398	1	0	5	0
9	82	0.0	0.671592377931	1	0	6	0
9	16	0.0	0.048868073357	1	0	11	0
9	121	0.0	0.360230385508	1	0	7	0
9	58	0.0	0.264129998483	1	0	8	0
9	134	0.0	0.392314193917	1	0	3	0
9	125	0.0	0.360230385801	1	0	7	0
9	15	0.0	0.264130158173	1	0	12	0
9	183	0.0	0.264129897153	1	0	8	0
9	29	0.0	0.360229994118	1	0	8	10
9	73	0.0	0.949192721867	1	0	1	0
9	185	0.0	0.264130349989	1	0	9	0
9	102	0.0	0.392314447288	1	0	3	0
9	44	0.0	0.264130119736	1	0	9	0
9	60	0.0	0.04886802542	1	0	11	0
9	90	0.0	0.048867978155	1	0	9	0
9	187	0.0	0.264130489625	1	0	13	0
9	23	0.0	0.048868210188	1	0	13	0
9	118	0.0	0.048868342887	1	0	7	0
9	149	0.0	0.392314314924	1	0	3	0
9	65	0.0	0.264130338123	1	0	10	0
9	135	0.0	0.949192698137	1	0	1	0
9	89	0.0	0.264130465779	1	0	12	0
9	25	0.0	0.048867952215	1	0	9	0
9	98	0.0	0.360230078304	1	0	5	0
9	94	0.0	0.671592471517	1	0	4	0
9	172	0.0	0.264130448174	1	0	8	0
9	3	0.0	0.264130021134	1	0	10	0
9	175	0.0	0.048868142691	1	0	11	0
9	120	0.0	0.754055220694	1	0	5	0
9	80	0.0	0.392313871633	1	0	3	0
9	111	0.0	0.392314003299	1	0	4	0
9	115	0.0	0.671592425283	1	0	4	0
9	159	0.0	0.360230415658	1	0	4	0
9	63	0.0	0.759229082773	1	0	2	0
9	141	0.0	0.048868353262	1	0	5	0
9	168	0.0	0.392313854735	1	0	3	0
9	155	0.0	0.2641303615	1	1	10	0
9	109	0.0	0.26413001969	1	0	10	0
9	195	0.0	0.565996832881	1	0	8	0
9	26	0.0	0.264130019492	1	0	11	0
9	21	0.0	0.392314298463	1	0	3	0
9	144	0.0	0.264130016835	1	0	10	0
9	88	0.0	0.264129972149	1	0	8	0
9	45	0.0	0.048868342888	1	2	7	0
9	181	0.0	0.048868308048	1	2	7	0
9	31	0.0	0.048868132935	1	0	13	0
9	133	0.0	0.749765343347	1	0	2	0
9	104	0.0	0.759229046474	1	0	2	0
9	186	0.0	0.264130004199	1	0	11	0
9	110	0.0	0.264130380481	1	1	9	0
9	156	0.0	0.487218513583	1	2	0	0
9	37	0.0	0.39231387205	1	0	3	0
9	193	0.0	0.392314274384	1	0	3	0
9	101	0.0	0.754054999914	1	0	3	0
9	166	0.0	0.565996753746	1	1	2	14
9	46	0.0	0.754055313331	1	0	4	0
9	177	0.0	0.360230410228	1	0	3	0
9	6	0.0	0.048868291592	1	1	6	0
9	51	0.0	0.671592513985	1	0	5	0
9	77	0.0	0.565996719519	1	1	1	0
9	79	0.0	0.048868087038	1	0	4	0
9	105	0.0	0.04886803088	1	0	10	0
9	163	0.0	0.949193364027	1	0	1	0
9	188	0.0	0.26413033974	1	0	9	0
9	147	0.0	0.048868267522	1	0	6	0
9	7	0.0	0.264130217857	1	0	11	13
9	182	0.0	0.264130430402	1	0	13	0
9	192	0.0	0.360230107304	1	0	6	0
9	41	0.0	0.361644851697	1	0	3	0
9	124	0.0	0.04886813422	1	0	4	0
9	167	0.0	0.264129808688	1	0	8	0
9	143	0.0	0.392314541142	1	1	1	0
9	136	0.0	0.264130405813	1	0	13	0
9	196	0.0	0.392313904603	1	0	3	0
9	92	0.0	0.264130187024	1	0	10	0
9	189	0.0	0.264130450501	1	0	13	0
9	157	0.0	0.264129947147	1	0	8	0
9	140	0.0	0.048868351486	1	0	4	0
9	35	0.0	0.3616448691	1	0	5	0
9	8	0.0	0.360230194429	1	0	5	0
9	194	0.0	0.264130009519	1	0	10	0
9	158	0.0	0.392313875711	1	0	3	0
9	59	0.0	0.360230429932	1	0	6	0
9	50	0.0	0.565996752854	1	0	2	0
9	83	0.0	0.048868344351	1	2	7	0
9	86	0.0	0.264130055136	1	0	12	0
9	75	0.0	0.048868161955	1	0	11	0
9	55	0.0	0.264130226191	1	0	8	14
9	18	0.0	0.048868308212	1	0	7	0
9	112	0.0	0.361644751837	1	0	6	0
9	2	0.0	0.264129905178	1	0	8	0
9	106	0.0	0.565996858496	1	0	8	0
9	47	0.0	0.04886780861	1	0	10	0
9	129	0.0	0.048868096605	1	0	11	0
9	100	0.0	0.392314266325	1	0	3	0
9	62	0.0	0.360230182503	1	0	6	0
9	198	0.0	0.39231420678	1	0	3	0
9	170	0.0	0.048868000122	1	0	10	0
9	27	0.0	0.671592182751	1	0	2	0
9	57	0.0	0.360230542418	1	2	2	0
9	53	0.0	0.392314219209	1	0	3	0
9	0	0.0	0.565996838528	1	0	8	0
9	1	0.0	0.048868271435	1	0	4	0
9	10	0.0	0.360230376087	1	0	5	0
9	11	0.0	0.264129945595	1	0	11	0
9	12	0.0	0.048868101655	1	0	11	0
9	13	0.0	0.264130004311	1	1	9	0
9	190	0.0	0.264129977244	1	0	11	0
9	14	0.0	0.264130473022	1	0	12	0
9	19	0.0	0.048868010983	1	0	13	0
9	160	0.0	0.361644806238	1	0	4	0
9	22	0.0	0.56599681035	1	0	8	0
9	30	0.0	0.264130426144	1	0	8	0
9	191	0.0	0.264129922148	1	0	8	0
9	36	0.0	0.565996869299	1	0	8	0
9	42	0.0	0.671592392333	1	0	4	0
9	164	0.0	0.3602304829	1	1	2	0
9	49	0.0	0.264130279393	1	0	12	3
9	56	0.0	0.360230236993	1	0	6	17
9	171	0.0	0.949193371048	1	0	1	0
9	61	0.0	0.759229309461	1	0	1	0
9	66	0.0	0.048868108709	1	0	13	0
9	68	0.0	0.048868333592	1	0	4	0
9	176	0.0	0.264130012987	1	0	9	0
9	70	0.0	0.754055337875	1	0	1	0
9	72	0.0	0.360230406606	1	1	2	0
9	199	0.0	0.264130495688	1	0	12	0
9	78	0.0	0.360230104672	1	0	5	0
9	84	0.0	0.264130005248	1	0	10	0
9	179	0.0	0.392314212063	1	0	3	0
9	87	0.0	0.360230384794	1	0	5	0
9	96	0.0	0.048868168192	1	0	10	0
9	103	0.0	0.671592365916	1	0	6	0
9	113	0.0	0.048868	1	0	5	0
9	122	0.0	0.264130374048	1	0	8	0
9	128	0.0	0.264130540107	1	0	5	0
9	139	0.0	0.565996785761	1	0	2	0
9	150	0.0	0.264129914391	1	0	11	0
