0	52	NA 	 NA 	0	0	0	0
0	35	NA 	 NA 	0	0	0	0
0	2	NA 	 NA 	0	0	0	0
0	21	0.0	0.038376789	1	0	4	0
0	5	0.0	0.979989877138	1	0	2	0
0	83	0.0	0.26760098529	1	0	5	0
0	56	0.0	0.675986034122	1	0	4	0
0	32	0.0	0.038376606832	1	0	9	0
0	87	0.0	0.267601118826	1	0	4	0
0	48	0.0	0.368940062648	1	1	2	0
0	28	0.0	0.675985917902	1	0	3	0
0	24	0.0	0.038376678147	1	0	7	0
0	81	0.0	0.038376881045	1	0	6	0
0	37	0.0	0.36894010526	1	1	2	0
0	68	0.0	0.368939780248	1	0	5	0
0	98	0.0	0.857798864349	1	0	5	0
0	66	0.0	0.038376668118	1	0	7	0
0	59	0.0	0.267601132782	1	0	5	0
0	27	0.0	0.861774387866	1	2	0	0
0	26	0.0	0.267600870093	1	0	5	0
0	91	0.0	0.038376956693	1	0	9	0
0	64	0.0	0.365208874856	1	0	5	0
0	12	0.0	0.267601106219	1	0	4	0
0	22	0.0	0.26760089755	1	0	4	0
0	47	0.0	0.365208988991	1	1	4	0
0	46	0.0	0.038376642953	1	0	9	0
0	41	0.0	0.267601140347	1	0	4	0
0	1	0.0	0.365209084125	1	0	7	0
0	69	0.0	0.857798877593	1	0	5	0
0	53	0.0	0.038376709102	1	0	9	0
0	40	0.0	0.267600923262	1	0	6	0
0	54	0.0	0.267600804868	1	0	4	0
0	89	0.0	0.365209107972	1	0	5	0
0	29	0.0	0.368939715893	1	0	5	0
0	39	0.0	0.038376976034	1	0	7	0
0	4	0.0	0.267600932667	1	0	5	0
0	97	0.0	1.25079179382	1	0	1	0
0	57	0.0	0.038376985784	1	0	5	0
0	16	0.0	0.981703833075	1	1	0	0
0	58	0.0	0.038376734201	1	0	9	0
0	23	0.0	0.365209097461	1	0	5	0
0	10	0.0	0.038376476301	1	0	9	0
0	38	0.0	0.267601060776	1	0	6	0
0	49	0.0	0.365208896631	1	0	6	0
0	95	0.0	0.038376779533	1	0	9	0
0	85	0.0	0.038376672156	1	1	6	0
0	75	0.0	0.267600641439	1	1	5	0
0	20	0.0	0.267600816801	1	0	5	0
0	71	0.0	0.365209044412	1	0	5	0
0	43	0.0	0.939377965814	1	0	1	0
0	60	0.0	0.267600494236	1	0	4	0
0	17	0.0	1.23839009107	1	0	2	0
0	76	0.0	0.038376654709	1	0	10	0
0	18	0.0	1.06739295746	1	0	1	0
0	36	0.0	0.857799122424	1	0	2	0
0	13	0.0	0.03837681177	1	0	5	0
0	14	0.0	0.267601082258	1	0	6	0
0	63	0.0	0.038376759504	1	2	3	0
0	67	0.0	0.675986031759	1	1	2	0
0	84	0.0	0.365208999361	1	0	5	0
0	34	0.0	0.038376967698	1	2	2	0
0	72	0.0	0.939377591122	1	0	1	0
0	80	0.0	1.25079212698	1	0	3	0
0	8	0.0	0.365208862863	1	0	4	0
0	70	0.0	0.267600902459	1	0	5	0
0	61	0.0	1.46968106875	1	0	2	0
0	78	0.0	0.267600927797	1	0	5	0
0	7	0.0	0.368939888451	1	0	4	0
0	31	0.0	0.365209062139	1	0	5	0
0	11	0.0	0.939377978947	1	0	2	0
0	50	0.0	0.365208599432	1	0	6	0
0	82	0.0	0.979989940821	1	0	2	0
0	51	0.0	0.368939680137	1	1	3	0
0	45	0.0	0.365208793536	1	0	4	0
0	55	0.0	0.267600718464	1	1	3	0
0	42	0.0	0.267600946835	1	0	5	20
0	19	0.0	0.365208808933	1	1	4	0
0	6	0.0	0.368939612297	1	1	3	0
0	9	0.0	0.368939742472	1	0	5	0
0	0	0.0	0.267600705543	1	0	5	0
0	3	0.0	0.675986039175	1	1	1	0
0	15	0.0	0.267600809687	1	0	4	20
0	25	0.0	0.038376961462	1	2	5	0
0	30	0.0	0.675986010502	1	1	1	0
0	33	0.0	0.857798669883	1	0	3	0
0	86	0.0	0.675986147746	1	0	4	0
0	88	0.0	0.038376863562	1	0	5	0
0	44	0.0	0.368939762365	1	0	3	0
0	90	0.0	0.267600996086	1	0	6	0
0	62	0.0	0.365209033498	1	0	4	0
0	65	0.0	0.267600742611	1	0	4	0
0	73	0.0	0.267600832757	1	0	4	0
0	92	0.0	0.038376949887	1	0	4	0
0	93	0.0	0.857798977527	1	2	0	0
0	74	0.0	0.368939632331	1	0	5	0
0	94	0.0	0.267601114495	1	0	6	0
0	77	0.0	0.267601139527	1	0	3	0
0	99	0.0	0.267600911581	1	0	6	0
0	96	0.0	0.365208967585	1	0	5	0
0	79	0.0	0.368939975751	1	0	4	0
1	6	NA 	 NA 	0	0	0	0
1	42	NA 	 NA 	0	0	0	3
1	71	NA 	 NA 	0	0	0	0
1	23	0.0	0.320710831721	1	0	8	0
1	53	0.0	0.850260436084	1	0	5	0
1	55	0.0	0.007633021503	1	0	5	0
1	78	0.0	0.320710892827	1	0	8	0
1	67	0.0	0.00763293849	1	0	5	0
1	12	0.0	0.246125996504	1	0	6	0
1	68	0.0	0.246126278907	1	0	7	0
1	85	0.0	0.850260388484	1	1	1	0
1	3	0.0	0.246126305172	1	0	8	0
1	87	0.0	0.246126396786	1	0	8	0
1	64	0.0	0.246126306957	1	0	6	0
1	77	0.0	1.0420621907	1	1	0	0
1	80	0.0	0.707633122322	1	0	1	0
1	51	0.0	0.246126267356	1	0	7	0
1	21	0.0	0.407672160953	1	0	4	0
1	18	0.0	1.03858630072	1	0	1	0
1	76	0.0	0.320711412557	1	0	5	0
1	79	0.0	0.007632914805	1	0	9	1
1	70	0.0	0.707632959912	1	0	2	0
1	7	0.0	0.246126134627	1	0	7	0
1	26	0.0	0.246126144233	1	1	4	0
1	94	0.0	0.707633268547	1	0	3	0
1	1	0.0	0.707632954038	1	0	1	0
1	62	0.0	0.246125678173	1	0	8	1
1	40	0.0	1.0385863148	1	0	1	0
1	37	0.0	1.03858642079	1	0	1	0
1	48	0.0	1.13378644429	1	1	0	0
1	13	0.0	0.246126379966	1	0	7	0
1	73	0.0	0.246126256671	1	0	7	1
1	28	0.0	1.03858640445	1	0	1	0
1	29	0.0	0.007632690467	1	0	8	0
1	61	0.0	1.1300060079	1	0	1	0
1	63	0.0	1.13000606339	1	0	2	0
1	39	0.0	0.407672298218	1	0	4	3
1	25	0.0	0.246126190365	1	0	6	0
1	19	0.0	0.246126234552	1	1	5	0
1	24	0.0	0.407671936089	1	0	2	0
1	0	0.0	0.320711038012	1	0	6	0
1	92	0.0	0.407671962133	1	0	2	0
1	27	0.0	0.246126295061	1	0	5	0
1	36	0.0	0.320711275678	1	0	8	0
1	10	0.0	0.320710948857	1	1	6	0
1	5	0.0	0.707633292019	1	0	3	0
1	47	0.0	0.707632979629	1	0	3	0
1	8	0.0	0.246126412377	1	1	2	0
1	38	0.0	0.320711354806	1	0	6	0
1	49	0.0	0.007633202881	1	2	3	0
1	83	0.0	0.007633058219	1	0	9	0
1	60	0.0	0.007632989701	1	0	9	0
1	59	0.0	0.246126283488	1	0	6	3
1	95	0.0	0.707633276964	1	0	3	0
1	69	0.0	0.246126285577	1	0	6	0
1	32	0.0	0.707632952991	1	0	1	0
1	33	0.0	0.92965533381	1	0	2	0
1	11	0.0	0.320711128538	1	1	5	0
1	45	0.0	0.707633061996	1	0	3	0
1	50	0.0	0.007633263019	1	0	9	0
1	30	0.0	1.22223193791	1	1	0	0
1	99	0.0	0.746295449393	1	0	3	0
1	43	0.0	0.007633052201	1	0	5	0
1	14	0.0	0.320711023296	1	0	6	2
1	41	0.0	0.007633027401	1	0	9	0
1	16	0.0	0.407671921777	1	0	2	0
1	84	0.0	0.007633279879	1	2	6	0
1	2	0.0	0.246126275334	1	0	7	0
1	89	0.0	0.0076332716	1	2	2	0
1	20	0.0	0.707633062556	1	0	2	0
1	54	0.0	1.03858637222	1	0	2	0
1	97	0.0	0.320711398347	1	0	6	0
1	56	0.0	1.03858642983	1	0	2	0
1	86	0.0	0.407672375102	1	0	6	0
1	66	0.0	0.24612635549	1	1	4	0
1	17	0.0	0.007633225564	1	0	7	0
1	52	0.0	0.24612597888	1	0	6	0
1	74	0.0	0.246126134919	1	0	5	0
1	44	0.0	0.246126292928	1	0	8	0
1	4	0.0	1.03858623595	1	0	1	0
1	9	0.0	0.407672362417	1	0	4	0
1	15	0.0	0.407672336607	1	1	2	0
1	22	0.0	0.320711251046	1	1	4	0
1	31	0.0	0.746295309706	1	1	2	0
1	34	0.0	0.24612630851	1	1	4	0
1	35	0.0	1.13000610749	1	0	2	0
1	46	0.0	0.850260462474	1	0	5	0
1	98	0.0	0.007633284869	1	0	4	0
1	57	0.0	0.24612610934	1	1	4	0
1	58	0.0	0.746295288711	1	0	3	0
1	90	0.0	1.0385863389	1	0	1	0
1	65	0.0	0.246126347082	1	1	4	0
1	91	0.0	0.746295385452	1	0	3	0
1	93	0.0	0.320711117998	1	0	6	0
1	72	0.0	0.407672316429	1	0	4	0
1	75	0.0	1.03829998008	1	0	4	0
1	96	0.0	0.746295339406	1	1	2	0
1	81	0.0	0.320711306011	1	0	5	0
1	82	0.0	1.03858626854	1	0	3	0
1	88	0.0	0.007633047181	1	0	6	0
2	36	NA 	 NA 	0	0	0	0
2	49	0.0	0.681121266122	1	0	1	0
2	76	0.0	0.450948206278	1	1	2	0
2	86	0.0	0.050987180928	1	0	5	0
2	94	0.0	0.953183663535	1	1	0	0
2	71	0.0	0.450947710641	1	0	4	0
2	32	0.0	1.06895328811	1	1	0	0
2	43	0.0	0.050987189626	1	0	7	0
2	16	0.0	0.050987181276	1	0	7	0
2	26	0.0	0.953184184222	1	0	3	0
2	23	0.0	0.681121185059	1	1	3	0
2	96	0.0	0.050987	1	0	6	2
2	63	0.0	0.050987071124	1	0	7	0
2	55	0.0	0.681121254982	1	0	2	0
2	21	0.0	0.767119966199	1	2	0	0
2	34	0.0	0.050986889939	1	2	3	0
2	69	0.0	0.290013202149	1	0	7	0
2	19	0.0	0.681120765109	1	1	2	0
2	5	0.0	0.05098697136	1	0	6	0
2	72	0.0	0.767120358788	1	0	2	0
2	25	0.0	0.290013237695	1	0	5	0
2	0	0.0	0.050986987804	1	0	7	0
2	70	0.0	0.681121116395	1	0	3	0
2	93	0.0	1.0659242375	1	0	1	0
2	75	0.0	0.050987189227	1	0	5	0
2	56	0.0	0.290013360994	1	0	5	0
2	3	0.0	0.050987200585	1	2	4	0
2	53	0.0	0.450948365619	1	1	4	0
2	41	0.0	0.953184208078	1	0	2	0
2	66	0.0	0.050987054677	1	0	6	0
2	97	0.0	0.290013162628	1	0	6	0
2	11	0.0	0.95318413458	1	0	3	0
2	15	0.0	0.050986769587	1	0	6	0
2	90	0.0	0.290013121514	1	0	5	0
2	98	0.0	0.290013390346	1	2	2	0
2	17	0.0	0.050986922399	1	0	7	0
2	95	0.0	0.450947950316	1	0	4	0
2	89	0.0	0.767120093637	1	0	5	0
2	79	0.0	0.450948244239	1	1	2	0
2	39	0.0	0.290012882722	1	0	5	0
2	78	0.0	0.960593802563	1	0	1	0
2	82	0.0	0.050986885458	1	0	8	0
2	65	0.0	0.290013203145	1	0	5	0
2	18	0.0	1.1509352103	1	0	3	0
2	6	0.0	0.050987066503	1	0	5	0
2	47	0.0	0.681120884478	1	0	3	0
2	28	0.0	0.290013378725	1	0	4	0
2	87	0.0	0.050986562702	1	0	7	0
2	48	0.0	0.960594239705	1	0	3	0
2	80	0.0	1.150934952	1	0	1	0
2	45	0.0	0.050986936451	1	0	7	0
2	8	0.0	0.681120944819	1	0	3	0
2	9	0.0	0.960594366273	1	0	2	0
2	51	0.0	1.15093534979	1	0	1	0
2	37	0.0	0.290013360298	1	0	5	0
2	57	0.0	0.290013251876	1	0	7	0
2	83	0.0	0.450948171393	1	0	3	0
2	33	0.0	0.290013312228	1	0	7	0
2	42	0.0	0.681121379579	1	0	5	0
2	46	0.0	0.767120211409	1	0	5	0
2	61	0.0	0.960593713454	1	0	1	0
2	54	0.0	0.68112127212	1	0	3	0
2	40	0.0	0.450948043382	1	1	1	0
2	68	0.0	0.290013265613	1	0	6	0
2	77	0.0	0.960593980455	1	0	2	0
2	31	0.0	0.767120316924	1	0	2	0
2	1	0.0	0.450948164613	1	0	4	0
2	52	0.0	0.450947975122	1	0	3	0
2	27	0.0	0.767120058325	1	0	5	0
2	7	0.0	1.07241124264	1	1	1	0
2	59	0.0	1.15093528163	1	0	3	0
2	20	0.0	0.767120282039	1	0	2	0
2	24	0.0	0.050986988784	1	0	7	0
2	67	0.0	0.290013248512	1	0	7	0
2	85	0.0	0.050987053464	1	0	7	0
2	4	0.0	0.290013009975	1	1	3	0
2	64	0.0	0.290013268694	1	0	5	0
2	2	0.0	0.953184278423	1	0	2	0
2	10	0.0	0.290013252301	1	0	9	0
2	12	0.0	1.07241119786	1	1	1	0
2	13	0.0	0.953184231816	1	0	3	0
2	14	0.0	0.450947897464	1	0	4	0
2	88	0.0	0.953184116223	1	0	3	0
2	22	0.0	0.290013366428	1	0	6	0
2	29	0.0	0.050987001462	1	0	7	2
2	30	0.0	0.953183989947	1	0	3	0
2	35	0.0	0.681121303959	1	0	4	0
2	38	0.0	0.681121335518	1	0	2	0
2	91	0.0	0.953184333718	1	1	0	0
2	44	0.0	0.960594194126	1	0	2	0
2	50	0.0	0.681121294733	1	0	3	0
2	58	0.0	1.07241105082	1	0	2	0
2	60	0.0	0.953183874011	1	0	2	0
2	62	0.0	0.050986593743	1	0	7	0
2	92	0.0	0.960594185595	1	0	3	0
2	73	0.0	0.290013370266	1	0	5	0
2	74	0.0	0.450947901115	1	0	4	0
2	81	0.0	0.45094822917	1	0	5	0
2	84	0.0	0.290013252572	1	0	7	0
2	99	0.0	1.15093523846	1	0	3	0
3	50	NA 	 NA 	0	0	0	0
3	41	NA 	 NA 	0	0	0	0
3	17	NA 	 NA 	0	0	0	0
3	3	0.0	0.45098720781	1	0	2	0
3	23	0.0	0.050921954459	1	1	4	1
3	14	0.0	0.453662672425	1	0	3	0
3	37	0.0	0.277663126636	1	0	7	0
3	83	0.0	0.277663317923	1	0	7	0
3	30	0.0	0.582080398205	1	0	5	0
3	40	0.0	0.277663119383	1	0	4	0
3	54	0.0	0.867380273342	1	1	0	0
3	72	0.0	0.453662347491	1	0	2	0
3	93	0.0	0.277663271946	1	2	3	1
3	61	0.0	0.277663161076	1	1	3	0
3	10	0.0	0.450987023777	1	0	4	0
3	95	0.0	0.453662182094	1	0	1	0
3	81	0.0	0.050922	1	0	6	0
3	1	0.0	0.279714624029	1	0	6	0
3	80	0.0	0.050921810677	1	0	7	0
3	38	0.0	0.050922154996	1	0	8	0
3	77	0.0	0.579249195215	1	0	5	0
3	25	0.0	0.050921927571	1	0	6	0
3	62	0.0	0.579249262395	1	0	4	0
3	8	0.0	0.450987127818	1	0	2	0
3	76	0.0	0.050921957522	1	0	5	0
3	28	0.0	0.277663142498	1	0	7	0
3	87	0.0	0.579249246046	1	0	4	0
3	73	0.0	0.277663277021	1	0	4	0
3	89	0.0	0.86737988265	1	0	2	0
3	43	0.0	0.277662882874	1	0	7	0
3	34	0.0	0.050921718789	1	0	6	0
3	24	0.0	0.453661962571	1	0	1	0
3	44	0.0	0.277663093008	1	0	5	4
3	60	0.0	0.277663324039	1	0	5	0
3	51	0.0	0.277662733652	1	0	7	0
3	0	0.0	0.450987198379	1	2	0	0
3	18	0.0	0.277662702288	1	0	7	0
3	11	0.0	0.279714587663	1	0	3	0
3	79	0.0	0.05092179254	1	0	4	0
3	7	0.0	0.277662954494	1	1	2	0
3	27	0.0	0.277662836291	1	0	7	0
3	94	0.0	0.050921915833	1	1	4	1
3	75	0.0	0.050922133585	1	0	5	0
3	19	0.0	0.279714615446	1	0	7	0
3	63	0.0	0.676414979252	1	0	4	0
3	32	0.0	0.850935171518	1	1	2	0
3	57	0.0	0.279714392818	1	0	3	0
3	59	0.0	0.867379867673	1	0	1	0
3	91	0.0	0.050921784762	1	0	7	0
3	22	0.0	0.867379865289	1	0	2	0
3	65	0.0	0.050922032577	1	0	5	0
3	71	0.0	0.279714529662	1	0	4	0
3	16	0.0	0.277663182492	1	0	5	0
3	86	0.0	0.45098717795	1	1	1	0
3	47	0.0	0.277662803693	1	0	7	0
3	69	0.0	0.676415210505	1	0	4	0
3	74	0.0	0.050921863908	1	0	5	0
3	36	0.0	0.453662446078	1	0	3	0
3	58	0.0	0.050921949602	1	0	5	0
3	78	0.0	0.050922136356	1	2	0	0
3	92	0.0	0.277663183819	1	0	5	0
3	21	0.0	0.277662813175	1	0	7	0
3	84	0.0	0.453662281154	1	0	1	0
3	53	0.0	0.277663235401	1	1	5	1
3	90	0.0	0.050921887734	1	0	7	0
3	82	0.0	0.277663280001	1	1	3	0
3	67	0.0	0.453662280087	1	0	1	1
3	4	0.0	1.26271311273	1	1	1	0
3	55	0.0	0.279714542003	1	0	4	0
3	68	0.0	0.450987306754	1	1	0	0
3	12	0.0	0.05092179571	1	0	6	0
3	45	0.0	0.277663176041	1	0	4	0
3	88	0.0	0.050921844735	1	0	5	0
3	9	0.0	0.050922130956	1	1	7	0
3	5	0.0	0.277663234855	1	1	3	1
3	13	0.0	0.453662259829	1	0	2	4
3	29	0.0	0.277662957399	1	1	3	0
3	42	0.0	0.450987123825	1	0	3	0
3	49	0.0	0.050922113867	1	0	6	0
3	15	0.0	0.450986951352	1	0	4	0
3	64	0.0	0.050921769556	1	0	4	0
3	2	0.0	0.050921791882	1	0	4	0
3	6	0.0	0.850934841142	1	0	2	0
3	97	0.0	0.453662301688	1	0	1	0
3	98	0.0	0.453662433215	1	0	1	0
3	20	0.0	0.867380007727	1	0	3	0
3	99	0.0	0.450987301925	1	0	2	0
3	26	0.0	0.850934835203	1	0	3	0
3	31	0.0	0.050921599535	1	0	6	0
3	33	0.0	0.867380065715	1	0	1	0
3	85	0.0	0.579249230201	1	0	5	0
3	35	0.0	0.277663210178	1	0	8	0
3	39	0.0	0.277663088492	1	0	3	0
3	46	0.0	0.450987166912	1	0	2	0
3	48	0.0	0.277663176981	1	0	7	0
3	52	0.0	0.050922145299	1	1	4	0
3	56	0.0	0.582080374364	1	1	0	0
3	66	0.0	0.867380286228	1	0	1	0
3	70	0.0	0.277662866577	1	0	8	0
3	96	0.0	1.26271294945	1	1	1	0
4	19	NA 	 NA 	0	0	0	0
4	61	NA 	 NA 	0	0	0	0
4	57	NA 	 NA 	0	0	0	0
4	64	0.0	0.050908765875	1	0	8	0
4	14	0.0	0.361061687584	1	0	2	0
4	70	0.0	0.36106198416	1	0	2	0
4	85	0.0	0.660489840082	1	0	4	0
4	2	0.0	0.660489883819	1	1	1	0
4	95	0.0	0.585070686612	1	0	4	0
4	31	0.0	1.06680799347	1	0	1	0
4	16	0.0	1.05089596421	1	0	1	0
4	63	0.0	0.361061725657	1	0	4	0
4	7	0.0	0.27480280882	1	0	7	0
4	46	0.0	0.050908892459	1	2	2	0
4	68	0.0	0.274802809994	1	0	7	0
4	4	0.0	0.050908579182	1	0	8	0
4	69	0.0	0.954704966537	1	0	2	0
4	13	0.0	0.274803090762	1	2	0	0
4	10	0.0	0.274802563789	1	0	6	0
4	91	0.0	0.660490093507	1	0	4	0
4	59	0.0	1.05089603196	1	0	1	0
4	24	0.0	0.274802962566	1	0	5	0
4	98	0.0	0.954705101531	1	0	4	0
4	11	0.0	1.06680797697	1	0	2	0
4	38	0.0	0.660489920526	1	0	4	0
4	53	0.0	0.361061981084	1	1	3	0
4	62	0.0	0.050908322923	1	0	9	0
4	48	0.0	0.58507060737	1	0	2	0
4	54	0.0	0.584007030466	1	0	3	0
4	9	0.0	0.050908405279	1	0	9	0
4	33	0.0	0.274802707834	1	0	5	0
4	86	0.0	0.050908932862	1	0	8	0
4	92	0.0	0.050908607005	1	0	8	0
4	96	0.0	0.584006797964	1	1	1	0
4	29	0.0	0.58400695299	1	0	6	0
4	20	0.0	0.050908263474	1	0	8	9
4	73	0.0	0.274803066834	1	0	6	0
4	55	0.0	0.274802667514	1	0	5	0
4	23	0.0	0.274802669832	1	0	6	0
4	34	0.0	0.361061415109	1	0	2	0
4	40	0.0	0.585070573339	1	0	3	0
4	51	0.0	0.585070353679	1	2	1	0
4	50	0.0	0.666820900589	1	0	1	0
4	87	0.0	0.361062064	1	0	4	0
4	72	0.0	0.050908625611	1	1	5	0
4	83	0.0	0.27480311103	1	1	5	0
4	45	0.0	0.585070595448	1	0	3	0
4	3	0.0	0.666820875259	1	0	1	0
4	75	0.0	0.361062082863	1	0	1	0
4	74	0.0	1.26024305563	1	1	0	0
4	99	0.0	0.050908583539	1	0	8	0
4	35	0.0	0.585070661091	1	0	5	0
4	17	0.0	0.6604897566	1	0	4	0
4	8	0.0	0.274802946243	1	0	6	0
4	21	0.0	0.050908916549	1	0	7	0
4	58	0.0	0.274802928807	1	0	6	0
4	26	0.0	0.050908604495	1	0	7	0
4	93	0.0	0.274802798754	1	0	4	0
4	27	0.0	0.274802931081	1	1	3	0
4	28	0.0	1.05089599759	1	0	2	0
4	88	0.0	0.050908498616	1	0	8	0
4	47	0.0	0.660489779219	1	0	5	0
4	94	0.0	0.361061594391	1	0	3	0
4	89	0.0	0.361062001125	1	0	4	8
4	30	0.0	0.274802850604	1	0	4	0
4	52	0.0	0.954704975179	1	0	4	0
4	36	0.0	0.584006796158	1	1	1	0
4	42	0.0	0.361061917419	1	0	2	0
4	78	0.0	0.050908571236	1	1	6	11
4	39	0.0	0.050908651911	1	1	7	0
4	0	0.0	0.666820552586	1	0	3	0
4	66	0.0	0.05090882269	1	0	6	0
4	18	0.0	0.050908919694	1	0	5	0
4	49	0.0	0.666820923342	1	0	1	0
4	76	0.0	0.585070515193	1	0	4	0
4	37	0.0	0.274802658333	1	0	5	0
4	1	0.0	0.274803013668	1	0	6	0
4	56	0.0	0.050908890917	1	0	8	0
4	84	0.0	0.274803048787	1	0	3	0
4	82	0.0	0.050908838038	1	0	6	0
4	90	0.0	0.274802868006	1	0	7	0
4	12	0.0	0.050908890254	1	0	8	0
4	60	0.0	0.585070604808	1	0	2	0
4	80	0.0	1.05089605016	1	0	2	0
4	97	0.0	0.274802931129	1	0	7	0
4	67	0.0	0.585070626978	1	0	2	0
4	5	0.0	0.050908936888	1	0	7	0
4	15	0.0	0.58507058157	1	0	2	0
4	71	0.0	0.050908571445	1	0	8	0
4	6	0.0	0.666820670617	1	0	1	0
4	22	0.0	0.050908633668	1	0	8	0
4	25	0.0	0.954704704992	1	0	2	0
4	32	0.0	0.660490081183	1	2	0	0
4	41	0.0	0.050908796129	1	0	7	0
4	43	0.0	0.361061922442	1	0	4	3
4	44	0.0	0.660489957167	1	0	2	0
4	65	0.0	0.050908882459	1	1	2	0
4	77	0.0	0.361062020013	1	0	5	0
4	79	0.0	0.274803066227	1	0	6	9
4	81	0.0	0.050908747246	1	0	8	0
5	74	NA 	 NA 	0	0	0	0
5	76	NA 	 NA 	0	0	0	0
5	81	NA 	 NA 	0	0	0	0
5	3	NA 	 NA 	0	0	0	0
5	10	NA 	 NA 	0	0	0	0
5	55	0.0	0.284708662323	1	0	4	0
5	77	0.0	0.578103042914	1	0	4	0
5	38	0.0	0.284709222668	1	0	3	0
5	7	0.0	0.577052076355	1	1	5	0
5	44	0.0	1.05142919684	1	0	3	0
5	95	0.0	0.289888410567	1	0	3	0
5	67	0.0	0.28988791623	1	1	4	1
5	0	0.0	0.871409860462	1	0	3	0
5	26	0.0	0.045058882199	1	0	7	0
5	78	0.0	1.16563765217	1	0	1	0
5	33	0.0	0.045058733335	1	0	4	0
5	27	0.0	0.645136963919	1	0	1	0
5	39	0.0	1.06994087675	1	0	3	0
5	5	0.0	0.284708844206	1	0	2	0
5	72	0.0	0.28470903476	1	0	2	0
5	29	0.0	0.578102664111	1	0	2	0
5	60	0.0	0.045058518471	1	0	8	0
5	24	0.0	0.670903197779	1	2	0	0
5	68	0.0	0.578102674174	1	1	1	0
5	94	0.0	0.284708869446	1	0	3	0
5	96	0.0	0.578102865225	1	0	2	0
5	31	0.0	0.645136664068	1	0	2	0
5	18	0.0	0.2898883056	1	0	5	0
5	89	0.0	0.871409842823	1	0	3	0
5	90	0.0	0.289888143617	1	0	4	0
5	20	0.0	0.289888241383	1	0	8	0
5	54	0.0	0.045059073938	1	1	3	0
5	69	0.0	0.04505906556	1	0	4	0
5	14	0.0	0.045058919027	1	1	5	1
5	11	0.0	0.045058579963	1	0	8	0
5	42	0.0	0.578102888846	1	1	1	0
5	57	0.0	0.28988825747	1	0	3	0
5	28	0.0	0.578103030147	1	0	2	0
5	25	0.0	0.578102548687	1	0	2	0
5	16	0.0	0.577051867606	1	0	7	0
5	36	0.0	0.284708519602	1	0	3	0
5	17	0.0	0.289888352618	1	0	5	0
5	98	0.0	0.28988819637	1	1	4	1
5	34	0.0	0.289888164158	1	0	5	0
5	9	0.0	0.577052151456	1	0	7	0
5	4	0.0	0.284708944174	1	0	4	0
5	15	0.0	0.865663725613	1	1	0	0
5	49	0.0	0.28988818977	1	0	5	0
5	58	0.0	0.578102900527	1	0	3	0
5	66	0.0	0.045058431105	1	0	9	0
5	73	0.0	0.04505872913	1	0	8	0
5	85	0.0	0.289888357414	1	0	3	0
5	97	0.0	0.284709085172	1	1	3	0
5	64	0.0	0.670903241391	1	1	1	0
5	8	0.0	0.289888336374	1	0	4	0
5	91	0.0	0.045058763905	1	1	5	0
5	51	0.0	1.187646791	1	1	1	0
5	80	0.0	0.286796751423	1	0	3	0
5	21	0.0	0.284709193317	1	0	5	0
5	35	0.0	0.045059044858	1	0	9	0
5	65	0.0	0.578102883133	1	0	2	0
5	52	0.0	0.577051960787	1	0	7	0
5	62	0.0	0.045058848802	1	0	5	0
5	23	0.0	0.284708544134	1	0	2	0
5	46	0.0	1.18764685706	1	1	1	0
5	22	0.0	0.045058907081	1	0	8	0
5	70	0.0	0.578102862014	1	0	2	0
5	19	0.0	0.045059	1	1	7	0
5	71	0.0	0.57810274145	1	0	2	0
5	1	0.0	0.284708790048	1	0	3	0
5	86	0.0	0.289888190385	1	0	4	0
5	6	0.0	0.865663865503	1	0	2	0
5	12	0.0	0.871410025073	1	0	1	0
5	59	0.0	0.045059022206	1	0	6	0
5	87	0.0	0.645137083076	1	1	0	0
5	37	0.0	0.045058671602	1	1	6	1
5	92	0.0	0.645137121354	1	0	4	0
5	99	0.0	0.577052265063	1	1	2	0
5	50	0.0	0.289888120954	1	0	6	0
5	93	0.0	0.577051921667	1	0	7	0
5	48	0.0	0.045058845886	1	1	4	0
5	43	0.0	0.289888219813	1	0	4	0
5	56	0.0	0.871410256779	1	1	0	0
5	45	0.0	0.289888245536	1	0	5	0
5	88	0.0	0.577052200637	1	0	7	0
5	82	0.0	0.284708831198	1	0	3	0
5	2	0.0	0.284708954069	1	0	2	0
5	83	0.0	0.670902770867	1	0	3	0
5	13	0.0	0.871409951986	1	0	1	0
5	30	0.0	0.289887928836	1	2	3	0
5	32	0.0	0.28988818591	1	0	4	0
5	40	0.0	0.577052116014	1	0	5	0
5	84	0.0	0.577052160291	1	0	5	0
5	41	0.0	0.645137191837	1	0	4	0
5	47	0.0	0.045058935338	1	0	5	0
5	53	0.0	0.28988802438	1	0	4	0
5	61	0.0	0.578103052684	1	0	4	0
5	63	0.0	0.045059086683	1	0	4	0
5	75	0.0	0.285772388862	1	1	3	0
5	79	0.0	1.06994071852	1	1	0	0
6	29	NA 	 NA 	0	0	0	0
6	18	NA 	 NA 	0	0	0	0
6	54	NA 	 NA 	0	0	0	0
6	1	NA 	 NA 	0	0	0	0
6	88	0.0	0.04665823807	1	0	7	0
6	13	0.0	1.04668411902	1	0	2	0
6	80	NA 	 NA 	1	0	0	0
6	70	0.0	0.268027639327	1	0	4	0
6	45	0.0	0.268027601917	1	0	5	0
6	47	0.0	1.28360420786	1	0	1	0
6	71	0.0	0.046657883924	1	0	5	0
6	58	0.0	0.264831896046	1	0	8	0
6	52	0.0	1.0477086443	1	0	3	0
6	16	0.0	0.264832316229	1	0	3	0
6	93	0.0	0.046658042135	1	0	5	0
6	64	0.0	0.678793930161	1	0	3	0
6	35	0.0	0.264831965781	1	0	7	0
6	7	0.0	0.568771241525	1	0	5	0
6	39	0.0	0.046657950796	1	1	9	0
6	82	0.0	0.678794304637	1	1	1	0
6	75	0.0	0.046657921387	1	0	10	0
6	73	0.0	0.678794114736	1	0	3	0
6	33	0.0	0.974438926035	1	0	2	0
6	77	0.0	0.264832106753	1	0	6	0
6	22	0.0	0.974438767628	1	0	2	0
6	32	0.0	0.264832358339	1	0	8	0
6	96	0.0	0.264832092328	1	0	8	0
6	42	0.0	0.046657584102	1	0	6	0
6	60	0.0	0.568770940941	1	0	5	0
6	61	0.0	0.678794050235	1	0	5	0
6	57	0.0	0.968446280234	1	0	4	0
6	98	0.0	0.046658093319	1	1	2	0
6	3	0.0	0.568771027271	1	0	5	0
6	50	0.0	0.264832209048	1	0	5	0
6	0	0.0	1.04668432548	1	0	2	0
6	90	0.0	0.969665560662	1	2	0	0
6	37	0.0	0.046657880303	1	0	8	0
6	85	0.0	0.046657922034	1	1	5	0
6	67	0.0	0.046658144315	1	1	7	0
6	63	0.0	0.046658005992	1	1	4	0
6	12	0.0	0.264832321816	1	0	9	0
6	43	0.0	0.264832246381	1	0	8	0
6	97	0.0	0.046658226167	1	0	5	0
6	94	0.0	0.264832384161	1	0	6	0
6	27	0.0	0.678794046829	1	0	5	0
6	15	0.0	1.28360417537	1	0	2	0
6	10	0.0	0.264832266904	1	0	7	0
6	62	0.0	0.04665821707	1	0	7	0
6	84	0.0	0.046657737604	1	0	9	0
6	72	0.0	0.268027584739	1	1	3	0
6	87	0.0	0.046658000877	1	0	6	0
6	81	0.0	0.569954268145	1	0	3	0
6	48	0.0	0.568771236668	1	0	1	0
6	23	0.0	0.268027565784	1	0	5	0
6	86	0.0	0.974439350751	1	0	2	0
6	17	0.0	0.678794079967	1	0	2	0
6	4	0.0	0.26483193595	1	0	8	0
6	53	0.0	0.264832289556	1	2	2	0
6	20	0.0	0.264832321584	1	0	9	0
6	59	0.0	0.268027734119	1	0	4	0
6	19	0.0	0.046658199074	1	0	9	0
6	56	0.0	0.568771066535	1	0	1	0
6	2	0.0	1.0477087823	1	1	1	0
6	28	0.0	0.968446368225	1	0	3	0
6	51	0.0	0.046657620027	1	0	8	0
6	83	0.0	0.568771212758	1	0	5	0
6	69	0.0	0.678793890095	1	0	3	0
6	74	0.0	0.678794149361	1	0	3	0
6	21	0.0	0.678794149033	1	1	3	0
6	6	0.0	0.974439087786	1	0	2	0
6	46	0.0	0.046658005285	1	0	10	0
6	68	0.0	0.678794077548	1	0	4	0
6	11	0.0	0.264831918082	1	0	7	0
6	49	0.0	0.678794377874	1	0	4	0
6	8	0.0	0.046658	1	0	6	0
6	36	0.0	0.264832042098	1	1	7	0
6	5	0.0	1.0466840204	1	0	3	0
6	9	0.0	0.96844636318	1	0	3	0
6	14	0.0	0.046657911917	1	0	7	0
6	89	0.0	1.04668366027	1	0	1	0
6	24	0.0	0.264831979256	1	0	7	0
6	25	0.0	0.264832358783	1	0	4	0
6	26	0.0	0.046658214635	1	1	6	0
6	30	0.0	0.568771250168	1	0	1	0
6	31	0.0	1.04770862009	1	1	1	0
6	34	0.0	0.268027698837	1	0	4	0
6	38	0.0	0.968446320251	1	0	4	0
6	40	0.0	0.264831977262	1	0	7	0
6	41	0.0	0.569954351156	1	0	4	0
6	91	0.0	1.4489590386	1	0	1	0
6	44	0.0	1.04668412753	1	0	3	0
6	92	0.0	0.264832075419	1	0	8	0
6	55	0.0	0.264832191661	1	0	8	0
6	65	0.0	0.569954398856	1	2	1	0
6	66	0.0	0.264832177732	1	0	7	0
6	99	0.0	1.04668370891	1	0	1	0
6	95	0.0	0.264831984719	1	1	6	0
6	76	0.0	0.264832214362	1	0	8	0
6	78	0.0	0.264832244787	1	0	9	0
6	79	0.0	1.3653912236	1	0	2	0
7	76	NA 	 NA 	0	0	0	0
7	74	NA 	 NA 	0	0	0	0
7	81	NA 	 NA 	0	0	0	0
7	3	NA 	 NA 	0	0	0	0
7	10	NA 	 NA 	0	0	0	0
7	77	0.0	0.650961058976	1	0	7	0
7	55	0.0	0.285202741787	1	0	3	0
7	38	0.0	0.285203058901	1	0	2	0
7	7	0.0	0.289531969325	1	0	5	0
7	95	0.0	0.686775640732	1	1	5	0
7	44	0.0	0.688877151431	1	0	1	0
7	33	0.0	0.050973611867	1	1	6	0
7	67	0.0	0.289531339498	1	1	4	0
7	42	0.0	0.686776010215	1	0	4	0
7	26	0.0	0.050973788178	1	0	14	0
7	5	0.0	0.285202916918	1	0	5	0
7	0	0.0	1.15093488738	1	0	4	0
7	34	0.0	0.289531688047	1	1	5	0
7	78	0.0	1.15665485098	1	0	2	0
7	27	0.0	0.580938892736	1	1	0	0
7	39	0.0	1.15665501052	1	1	1	0
7	29	0.0	0.686775738076	1	0	4	0
7	24	0.0	0.654780509275	1	0	3	0
7	60	0.0	0.050973373965	1	0	8	0
7	72	0.0	0.286916327584	1	0	4	0
7	68	0.0	0.686775805545	1	1	5	0
7	90	0.0	0.289532025123	1	1	9	0
7	18	0.0	0.289531727945	1	0	5	0
7	89	0.0	1.15093488489	1	0	4	0
7	16	0.0	0.289531768934	1	0	5	0
7	94	0.0	0.285202818225	1	0	3	0
7	31	0.0	0.285202956587	1	0	2	0
7	96	0.0	0.686775974102	1	1	5	0
7	69	0.0	0.050973953727	1	0	5	0
7	14	0.0	0.050973843039	1	1	4	0
7	54	0.0	0.285202558396	1	0	3	0
7	11	0.0	0.050973460473	1	0	8	0
7	57	0.0	0.686775398059	1	0	9	0
7	28	0.0	1.15093496135	1	0	2	0
7	15	0.0	0.687852645674	1	1	1	0
7	17	0.0	0.65096086852	1	1	9	0
7	98	0.0	0.289532049194	1	1	8	0
7	20	0.0	0.289531608445	1	1	4	0
7	25	0.0	0.686775705219	1	0	7	0
7	36	0.0	0.28520266478	1	0	4	0
7	9	0.0	0.289532044063	1	0	6	0
7	64	0.0	1.15195943575	1	0	5	0
7	62	0.0	0.050973729233	1	0	11	0
7	66	0.0	0.050973341327	1	0	8	0
7	58	0.0	0.686775992411	1	1	5	0
7	73	0.0	0.050973610748	1	0	8	0
7	4	0.0	0.285202660427	1	0	3	0
7	49	0.0	0.289531682341	1	0	6	0
7	97	0.0	0.285202646549	1	1	2	0
7	8	0.0	0.650960849476	1	0	10	0
7	91	0.0	0.050973643061	1	0	5	0
7	80	0.0	0.28520297611	1	0	2	0
7	51	0.0	0.688877136358	1	0	1	0
7	52	0.0	0.289531846507	1	0	5	0
7	65	0.0	0.686776013718	1	0	3	0
7	21	0.0	0.286916491919	1	0	4	0
7	85	0.0	0.686775525706	1	0	7	0
7	23	0.0	0.285202708292	1	0	4	0
7	22	0.0	0.050973764272	1	0	8	0
7	59	0.0	0.050973881585	1	0	8	0
7	70	0.0	0.686775995586	1	0	6	0
7	19	0.0	0.050973933025	1	0	8	0
7	35	0.0	0.050973925358	1	0	8	0
7	86	0.0	0.650960723439	1	0	8	0
7	71	0.0	0.650961099586	1	0	7	0
7	12	0.0	0.686775685873	1	0	6	0
7	6	0.0	0.687852579593	1	0	2	0
7	37	0.0	0.050973546394	1	1	4	0
7	1	0.0	0.2852028285	1	0	3	0
7	92	0.0	0.580939031468	1	0	3	0
7	50	0.0	0.289531704844	1	1	5	0
7	48	0.0	0.050973722839	1	0	8	0
7	87	0.0	0.580939031876	1	1	1	0
7	99	0.0	0.687852490122	1	0	4	0
7	46	0.0	0.580938951648	1	1	1	3
7	93	0.0	0.289531843517	1	0	6	0
7	43	0.0	0.650960731141	1	0	10	0
7	30	0.0	0.050973947597	1	2	4	0
7	56	0.0	1.15195928593	1	0	2	0
7	88	0.0	0.289532038215	1	0	5	0
7	82	0.0	0.28520285731	1	0	3	0
7	45	0.0	0.289531698049	1	0	6	0
7	2	0.0	0.285203075799	1	0	4	0
7	83	0.0	0.654780110892	1	2	2	0
7	13	0.0	1.15093493355	1	0	3	0
7	32	0.0	0.289531779123	1	0	6	0
7	40	0.0	0.289532040641	1	0	5	0
7	84	0.0	0.289532081862	1	0	6	0
7	41	0.0	0.580939109782	1	0	2	0
7	47	0.0	0.050973823582	1	0	5	0
7	53	0.0	0.289531427742	1	0	5	0
7	61	0.0	1.15093480394	1	0	4	3
7	63	0.0	0.285202679694	1	0	4	0
7	75	0.0	0.286916320175	1	1	4	0
7	79	0.0	2.36782204272	1	0	2	0
8	28	NA 	 NA 	0	0	0	0
8	55	NA 	 NA 	0	0	0	0
8	59	NA 	 NA 	0	0	0	0
8	81	0.0	0.280210960998	1	0	6	0
8	43	0.0	0.381354712382	1	0	2	0
8	25	0.0	0.355939971752	1	0	3	0
8	46	0.0	1.0852546302	1	1	0	0
8	6	0.0	0.680172037688	1	0	3	0
8	30	0.0	0.280210896172	1	0	6	5
8	1	0.0	0.355939690909	1	1	2	0
8	35	0.0	0.355939690866	1	0	4	0
8	76	0.0	1.17302189354	1	1	0	0
8	18	0.0	0.680171634577	1	0	4	0
8	48	0.0	0.042510939841	1	0	4	0
8	5	0.0	1.26719780195	1	1	0	0
8	91	0.0	0.355939883899	1	0	3	0
8	73	0.0	0.680171824874	1	1	1	0
8	62	0.0	0.042510834495	1	0	6	0
8	49	0.0	0.781459015519	1	0	2	0
8	36	0.0	0.04251072909	1	0	5	0
8	58	0.0	1.15491280431	1	0	4	0
8	16	0.0	0.280210624588	1	1	5	0
8	9	0.0	0.381354864114	1	0	3	0
8	17	0.0	0.781459093091	1	1	0	1
8	4	0.0	0.280211138634	1	2	2	0
8	54	0.0	0.280211120675	1	1	3	0
8	63	0.0	0.680171513928	1	0	3	0
8	85	0.0	0.381355025931	1	0	3	0
8	20	0.0	0.680171840659	1	1	3	0
8	88	0.0	0.042510687742	1	0	7	0
8	70	0.0	0.781458683682	1	0	3	0
8	57	0.0	0.280210920233	1	0	6	0
8	32	0.0	0.680171931117	1	0	3	0
8	53	0.0	1.08525483883	1	0	2	0
8	71	0.0	1.15491252117	1	0	2	8
8	29	0.0	0.04251062521	1	0	8	0
8	92	0.0	0.355939482951	1	0	3	0
8	11	0.0	0.781458674088	1	0	3	0
8	22	0.0	0.680172097112	1	0	3	0
8	0	0.0	0.042510957141	1	0	7	0
8	26	0.0	0.042510883292	1	0	6	0
8	72	0.0	0.28021105218	1	0	6	0
8	15	0.0	0.355939766796	1	0	4	0
8	7	0.0	0.042510947636	1	2	1	0
8	74	0.0	0.781458919901	1	0	3	0
8	79	0.0	0.280210949541	1	0	6	0
8	44	0.0	0.381354617984	1	0	2	0
8	12	0.0	0.042510662675	1	0	7	0
8	75	0.0	0.28021107287	1	0	8	0
8	21	0.0	1.08525470118	1	0	2	0
8	60	0.0	0.280210887479	1	0	6	0
8	84	0.0	0.04251080168	1	0	6	0
8	40	0.0	0.280211118785	1	0	5	0
8	65	0.0	0.680171954671	1	0	4	0
8	37	0.0	0.280210928563	1	0	6	0
8	51	0.0	0.280211112824	1	0	6	0
8	10	0.0	0.04251063377	1	0	8	0
8	56	0.0	0.280210948808	1	0	6	0
8	80	0.0	0.781458895131	1	0	3	5
8	2	0.0	0.280211086045	1	0	7	0
8	50	0.0	1.15491301151	1	0	3	4
8	95	0.0	0.375401155538	1	0	4	0
8	98	0.0	0.355939334561	1	0	3	0
8	99	0.0	0.042510632251	1	0	8	0
8	77	0.0	0.355939952613	1	0	5	0
8	90	0.0	0.680171719501	1	0	4	0
8	96	0.0	0.355939988502	1	0	5	0
8	8	0.0	0.280210768453	1	0	5	0
8	68	0.0	1.15491311645	1	0	3	8
8	24	0.0	0.042510621005	1	0	6	0
8	47	0.0	0.042510769653	1	0	6	0
8	78	0.0	0.375401135215	1	0	4	0
8	64	0.0	0.042510672669	1	0	5	0
8	38	0.0	0.381354970182	1	0	2	1
8	93	0.0	0.042510935427	1	2	2	0
8	39	0.0	1.08525477451	1	0	1	0
8	67	0.0	0.381354931307	1	0	3	0
8	97	0.0	0.680171988293	1	0	4	0
8	69	0.0	0.680171712678	1	0	4	0
8	13	0.0	0.042510614743	1	0	7	0
8	66	0.0	0.042510327472	1	0	7	0
8	45	0.0	0.355939711138	1	0	4	0
8	89	0.0	0.280211037569	1	0	8	0
8	61	0.0	0.042510663219	1	2	3	0
8	41	0.0	0.381354739338	1	0	3	0
8	23	0.0	0.355939978064	1	1	2	0
8	94	0.0	0.042510645766	1	0	7	0
8	82	0.0	0.280210942089	1	0	5	0
8	87	0.0	0.781458971175	1	0	1	0
8	42	0.0	0.680172062563	1	0	3	0
8	3	0.0	1.08525464008	1	0	2	0
8	52	0.0	0.28021095157	1	0	6	0
8	33	0.0	0.680171640699	1	0	4	0
8	14	0.0	0.042510646187	1	0	8	0
8	19	0.0	0.781458943215	1	0	1	0
8	27	0.0	0.78145915033	1	2	0	0
8	31	0.0	0.280210801587	1	0	5	0
8	34	0.0	0.781458638875	1	0	4	0
8	83	0.0	0.381354756062	1	1	1	0
8	86	0.0	0.781458749011	1	0	3	0
9	90	NA 	 NA 	0	0	0	0
9	18	NA 	 NA 	0	0	0	0
9	20	NA 	 NA 	0	0	0	0
9	2	0.0	0.968368170543	1	0	1	0
9	63	0.0	1.63684291541	1	1	0	0
9	77	0.0	0.968368197903	1	0	1	0
9	85	0.0	0.969483604448	1	0	3	0
9	9	0.0	0.036400846077	1	0	10	0
9	62	0.0	0.639469188593	1	1	3	0
9	57	0.0	0.265586070145	1	0	2	0
9	78	0.0	0.260333936318	1	1	8	0
9	12	0.0	0.639469149553	1	0	4	0
9	4	0.0	0.260334042416	1	0	9	0
9	51	0.0	0.96948338703	1	0	3	0
9	98	0.0	0.9694836577	1	0	3	0
9	43	0.0	0.262421738564	1	0	5	0
9	21	0.0	0.036400741025	1	1	10	0
9	88	0.0	0.036400548954	1	1	10	0
9	24	0.0	0.260333930561	1	0	8	0
9	30	0.0	0.036400670152	1	0	8	0
9	82	0.0	0.264535369834	1	2	2	0
9	29	0.0	0.260333920512	1	1	7	11
9	75	0.0	0.03640099281	1	0	7	0
9	15	0.0	0.260334015523	1	0	8	0
9	16	0.0	0.036400707346	1	0	11	0
9	47	0.0	1.14946563526	1	2	0	0
9	92	0.0	0.262421618112	1	0	7	0
9	39	0.0	0.264535442502	1	0	4	3
9	50	0.0	0.26033407249	1	0	7	0
9	3	0.0	0.036401000321	1	1	9	0
9	97	0.0	1.48104319764	1	0	3	0
9	58	0.0	0.969483712976	1	1	2	0
9	23	0.0	0.036401	1	0	12	0
9	54	0.0	1.1741140431	1	0	3	0
9	70	0.0	0.036400733225	1	0	9	0
9	41	0.0	0.03640071649	1	1	10	0
9	73	0.0	0.036401024681	1	0	8	0
9	5	0.0	0.264535435887	1	0	3	0
9	31	0.0	0.968367825122	1	0	2	0
9	27	0.0	0.26242173284	1	0	6	0
9	96	0.0	0.261397337387	1	0	6	0
9	32	0.0	0.260333857709	1	1	8	0
9	64	0.0	0.036400778773	1	1	5	0
9	38	0.0	0.260333934	1	1	8	20
9	71	0.0	1.4767010435	1	0	1	0
9	48	0.0	0.03640078552	1	0	12	0
9	53	0.0	1.63684279712	1	0	1	0
9	13	0.0	0.968367942837	1	0	3	0
9	35	0.0	1.14946589589	1	0	4	0
9	40	0.0	0.036400956191	1	0	11	0
9	86	0.0	0.036400997849	1	1	9	0
9	46	0.0	0.260333825801	1	0	9	0
9	36	0.0	0.736673992396	1	0	1	0
9	42	0.0	0.036401008105	1	0	8	0
9	26	0.0	0.260333980862	1	0	8	0
9	76	0.0	0.03640080211	1	0	12	0
9	66	0.0	0.969483591791	1	0	3	0
9	72	0.0	0.736674121291	1	0	5	0
9	56	0.0	0.639468846461	1	1	3	20
9	45	0.0	0.968367792402	1	0	2	0
9	87	0.0	0.969483392452	1	1	1	0
9	99	0.0	0.036400796261	1	0	12	0
9	25	0.0	0.260334018195	1	0	9	0
9	84	0.0	0.26033374823	1	0	10	0
9	94	0.0	0.664194402196	1	0	1	0
9	93	0.0	0.036401012038	1	1	9	0
9	59	0.0	0.968368028979	1	0	3	0
9	79	0.0	0.036400709074	1	0	11	0
9	81	0.0	0.262421621318	1	0	7	0
9	33	0.0	0.260334032163	1	0	7	9
9	65	0.0	0.036400959214	1	0	9	0
9	91	0.0	0.26033411403	1	0	7	0
9	8	0.0	0.260334077246	1	0	8	0
9	19	0.0	0.261397367577	1	0	5	0
9	74	0.0	1.63684283655	1	0	1	0
9	68	0.0	1.4810429782	1	0	3	0
9	67	0.0	0.736673902581	1	0	5	0
9	61	0.0	0.561750966452	1	1	1	0
9	28	0.0	0.036400792361	1	0	8	0
9	0	0.0	0.260334073706	1	0	9	0
9	1	0.0	0.639469138032	1	0	4	0
9	6	0.0	0.736673815676	1	0	5	0
9	7	0.0	0.968368137815	1	0	3	15
9	10	0.0	0.968368192561	1	0	2	0
9	11	0.0	0.036400771135	1	0	12	0
9	14	0.0	0.968368101749	1	1	0	0
9	17	0.0	0.73667419175	1	1	3	0
9	22	0.0	0.96836805348	1	0	3	0
9	34	0.0	0.664194372815	1	0	1	0
9	37	0.0	0.265585948042	1	0	4	0
9	44	0.0	0.264535543624	1	2	0	0
9	49	0.0	0.969483322285	1	0	2	12
9	52	0.0	0.036400707411	1	0	12	3
9	55	0.0	0.036400463242	1	0	9	9
9	60	0.0	0.736674041242	1	0	5	0
9	69	0.0	0.036400632545	1	0	8	0
9	95	0.0	0.265586046378	1	0	4	0
9	80	0.0	0.264535492921	1	0	3	0
9	83	0.0	0.264535263026	1	0	5	0
9	89	0.0	0.639468867466	1	0	4	0
