0	244	1	0	0	9	11	86.576244366772
0	176	1	0	0	9	11	86.011517005927
0	219	1	0	0	9	11	83.635305814701
0	258	1	0	0	9	11	78.752536287834
0	278	1	0	0	9	11	86.64944984106
0	104	1	0	0	10	12	91.499703915285
0	204	1	0	0	10	12	90.910353653336
0	179	1	0	0	10	12	88.604498050204
0	181	1	0	0	10	12	92.872997137075
0	42	1	0	0	10	12	91.50334813135
0	242	1	0	0	10	12	91.02175979422
0	298	1	0	0	10	12	92.901363510734
0	95	1	0	0	10	12	93.627002628036
0	212	1	0	0	10	12	88.681925351658
0	465	1	0	0	9	14	80.373442374752
0	461	1	0	0	9	14	78.432034397079
0	462	1	0	0	10	15	84.651201011334
0	251	1	0	0	16	18	174.73454749065
0	601	1	0	0	10	18	92.549426252987
0	545	1	0	0	10	18	91.219866010417
0	45	1	0	0	18	20	173.93765648063
0	496	1	0	0	16	21	176.22917770168
0	608	1	0	0	19	27	175.20266471578
0	58	1	0	0	26	28	278.04856390414
0	372	1	0	0	24	29	269.76911470816
0	304	1	0	0	24	29	271.30498998459
0	375	1	0	0	25	30	268.1693635857
0	709	1	4	1	9	32	78.533373933123
0	644	0	4	0	21	33	275.17014509252
0	5	1	4	1	33	35	373.63834941958
0	44	1	4	0	34	36	382.24965821422
0	399	1	4	0	34	39	367.50420932679
0	357	13	4	0	35	40	175.91544302993
0	524	1	4	1	32	40	381.31770786217
0	201	1	4	2	40	42	468.44668736864
0	120	1	4	0	41	43	456.57552807657
0	331	5	4	0	40	45	374.2538920725
0	387	1	4	0	40	45	473.42344549697
0	514	3	4	0	38	46	375.68359650575
0	259	1	4	0	44	46	465.75625732356
0	466	4	4	0	42	47	380.82281516627
0	625	7	4	1	38	48	276.30070267655
0	122	2	4	0	46	48	476.07934819933
0	233	11	4	1	46	48	371.42869151629
0	192	4	4	0	48	50	478.29633301247
0	263	1	4	0	48	50	569.02908767915
0	109	2	4	1	48	50	475.21540674653
0	325	8	4	0	45	50	376.21814585315
0	581	1	4	0	42	50	478.03332236209
0	409	2	4	1	46	51	464.28137605674
0	460	1	4	0	46	51	475.17108095476
0	264	2	4	0	50	52	472.25540891622
0	484	1	4	0	48	53	581.8219862644
0	316	12	4	0	49	54	372.22080870006
0	498	1	4	0	50	55	565.68760756034
0	446	1	4	0	50	55	571.77824910315
0	317	14	4	0	51	56	377.61772413416
0	137	2	4	0	54	56	571.66027764817
0	185	1	4	0	54	56	675.70172197323
0	145	1	4	1	55	57	673.94314415956
0	220	1	4	0	55	57	655.81846055583
0	384	18	4	0	52	57	357.56858930893
0	189	1	4	0	55	57	673.2695722358
0	284	13	4	1	56	58	375.8946563961
0	436	19	4	0	53	58	369.04070665452
0	102	2	4	0	56	58	560.06022605447
0	198	13	4	1	57	59	374.63325012913
0	560	1	4	0	51	59	571.40323471264
0	89	1	4	0	57	59	672.21984527221
0	124	5	4	0	59	61	574.08053872332
0	139	24	4	0	59	61	375.7026956265
0	88	7	4	1	59	61	569.25781476872
0	394	1	6	1	57	62	672.28414133844
0	138	23	4	0	61	63	381.27843081531
0	224	10	4	1	61	63	471.77180194149
0	371	1	4	0	58	63	675.74519674389
0	7	11	8	0	61	63	572.27579266354
0	630	8	4	0	52	64	476.12274532277
0	183	5	4	0	63	65	572.06804913894
0	262	10	6	2	63	65	579.41022387297
0	196	2	4	0	64	66	682.53499591692
0	0	1	7	2	64	66	783.71933799707
0	493	1	4	0	62	67	773.26744308795
0	239	14	4	0	65	67	576.02616693573
0	74	1	4	0	65	67	761.65699443119
0	489	8	4	0	62	67	580.48163533072
0	639	6	4	1	55	67	580.93901140276
0	55	1	8	2	66	68	777.88134568121
0	473	12	4	0	64	69	463.00941518117
0	338	8	4	0	64	69	582.53630079278
0	594	16	4	0	61	69	379.32273706508
0	678	3	4	1	52	69	465.96313461524
0	164	1	4	0	67	69	780.08712591375
0	637	1	4	0	57	69	669.08941983274
0	126	25	4	0	68	70	466.57935208759
0	332	10	4	0	67	72	674.4082136621
0	323	11	4	0	68	73	583.79477501202
0	160	1	4	0	71	73	869.9783582976
0	373	25	4	0	68	73	485.06079774311
0	699	1	4	2	52	73	561.43431241706
0	680	6	4	0	56	74	467.35196935719
0	11	16	8	1	72	74	563.40703844263
0	367	3	4	0	70	75	770.9202032824
0	453	8	4	0	70	75	678.59533526518
0	619	13	4	0	67	75	566.0794597389
0	200	35	4	0	73	75	381.20614088967
0	290	3	4	0	74	76	759.64772724654
0	135	4	4	0	75	77	778.28842653301
0	703	1	4	0	55	77	664.46917282364
0	351	27	4	0	73	78	274.92526510073
0	500	7	4	0	73	78	657.75278414223
0	607	1	4	1	70	78	862.66436371024
0	611	39	4	0	71	79	282.91760357747
0	517	20	4	0	71	79	568.22095200912
0	107	5	4	2	77	79	657.12192816534
0	629	19	4	0	67	79	463.91326766725
0	80	5	4	0	77	79	867.8008534211
0	412	10	4	0	74	79	678.43761289889
0	439	32	4	0	75	80	371.60605075945
0	416	14	4	0	75	80	668.5776191352
0	194	4	4	0	78	80	873.60085075766
0	295	18	4	0	78	80	669.71724271078
0	329	2	4	0	75	80	767.15784495996
0	131	1	4	0	79	81	886.0366236246
0	340	6	4	0	76	81	769.55370744656
0	721	0	0	0	5	81	65.759212962352
0	614	9	4	0	73	81	658.99154169089
0	252	21	4	0	79	81	669.32453642434
0	415	14	4	0	76	81	677.80450699378
0	93	6	4	0	79	81	860.22733710723
0	203	45	4	0	80	82	269.57436165995
0	133	27	4	1	80	82	580.88456382131
0	230	1	4	0	80	82	975.70639442682
0	485	19	4	2	77	82	562.33571040163
0	314	17	4	0	77	82	577.66942289943
0	240	24	4	0	82	84	480.81340961011
0	311	30	4	0	79	84	470.34481597869
0	167	1	4	0	82	84	986.44835399359
0	12	5	7	1	83	85	776.26596218894
0	646	1	4	0	73	85	869.2087530814
0	306	41	4	1	81	86	372.66355313881
0	679	26	4	0	70	87	475.08707250979
0	9	12	8	3	85	87	778.13131277379
0	277	36	4	0	85	87	475.40259278782
0	63	8	4	0	85	87	870.6230785598
0	622	1	4	0	79	87	969.95081571033
0	414	44	4	0	82	87	366.25200222334
0	563	28	4	0	79	87	478.17215744462
0	78	51	4	0	86	88	381.35576854379
0	257	1	4	0	86	88	1065.8112855473
0	419	15	4	0	83	88	773.28173090232
0	486	2	4	0	84	89	867.25312493086
0	418	28	4	0	84	89	469.21758593958
0	296	1	4	0	87	89	971.29740792402
0	161	1	4	0	87	89	1080.614977017
0	720	3	4	2	56	90	569.64777158231
0	467	1	4	0	85	90	1062.4502355778
0	188	52	4	0	88	90	369.60750311499
0	119	12	4	0	88	90	771.42539427897
0	360	57	4	0	86	91	282.7388370652
0	69	47	4	0	89	91	372.25441234639
0	218	1	4	0	89	91	1077.0479672926
0	640	23	4	1	79	91	577.00655398548
0	312	17	4	0	86	91	655.64559635312
0	531	2	4	1	83	91	956.91700209254
0	593	7	4	1	83	91	861.00286046116
0	276	5	4	0	90	92	969.2669187628
0	708	14	4	0	69	92	367.57271455298
0	328	13	4	0	87	92	871.66455230329
0	397	1	4	0	87	92	1067.034766327
0	94	1	4	0	90	92	1074.2791646764
0	443	5	4	1	87	92	981.11924036785
0	479	10	4	0	87	92	861.74025779401
0	245	26	8	1	91	93	777.43879185127
0	31	37	4	1	91	93	582.29266455049
0	180	28	4	0	91	93	678.05959226864
0	368	37	4	1	89	94	380.14655006206
0	558	22	4	0	86	94	677.3360008009
0	146	1	4	1	92	94	1160.6087873734
0	381	31	4	0	90	95	569.32746317462
0	191	2	4	1	93	95	966.90538402192
0	49	32	4	0	93	95	575.83752519233
0	356	22	4	0	90	95	674.85269100906
0	648	32	4	0	82	95	467.60511973348
0	651	0	4	1	82	95	969.66220609458
0	483	1	4	1	90	95	1053.9559138958
0	125	4	4	0	94	96	1065.7515310782
0	193	22	4	0	94	96	669.34021092105
0	433	35	4	0	91	96	461.38388723426
0	35	38	4	0	94	96	559.5559098267
0	653	6	4	2	83	96	749.8402908493
0	507	1	8	0	91	96	1084.1706066192
0	144	53	4	0	95	97	364.45116995703
0	21	25	8	0	95	97	466.67232927959
0	100	25	4	0	95	97	778.25409863507
0	579	40	4	0	90	98	373.34751881838
0	50	40	4	1	96	98	477.01855828766
0	529	64	4	0	90	98	192.64350310496
0	654	34	4	0	86	99	474.64324079793
0	697	26	4	0	78	99	373.86020937132
0	542	36	4	0	91	99	479.54608376868
0	150	35	4	0	98	100	574.21594170153
0	497	46	4	0	95	100	468.60618310535
0	511	5	4	0	92	100	973.90809067207
0	163	23	4	0	98	100	764.84674534049
0	33	36	4	1	98	100	570.09222109544
0	675	17	4	0	85	101	562.43060086775
0	315	8	4	0	96	101	976.49131659986
0	623	4	4	1	93	101	1073.3672674056
0	510	38	4	0	93	101	572.09039388292
0	600	10	4	0	94	102	770.4126495386
0	565	36	4	0	94	102	462.81939496356
0	647	1	4	0	89	102	1070.509768508
0	352	19	4	0	97	102	679.70388554129
0	215	17	4	0	101	103	877.3837642226
0	106	1	4	0	101	103	1268.4697083851
0	205	38	4	0	101	103	559.7062709684
0	243	13	4	0	101	103	873.78228479934
0	231	37	4	0	101	103	568.62706006586
0	429	28	8	1	99	104	757.88679777836
0	347	29	4	0	99	104	764.2961032904
0	56	31	4	0	102	104	668.46376599717
0	400	16	4	0	99	104	968.86521573001
0	666	11	4	0	89	104	848.83386528437
0	583	37	4	0	96	104	580.70407741014
0	275	36	4	0	103	105	672.91415922863
0	503	15	4	2	100	105	869.50357022979
0	339	27	4	0	100	105	863.1669432748
0	37	44	4	0	103	105	573.11275577432
0	82	32	4	0	104	106	663.7105782381
0	274	14	4	0	104	106	970.79571908325
0	34	30	4	0	105	107	665.23844820506
0	576	8	4	0	99	107	872.88322718215
0	247	49	4	0	105	107	572.4555009915
0	307	17	4	1	103	108	873.52205001363
0	444	21	4	0	103	108	674.12827769129
0	533	37	4	0	100	108	579.55995940963
0	512	2	4	0	100	108	1175.923629981
0	19	13	4	0	106	108	966.69980601509
0	380	7	4	0	104	109	1172.4235992609
0	121	23	4	0	107	109	975.46616093784
0	562	13	4	1	101	109	857.86572710993
0	509	24	4	0	102	109	872.4569571094
0	38	37	4	1	107	109	570.10690322085
0	487	16	4	0	104	109	862.49776045339
0	319	29	8	0	105	110	656.40935044109
0	1	34	7	0	108	110	663.61596579466
0	18	35	4	0	108	110	765.95065301172
0	474	17	4	0	105	110	1067.5902380975
0	46	57	4	0	109	111	467.09705494373
0	696	18	4	0	90	111	640.57964473025
0	111	30	4	0	109	111	766.3164974909
0	515	47	4	1	104	112	566.0702448375
0	535	37	4	0	104	112	573.65225009026
0	297	11	4	0	110	112	1175.3852869574
0	505	45	8	1	107	112	576.74294785419
0	68	15	4	0	110	112	970.77558126687
0	506	22	4	0	107	112	868.62476912915
0	559	1	4	0	104	112	1279.2053100644
0	39	16	4	0	111	113	967.69914049877
0	350	19	4	0	108	113	1081.8569929168
0	210	57	4	0	111	113	483.50378943114
0	477	46	4	0	109	114	665.75901480139
0	62	35	4	0	112	114	771.7604657555
0	362	65	4	0	109	114	479.49382491661
0	234	44	4	1	112	114	555.6275346859
0	469	29	4	0	110	115	784.50206520443
0	441	37	4	1	110	115	777.6732171403
0	672	40	4	0	99	115	479.28468453427
0	3	44	8	0	113	115	665.73701391347
0	536	14	4	0	107	115	969.38038410246
0	25	15	8	1	113	115	1079.243426697
0	660	41	4	0	101	116	581.96690950552
0	226	50	4	0	114	116	582.67408782255
0	289	44	4	0	114	116	667.89155488346
0	403	47	4	1	111	116	564.49256404081
0	158	29	4	0	114	116	760.60329879706
0	190	33	4	0	114	116	762.41791043452
0	96	1	4	0	115	117	1376.2171232595
0	632	47	4	0	105	117	474.16167077274
0	674	43	4	2	101	117	561.18368443819
0	127	14	4	0	115	117	1173.5374460055
0	450	46	8	0	112	117	562.69620417807
0	688	6	8	1	97	117	971.51628804032
0	157	64	4	0	115	117	472.90454225429
0	253	60	4	1	116	118	373.9234695792
0	288	59	4	0	116	118	469.04869373597
0	361	51	4	0	113	118	559.84838657408
0	299	29	4	0	116	118	778.15637675591
0	72	50	4	0	116	118	575.38517719949
0	229	36	4	0	116	118	777.89151266837
0	393	46	4	0	113	118	671.92528559994
0	248	31	4	0	116	118	977.20700883591
0	472	38	4	0	114	119	671.48257274752
0	43	65	4	0	117	119	467.7942775668
0	604	13	8	1	112	120	974.30560227673
0	548	32	4	0	112	120	760.3287626216
0	628	29	4	0	108	120	675.08955885674
0	602	21	4	0	112	120	783.62243579163
0	657	24	8	2	106	120	865.2771055146
0	682	12	4	2	102	120	971.3481882042
0	673	27	4	0	104	120	870.15351624324
0	471	25	4	0	116	121	879.22450843885
0	540	49	4	0	113	121	581.18365619417
0	634	21	4	0	109	121	769.49761280161
0	84	48	4	0	119	121	568.38288999695
0	685	16	4	0	103	121	874.66566026758
0	117	9	4	0	120	122	1082.0084955633
0	300	40	4	0	118	122	574.80840346354
0	364	53	4	0	117	122	562.6895283434
0	302	28	12	3	117	122	876.15597874449
0	596	3	12	2	114	122	1356.7857914341
0	422	26	4	0	117	122	874.90297173005
0	221	57	4	0	121	123	577.35759463999
0	115	23	4	0	121	123	967.01792614666
0	73	30	4	0	121	123	876.08344977264
0	379	51	4	0	119	124	574.11693805516
0	285	55	12	3	122	124	663.77072209493
0	508	55	4	0	119	124	576.72506481283
0	449	34	4	1	120	125	675.57969836681
0	456	53	4	0	120	125	569.82042061838
0	334	31	4	0	121	126	876.11058659039
0	683	15	4	1	108	126	981.84309492143
0	291	56	4	0	124	126	579.85243417221
0	582	21	4	0	118	126	863.18251502848
0	301	27	4	1	122	126	976.93088563966
0	238	29	4	0	124	126	972.05799324529
0	478	42	4	0	121	126	775.59745533323
0	225	59	4	0	124	126	566.8930322373
0	292	50	4	0	124	126	876.10595406666
0	113	36	4	0	125	127	772.12431037716
0	406	5	4	1	122	127	1368.5472213388
0	638	40	4	0	115	127	773.54034574459
0	575	37	4	0	119	127	663.56202659762
0	538	37	4	0	119	127	773.07609422044
0	228	64	12	2	126	128	561.66172528928
0	223	39	4	1	126	128	868.72964093398
0	52	22	4	0	126	128	980.75250146484
0	532	56	4	0	120	128	572.13181850611
0	246	28	4	0	126	128	980.88661336283
0	22	27	12	3	126	128	1063.6377934346
0	676	27	4	0	112	128	970.02484801819
0	344	60	4	0	124	129	577.6090871641
0	590	27	4	0	121	129	876.41323390651
0	464	30	4	0	124	129	955.09853517199
0	156	79	4	0	127	129	477.58753671148
0	65	55	4	0	127	129	561.41794174061
0	570	33	4	0	121	129	582.87665622236
0	32	56	4	0	127	129	773.55241582528
0	51	37	4	0	127	129	884.74547325544
0	401	51	4	0	125	130	583.70929899748
0	101	78	4	1	128	130	475.87472650331
0	388	37	4	0	125	130	881.46876104894
0	655	13	12	2	117	130	1025.3372787617
0	369	50	4	0	125	130	669.6809011196
0	105	36	7	2	128	130	971.57229153527
0	428	61	4	0	125	130	457.82894859856
0	134	5	4	0	129	131	1476.8556123492
0	421	51	4	0	126	131	662.8482315669
0	561	38	12	1	123	131	673.19060390993
0	650	10	4	0	118	131	760.98510336003
0	241	66	4	0	129	131	670.03313146147
0	177	27	4	0	129	131	1078.9791346474
0	116	68	4	0	130	132	569.39233113755
0	552	61	4	0	124	132	564.47920533226
0	451	27	4	0	127	132	881.00502692518
0	16	28	12	3	130	132	778.16570878662
0	710	10	11	4	108	132	978.02364092625
0	447	52	4	0	128	133	679.49762855069
0	463	28	4	0	128	133	875.41292606321
0	23	40	4	0	131	133	775.94331834694
0	457	35	4	1	128	133	869.27636260841
0	48	43	4	0	131	133	972.76496395799
0	114	54	4	0	131	133	766.81553871007
0	249	35	4	0	131	133	782.73106886794
0	706	34	12	3	110	133	660.63870613774
0	175	49	4	0	131	133	573.77999033336
0	702	34	4	0	111	133	772.37637023058
0	256	30	4	0	131	133	1177.3609782774
0	227	47	4	0	132	134	676.58077641078
0	389	50	4	1	129	134	661.17331851248
0	424	51	4	0	129	134	572.43245810251
0	155	74	12	0	133	135	480.52802970313
0	621	53	4	0	127	135	662.60419406618
0	327	60	4	0	130	135	671.2199999522
0	684	40	4	0	117	135	675.44092886296
0	209	26	4	0	133	135	1280.7542156719
0	77	7	4	0	133	135	1466.3315409122
0	405	52	4	0	131	136	480.72382976213
0	717	45	4	0	106	136	374.97525754827
0	132	57	4	0	134	136	771.85943084291
0	355	49	4	1	131	136	775.92107026492
0	280	51	4	0	135	137	867.11385697693
0	370	35	4	0	132	137	666.21286487074
0	649	33	4	0	124	137	677.4350045677
0	30	42	4	0	135	137	763.88227284339
0	136	24	4	0	135	137	1169.6934347076
0	383	1	4	1	132	137	1678.0126252645
0	211	41	4	0	136	138	778.80522888333
0	613	44	4	0	130	138	578.78549603566
0	617	73	4	0	130	138	465.84816236028
0	330	21	4	0	133	138	1367.6140765926
0	151	63	4	0	137	139	674.47944979576
0	333	60	4	0	134	139	667.75823676557
0	287	60	4	0	137	139	771.33423184021
0	61	14	4	1	137	139	1376.9965054541
0	455	48	4	0	134	139	777.40793857283
0	437	44	4	0	134	139	656.40451667644
0	571	1	4	0	131	139	1674.7867923186
0	395	22	4	0	134	139	1279.2101053071
0	541	35	4	0	132	140	970.33146886202
0	87	73	4	0	138	140	580.23903825272
0	423	32	4	0	135	140	967.95163712373
0	584	10	4	0	132	140	1176.0363529296
0	308	37	4	0	135	140	768.22238848405
0	141	72	4	0	139	141	478.39799594658
0	677	32	4	0	124	141	871.81080216399
0	711	15	12	4	116	141	1059.4070590962
0	390	70	4	0	136	141	567.82406739978
0	206	43	4	0	139	141	772.45813320484
0	700	28	4	0	120	141	673.58918729152
0	643	54	4	0	129	141	657.80070920563
0	624	77	4	0	133	141	470.25408557019
0	518	63	4	0	133	141	571.47349202358
0	413	46	4	1	136	141	870.85449588316
0	435	62	4	1	136	141	577.80269116311
0	440	40	4	0	136	141	873.61364023715
0	382	41	4	0	137	142	868.14721498013
0	222	64	4	0	140	142	878.52278519383
0	118	40	4	0	140	142	1069.351431235
0	410	47	4	0	137	142	870.13987793608
0	165	36	4	0	140	142	1066.9992385842
0	342	68	12	3	138	143	559.22382242827
0	598	2	12	4	135	143	1658.5756178345
0	28	89	10	2	142	144	472.580261576
0	605	37	4	0	136	144	867.03124221957
0	686	35	4	0	126	144	875.12519654701
0	365	80	4	0	140	145	469.54146722797
0	402	59	4	0	140	145	778.59111977346
0	71	59	4	0	143	145	683.37961198553
0	376	42	4	0	140	145	878.78477894478
0	142	33	4	0	143	145	957.27792637061
0	669	56	4	0	130	145	569.21352082319
0	626	41	12	2	134	146	762.70293967299
0	154	49	4	1	144	146	860.83187461231
0	236	48	4	0	144	146	879.31933661479
0	411	15	4	0	141	146	1477.4607324753
0	324	25	4	1	144	149	1073.0772995325
0	322	78	4	0	144	149	662.00162444675
0	91	70	4	0	147	149	670.62814399779
0	448	52	4	0	144	149	974.74750304727
0	398	51	4	0	144	149	778.64543016119
0	530	48	4	1	142	150	779.86257919859
0	609	53	4	0	142	150	679.87266724977
0	616	37	4	0	143	151	869.53944331315
0	527	39	4	0	143	151	771.54487290947
0	698	7	12	5	130	151	1174.0163388423
0	641	20	4	0	139	151	1285.4372351215
0	208	32	4	0	150	152	1056.2799239353
0	551	48	4	0	144	152	768.61711732068
0	172	52	4	0	150	152	1067.365204131
0	520	57	4	0	144	152	860.19475058442
0	174	20	4	0	150	152	1271.9823835735
0	147	43	4	0	150	152	1169.0404352962
0	255	95	4	0	151	153	371.8646752455
0	516	61	4	1	145	153	774.03983375019
0	271	63	4	0	151	153	656.68922611926
0	525	61	4	0	145	153	582.3847560997
0	495	53	4	0	148	153	680.73757548166
0	260	63	4	0	151	153	557.78133455628
0	70	38	4	0	151	153	968.21571542178
0	482	54	4	0	148	153	682.37585701508
0	716	15	4	0	126	154	1055.5393615674
0	267	63	4	0	152	154	669.95154786797
0	580	57	4	0	146	154	983.50686397005
0	658	66	4	0	141	155	573.79843954783
0	572	30	4	0	147	155	1068.431667545
0	689	54	4	0	135	155	672.01483266483
0	75	14	4	0	153	155	1471.6305280129
0	366	74	4	0	151	156	572.71213946702
0	425	42	4	0	151	156	978.35901886082
0	502	66	4	1	151	156	866.96884890104
0	652	60	4	1	143	156	667.16724055366
0	153	49	4	0	154	156	770.88493347389
0	186	23	4	0	154	156	1260.5444125876
0	488	65	4	0	152	157	580.58770955649
0	237	19	4	1	155	157	1058.9216000588
0	286	43	4	0	155	157	1177.305981579
0	633	31	4	0	145	157	1056.8551259079
0	159	54	4	0	155	157	969.66045121506
0	64	61	4	0	155	157	982.95991754228
0	627	39	4	0	145	157	1170.6158233749
0	97	45	4	0	156	158	765.46725085078
0	53	23	4	0	156	158	1249.5654841517
0	546	62	4	0	150	158	573.22316033259
0	169	5	4	0	156	158	1876.6831260056
0	27	72	4	0	157	159	578.1702242355
0	537	59	4	0	151	159	756.74213233938
0	468	26	4	0	154	159	1061.5973961298
0	293	33	4	0	157	159	1167.0652092442
0	359	68	4	0	154	159	769.78668546434
0	57	58	12	2	158	160	767.13173544758
0	79	57	4	0	158	160	876.92537953235
0	20	74	12	4	159	161	473.18560837147
0	216	77	4	0	159	161	783.09502848357
0	459	58	4	0	156	161	974.22482221437
0	656	39	4	0	149	162	1139.3797687205
0	701	3	4	0	140	162	1371.9563882836
0	305	55	4	0	157	162	866.11310719728
0	713	26	4	1	136	162	1154.2743564952
0	645	36	4	0	150	162	954.39519502923
0	59	68	4	0	161	163	580.32601670985
0	282	67	4	0	161	163	872.69033663805
0	692	20	4	0	143	163	1074.3575848367
0	539	52	4	0	155	163	872.52649823549
0	543	31	4	0	156	164	1360.0093047457
0	273	41	4	0	162	164	969.66468358016
0	490	88	4	0	159	164	766.56737180353
0	279	73	4	0	163	165	677.63678703438
0	470	77	4	0	160	165	767.80260463883
0	671	65	4	0	150	165	764.66588351725
0	566	67	4	1	157	165	676.22535803217
0	458	25	4	0	161	166	964.54972783814
0	526	94	4	0	158	166	469.45518291792
0	8	68	11	1	165	167	763.51677662555
0	391	60	4	0	162	167	673.6926690392
0	481	68	4	0	162	167	864.26234994778
0	265	58	4	0	166	168	675.00816865634
0	554	46	11	3	160	168	1274.4703061883
0	501	46	4	0	163	168	1163.2662304474
0	568	40	4	0	160	168	1063.7852794855
0	420	91	4	0	164	169	570.01430979623
0	573	57	12	2	161	169	962.40995292427
0	36	14	4	0	167	169	1767.9453930335
0	197	44	4	0	167	169	1356.7860384403
0	606	43	12	4	161	169	1165.2279684349
0	99	9	4	0	167	169	1563.7984975098
0	184	58	4	0	168	170	953.46906232116
0	4	88	11	2	168	170	671.08619952328
0	588	82	4	0	163	171	668.48938559537
0	310	49	4	0	166	171	1073.7766168988
0	610	81	4	0	163	171	678.16034630995
0	83	37	4	0	169	171	856.67472834355
0	269	66	4	0	169	171	1065.5533860129
0	592	84	4	0	163	171	560.74958946904
0	556	79	4	0	163	171	769.85555047869
0	519	72	4	0	164	172	770.50265376758
0	430	41	4	0	167	172	1169.9456432504
0	17	86	12	0	170	172	874.20850983561
0	661	74	4	0	158	173	573.71971521197
0	722	44	4	0	74	173	273.28670404367
0	326	77	4	0	168	173	573.91445966664
0	123	118	12	2	172	174	462.55280688772
0	335	52	4	0	169	174	1074.2073174381
0	385	88	4	0	170	175	772.67855048882
0	108	92	4	0	173	175	655.2937218329
0	668	24	4	1	160	175	1175.7191650818
0	426	78	4	0	170	175	779.86911730533
0	664	57	4	0	161	176	1063.1388424252
0	143	63	4	1	174	176	863.82442287998
0	635	49	4	0	164	176	878.38934160151
0	555	81	4	0	168	176	777.4735392402
0	378	23	4	1	171	176	1562.4175825104
0	76	61	4	0	174	176	868.19141633477
0	718	15	4	0	146	176	1259.599349765
0	363	51	4	0	172	177	1168.9559009538
0	337	33	4	0	172	177	1276.0412804462
0	321	54	4	1	173	178	1061.8697763024
0	199	102	4	0	176	178	672.35503501214
0	148	57	4	1	176	178	1067.678187008
0	591	24	4	0	170	178	1566.8391031472
0	10	51	12	2	176	178	1257.1419386121
0	603	21	4	0	171	179	1275.1418924903
0	492	56	4	0	175	180	1371.9911886284
0	170	100	4	0	179	181	573.45008688728
0	690	51	4	0	161	181	980.53052471385
0	110	41	4	0	179	181	1160.0560577758
0	168	88	4	0	179	181	668.64504333875
0	695	89	4	0	160	181	574.84114917112
0	270	35	4	0	179	181	1470.3767177624
0	60	55	4	0	179	181	962.35062279347
0	431	25	11	3	177	182	1170.2520606004
0	346	52	12	1	177	182	1068.1656299862
0	434	39	4	0	177	182	1374.1853946857
0	707	87	4	0	159	182	778.04381107859
0	585	67	4	0	175	183	778.48923216553
0	494	57	4	0	178	183	873.78336619283
0	577	31	4	0	175	183	971.67933995427
0	182	44	4	0	181	183	1068.7760881738
0	452	85	4	0	179	184	863.49731127932
0	345	64	4	0	179	184	866.35985226633
0	15	64	4	0	182	184	1084.6689434287
0	504	97	4	0	179	184	660.77099437298
0	214	57	4	0	183	185	1160.0106243317
0	691	54	4	1	165	185	866.18501057497
0	408	76	4	0	180	185	1174.5555827475
0	202	32	4	0	183	185	1380.9322596639
0	438	53	4	0	180	185	1066.2012050059
0	569	70	4	0	178	186	953.33567126352
0	353	27	4	0	181	186	1260.0877122464
0	404	56	4	0	181	186	1164.7264069156
0	499	42	4	1	181	186	1078.2654539018
0	662	62	4	0	171	186	1072.5581199582
0	129	52	4	0	185	187	1068.8200601545
0	354	34	4	0	182	187	1077.095601133
0	13	96	12	1	185	187	884.4310368798
0	681	54	4	0	169	187	973.32627830119
0	112	62	4	0	185	187	1182.6321848268
0	586	70	4	0	179	187	869.10088066112
0	663	43	4	0	173	188	868.47390919817
0	427	80	4	0	184	189	879.65912953321
0	54	17	4	0	187	189	1374.3505253252
0	26	77	4	1	189	191	882.13287539962
0	86	33	4	0	189	191	1359.0795433309
0	523	70	4	0	183	191	677.09777979507
0	195	62	4	1	190	192	1167.2287184471
0	618	94	11	2	184	192	766.15728890483
0	521	65	4	0	184	192	1072.9266776801
0	714	57	4	0	167	193	867.52423280172
0	149	84	4	0	191	193	974.97528320935
0	620	80	12	1	186	194	668.19506234175
0	476	40	4	0	189	194	1459.7285008268
0	92	66	4	1	192	194	1167.7030841083
0	642	87	4	0	183	195	755.22336060592
0	207	58	4	1	193	195	1064.7899114829
0	309	103	4	0	190	195	675.86008653888
0	417	75	4	0	190	195	1174.7194733529
0	166	16	4	1	193	195	1577.6092864102
0	491	57	4	0	191	196	1282.5515237536
0	712	87	4	0	171	196	770.22369670231
0	254	70	4	0	194	196	1165.6259128855
0	14	71	4	0	195	197	962.03252484806
0	719	54	8	4	165	197	1172.7611030848
0	24	73	4	1	195	197	1170.028536181
0	235	77	4	1	196	198	1066.7608378399
0	98	98	4	0	197	199	780.28177131908
0	341	91	4	0	194	199	1058.5992191331
0	687	38	4	0	180	199	973.89568596709
0	589	22	4	0	192	200	1466.744011336
0	173	66	4	0	198	200	1078.3926698207
0	343	77	4	0	196	201	882.83559246894
0	475	70	4	0	196	201	1053.773411314
0	587	48	4	0	193	201	1360.9396009681
0	534	70	4	0	193	201	1083.8037275032
0	407	85	4	0	197	202	974.73424397064
0	47	92	4	0	200	202	1062.2509498097
0	266	70	4	0	200	202	1357.4628296362
0	294	64	4	1	200	202	1066.5716757124
0	631	27	4	0	191	203	1164.826141496
0	162	47	4	0	201	203	1270.3903514718
0	445	70	4	1	198	203	873.77732148792
0	693	57	4	0	183	204	1074.9757620772
0	348	31	4	0	200	205	1665.673614041
0	374	66	4	0	200	205	1274.5629289969
0	152	84	4	0	203	205	757.02020590035
0	178	42	4	0	204	206	1370.8200475974
0	318	47	4	0	201	206	1273.7692674456
0	522	58	4	0	198	206	1267.9358712673
0	550	110	4	0	200	208	582.30283401973
0	715	78	4	1	182	208	767.70704072976
0	187	89	4	0	206	208	878.9302078339
0	597	73	4	0	200	208	1066.421984309
0	171	124	4	0	207	209	482.98534857062
0	670	51	4	0	194	209	1071.0494320285
0	396	102	4	1	204	209	872.74077014036
0	578	73	4	0	201	209	956.34512446383
0	130	83	4	0	208	210	868.30634489543
0	281	113	4	0	209	211	658.69377389427
0	303	38	4	0	206	211	1456.5945498953
0	432	98	4	0	207	212	875.50218079969
0	694	70	4	0	191	212	873.75789941829
0	213	88	4	0	211	213	964.58481052168
0	480	124	4	0	208	213	470.38533545527
0	6	81	13	3	212	214	1077.7312214381
0	261	117	4	0	214	216	771.93880405506
0	704	82	4	0	195	217	875.9656659399
0	358	104	4	0	212	217	875.44397893355
0	272	108	4	0	216	218	772.32206134019
0	313	103	4	0	213	218	961.14273709928
0	103	72	4	0	217	219	1167.1929735817
0	564	51	4	0	211	219	1671.5904501447
0	557	64	4	0	213	221	1264.1300691999
0	90	55	4	1	219	221	1273.5117012575
0	250	113	4	0	219	221	874.23587675542
0	377	59	4	0	216	221	1268.7969693757
0	567	67	4	0	215	223	1167.9133019507
0	128	140	4	0	223	225	577.85891203847
0	528	86	4	0	217	225	972.39367791567
0	2	118	13	2	223	225	966.91744428767
0	67	63	4	0	224	226	1249.8336315576
0	140	83	4	1	224	226	1164.2325775802
0	386	95	4	0	222	227	956.35858603326
0	659	107	4	1	213	228	966.205933789
0	544	102	4	1	222	230	974.91698415908
0	232	107	4	0	228	230	1163.8134453103
0	217	113	4	0	228	230	750.33551242608
0	667	41	4	0	216	231	1460.9833063167
0	283	73	4	0	230	232	1259.0568723078
0	553	80	12	4	226	234	1060.2904629924
0	392	126	4	1	231	236	667.3333666168
0	574	96	4	1	229	237	772.98132328752
0	81	77	4	0	235	237	1171.9984723922
0	349	88	4	0	232	237	1263.0599926497
0	41	68	4	0	236	238	1461.2617115569
0	595	55	4	0	231	239	1473.6130030801
0	454	58	4	0	234	239	1348.8506582469
0	29	118	12	2	248	250	865.66773327479
0	336	110	4	0	245	250	871.97536595681
0	636	73	4	1	239	251	1574.1264239108
0	320	69	4	0	247	252	1453.8951726536
0	513	120	4	0	246	254	877.52922956926
0	612	81	4	0	248	256	1470.091076572
0	85	115	4	0	259	261	967.38187590311
0	705	98	4	0	240	262	871.4943375277
0	665	81	4	0	249	264	1077.8633154238
0	66	80	4	0	262	264	1580.5826923227
0	615	106	4	0	260	268	1075.4989824791
0	40	106	4	0	266	268	971.81021061674
0	547	123	4	0	262	270	1066.7055389298
0	599	64	4	1	267	275	1670.1072404908
0	268	95	4	0	277	279	1259.8940182625
0	442	91	4	0	279	284	1265.1625317785
0	549	116	4	0	284	292	1362.2645109561
1	37	1	0	0	9	11	79.493446124066
1	268	1	0	0	9	11	85.986900767309
1	149	1	0	0	9	11	83.440145520726
1	284	1	0	0	9	11	80.786849719845
1	121	1	0	0	9	11	84.748399146157
1	269	1	0	0	9	11	83.792206912092
1	142	1	0	0	9	11	82.974729797407
1	1	1	0	0	9	11	83.662742328388
1	242	1	0	0	9	11	77.967563431361
1	61	1	0	0	9	11	83.65005277195
1	117	1	0	0	9	11	83.96589377271
1	159	1	0	0	10	12	93.741193808998
1	89	1	0	0	10	12	92.456203027621
1	251	1	0	0	10	12	91.141476901576
1	192	1	0	0	10	12	90.410109031169
1	54	1	0	0	10	12	89.901645522288
1	285	1	0	0	10	12	91.79113035889
1	133	1	0	0	10	12	88.276606325241
1	366	1	0	0	9	14	76.631705040089
1	444	1	0	0	9	14	80.241547656897
1	384	1	0	0	9	14	78.280266734888
1	364	1	0	0	9	14	82.039386285795
1	499	1	0	0	9	14	81.65918204647
1	390	1	0	0	10	15	90.549137727316
1	448	1	0	0	10	15	93.85493611025
1	426	1	0	0	11	16	88.8787897945
1	544	1	0	0	9	17	86.058403921117
1	295	1	0	0	16	18	175.24912781338
1	534	1	0	0	10	18	90.709999726582
1	45	1	0	0	17	19	182.86483097782
1	127	1	0	0	18	20	173.01755191041
1	572	1	0	0	18	26	176.33467400341
1	189	1	0	0	24	26	274.97701456593
1	219	1	0	0	25	27	265.86965876016
1	280	1	0	0	28	30	269.71802353916
1	429	1	0	0	25	30	281.00411593418
1	595	1	4	0	25	33	277.11284289908
1	527	1	4	1	25	33	269.85793762213
1	48	3	4	0	32	34	288.87320828926
1	318	8	4	1	29	34	191.54504212327
1	233	1	4	0	33	35	376.86639452623
1	276	1	4	0	34	36	382.65290802684
1	126	1	4	0	34	36	374.65391384649
1	83	1	4	1	35	37	371.11943119459
1	166	1	4	0	35	37	384.70036658158
1	71	2	4	0	36	38	374.5762130917
1	76	9	4	0	37	39	282.23444399825
1	654	4	4	1	27	40	268.37364569262
1	343	1	4	0	35	40	365.34864100207
1	77	10	4	0	39	41	277.05074789222
1	463	4	4	0	36	41	284.87291486416
1	607	1	4	0	33	41	384.44631287166
1	723	0	0	0	6	41	79.967864051787
1	708	1	4	0	19	42	174.49893177569
1	108	1	4	1	40	42	473.2764136716
1	617	1	4	0	31	42	376.72542012383
1	146	1	4	0	44	46	474.57951233896
1	650	1	4	1	33	46	370.6325813416
1	81	1	4	0	47	49	575.59973207894
1	224	1	4	0	48	50	577.0234473555
1	41	1	4	0	49	51	569.31652221871
1	584	1	4	0	43	51	462.09359460982
1	460	1	4	1	47	52	562.50259005891
1	78	2	4	0	50	52	467.05435673024
1	321	4	4	0	47	52	470.67957228927
1	289	15	4	0	50	52	362.74911929577
1	383	1	4	0	48	53	566.43205120704
1	247	1	4	0	51	53	573.22858124233
1	473	21	4	0	49	54	266.63166194372
1	477	3	4	0	49	54	463.65733791725
1	7	20	4	0	53	55	271.59520843796
1	445	4	4	0	50	55	484.40030247856
1	501	1	4	0	51	56	580.55563071267
1	98	9	4	0	54	56	479.22702591472
1	154	9	4	0	54	56	482.37729510129
1	406	7	4	0	51	56	474.33890043606
1	279	8	4	0	55	57	472.89971623423
1	137	20	4	0	57	59	374.32158441006
1	696	14	4	1	40	59	281.48322070559
1	472	1	4	0	54	59	672.19789777073
1	613	14	4	0	51	59	280.03870516181
1	632	0	4	0	47	59	540.60850153207
1	511	15	4	0	51	59	362.11101910541
1	403	2	4	2	54	59	559.10151960482
1	165	1	4	0	59	61	672.43984438975
1	248	3	4	0	59	61	567.69659955518
1	483	19	4	0	57	62	368.49942438165
1	568	5	4	0	54	62	568.570617783
1	129	1	4	0	60	62	680.28571529272
1	167	12	4	0	60	62	478.5090278225
1	370	36	4	0	58	63	172.79953162438
1	141	2	4	0	61	63	677.73039029769
1	573	2	4	2	55	63	680.08280277724
1	85	4	4	1	62	64	677.25148639938
1	111	7	4	0	63	65	571.00394444116
1	396	13	4	0	61	66	484.361511717
1	211	1	4	0	65	67	769.36582901552
1	382	10	4	0	62	67	570.1958881939
1	51	1	4	0	65	67	771.05186055326
1	417	1	4	1	62	67	755.30824463574
1	358	5	4	0	63	68	674.81758007845
1	419	14	4	0	63	68	361.03132144901
1	148	18	4	0	66	68	462.82234755252
1	658	3	4	0	54	68	575.48205285986
1	169	10	4	1	66	68	672.31306023231
1	180	24	4	0	67	69	373.47012826655
1	241	7	4	0	67	69	575.61191614046
1	578	1	4	0	61	69	657.48436563173
1	216	1	4	1	67	69	766.52717657224
1	57	16	4	0	69	71	464.37652045676
1	481	25	4	0	66	71	373.80468881196
1	138	13	4	0	69	71	567.26498985814
1	74	8	4	0	69	71	667.6788465232
1	220	5	4	0	69	71	666.46729434927
1	440	1	4	0	66	71	772.19727257011
1	399	19	4	0	66	71	376.27020440842
1	713	1	4	0	47	71	585.49350015172
1	332	15	4	0	66	71	562.84869022426
1	536	1	4	0	64	72	776.77661626268
1	311	22	4	0	67	72	373.28605711568
1	416	29	4	0	67	72	366.79525894896
1	400	1	4	0	67	72	754.33902725491
1	517	6	4	0	64	72	661.29268598135
1	214	10	4	0	71	73	575.28381360506
1	542	7	4	0	65	73	676.97642822492
1	91	1	4	1	71	73	877.66568439613
1	200	14	4	0	71	73	563.91883073705
1	20	1	7	2	71	73	875.45787344486
1	545	17	4	0	65	73	391.31117778775
1	705	6	4	0	52	74	479.09339930839
1	605	5	4	1	66	74	680.90870138022
1	680	29	4	0	59	74	277.26722712092
1	409	4	4	0	70	75	782.48971069071
1	646	32	4	0	62	75	182.09789598094
1	229	15	4	0	73	75	582.64479255072
1	683	1	4	0	59	75	674.51509764107
1	519	15	4	0	67	75	363.31501210382
1	73	25	4	2	73	75	459.07962240055
1	5	1	8	2	73	75	868.33612581794
1	439	1	4	0	70	75	771.43632059673
1	625	18	4	1	64	76	482.53726745121
1	471	12	4	1	71	76	670.72141529639
1	664	1	4	1	62	76	767.81855454172
1	638	13	4	0	64	76	476.93401641865
1	316	1	4	2	71	76	880.99604814618
1	639	8	4	0	65	77	649.61621753476
1	673	27	4	2	62	77	368.36383848029
1	459	22	4	0	72	77	376.62739607721
1	278	9	4	1	75	77	664.30815691973
1	349	3	4	0	72	77	759.35700966989
1	360	1	8	3	73	78	862.53897726763
1	449	6	4	0	74	79	765.4234438508
1	88	1	4	0	77	79	973.38178188731
1	115	37	4	1	77	79	376.67407325829
1	541	11	4	0	71	79	660.04759507317
1	4	17	7	1	78	80	573.32963325446
1	560	59	4	0	73	81	82.243606410935
1	373	31	4	0	76	81	372.82399060398
1	305	36	4	0	78	82	381.49065644576
1	326	11	4	0	77	82	667.44283741694
1	430	36	4	0	77	82	365.92767663959
1	488	19	4	1	78	83	475.88622186624
1	334	25	4	0	78	83	467.13395679695
1	461	1	4	0	78	83	965.34540796189
1	474	14	8	0	78	83	576.76315591547
1	193	33	4	1	82	84	374.47512991747
1	237	8	4	0	82	84	764.20667271626
1	500	5	4	1	80	85	871.14541308838
1	412	17	4	0	80	85	559.76558006944
1	259	24	4	0	83	85	674.4249056118
1	635	32	4	0	74	86	354.73371581704
1	653	16	4	0	73	86	469.98090389122
1	637	1	4	1	74	86	877.13515153277
1	549	4	4	0	79	87	859.95981292135
1	375	1	4	1	83	88	974.43103341944
1	467	14	4	0	83	88	776.88037816473
1	576	7	4	0	80	88	783.63851445744
1	684	21	4	0	72	88	469.58591643899
1	19	1	7	2	86	88	971.33018193657
1	695	0	4	1	70	88	862.37567356282
1	469	2	4	0	83	88	968.25292674755
1	250	8	4	2	86	88	870.65992446631
1	93	1	4	1	86	88	1066.8821043159
1	337	14	4	1	83	88	768.5026682937
1	55	3	4	0	87	89	969.10578903347
1	515	9	4	0	81	89	777.3385865137
1	570	16	4	1	81	89	580.9557546416
1	161	13	4	0	87	89	679.86442184593
1	90	23	4	0	87	89	683.112552885
1	130	38	4	0	87	89	466.19117339294
1	170	47	4	0	87	89	378.28488489943
1	120	1	4	1	87	89	1077.2707128009
1	581	10	4	0	82	90	781.28894474836
1	206	6	4	0	88	90	967.01656986704
1	58	49	4	0	88	90	378.09684007103
1	666	25	4	0	76	91	469.78382999476
1	718	14	4	1	65	91	565.2439545314
1	122	1	4	0	89	91	1072.6357030544
1	79	59	4	0	89	91	277.98192109619
1	132	20	4	0	89	91	763.59714636219
1	594	19	4	0	83	91	668.62749906953
1	686	9	4	0	75	92	576.11716458045
1	135	31	4	0	90	92	577.60410902447
1	286	29	4	0	90	92	577.69169411565
1	131	33	4	1	90	92	463.63152568401
1	361	2	8	1	87	92	974.27515367222
1	109	5	4	0	91	93	968.04645786954
1	199	29	4	0	91	93	474.4210583044
1	172	40	4	0	91	93	473.52204088067
1	281	12	4	0	91	93	870.09695102571
1	101	22	4	0	91	93	678.66782250438
1	498	39	4	0	88	93	379.28648556508
1	690	2	4	0	77	94	863.04571341111
1	275	33	4	0	92	94	573.6436740304
1	187	31	4	0	92	94	560.64684262449
1	253	61	4	0	93	95	283.83873058201
1	602	1	4	1	87	95	1074.4545371418
1	447	8	4	0	90	95	964.4372895888
1	588	13	4	1	87	95	758.08029398701
1	125	19	4	0	93	95	770.92862597679
1	553	1	4	0	87	95	1066.7111928034
1	529	14	4	1	87	95	761.99223296313
1	596	34	4	0	88	96	473.73059570592
1	414	24	4	0	91	96	562.63573138281
1	64	9	4	0	94	96	972.6731269355
1	63	19	4	0	94	96	864.89417524122
1	272	45	4	1	95	97	484.90317804921
1	352	38	4	0	92	97	471.06273631691
1	579	7	8	3	89	97	949.04940596995
1	104	47	4	0	96	98	380.7464895587
1	493	48	4	0	93	98	482.02222130914
1	693	36	4	0	80	98	273.1955313663
1	244	48	4	0	96	98	466.97880189349
1	525	42	4	0	90	98	472.91526240613
1	212	4	4	0	96	98	1063.6455851545
1	226	25	4	0	96	98	773.97948686079
1	52	54	4	1	97	99	368.79962073579
1	563	38	4	0	91	99	476.49216847598
1	512	24	4	2	91	99	671.33839356
1	610	21	4	0	91	99	573.00769099014
1	202	34	4	1	97	99	656.18568734255
1	231	2	4	0	97	99	1173.1744162337
1	567	38	4	0	91	99	476.06883529754
1	436	1	4	1	94	99	1170.8691098383
1	270	20	4	0	97	99	768.96074924643
1	668	33	4	0	84	99	468.07261919575
1	386	54	4	0	94	99	384.85264202263
1	685	31	4	0	83	99	475.39736239873
1	152	20	4	0	98	100	780.96662148218
1	546	7	4	0	92	100	980.65243770177
1	333	16	7	0	95	100	768.72974730684
1	676	7	4	0	85	100	767.68574901926
1	300	42	4	0	99	101	470.00123702813
1	675	33	4	1	86	101	472.13425015542
1	3	11	7	0	99	101	965.03135496879
1	516	23	4	0	93	101	577.53326969904
1	223	4	7	1	99	101	1150.3379560359
1	421	20	4	0	96	101	859.93749139304
1	319	17	4	0	96	101	866.50067532496
1	475	38	4	0	97	102	571.27174278296
1	92	40	4	0	100	102	683.98688106913
1	522	21	4	0	94	102	766.59630444524
1	183	1	4	1	100	102	1272.9341271113
1	508	54	4	0	94	102	370.55793871842
1	404	38	4	0	97	102	484.22266743473
1	323	44	4	0	97	102	570.11214234805
1	80	35	4	1	101	103	565.06488816943
1	338	45	4	0	98	103	485.08358870508
1	663	2	4	0	89	103	766.80430363932
1	11	31	8	1	102	104	679.06683733363
1	185	11	4	0	102	104	1074.4740252788
1	114	27	4	0	102	104	764.8259243991
1	47	22	4	0	102	104	772.4412198269
1	372	1	4	0	100	105	1272.5422940261
1	60	27	4	0	103	105	663.36280421049
1	577	44	4	0	97	105	574.67261794935
1	204	10	4	0	103	105	766.52876486336
1	644	1	4	2	93	106	1065.9300731001
1	395	26	4	1	101	106	770.57939722566
1	13	28	7	0	104	106	667.85233625779
1	495	37	7	0	101	106	669.20278117857
1	110	15	4	0	105	107	762.50826096409
1	575	59	4	0	99	107	377.84740218637
1	518	20	4	1	99	107	870.73945667456
1	716	20	4	0	81	107	581.15506937941
1	665	38	7	0	93	108	468.3930491783
1	59	45	4	0	106	108	565.44754509272
1	30	25	7	1	106	108	774.18809357235
1	128	1	4	0	106	108	1270.2119987307
1	523	47	4	1	101	109	462.08438164677
1	624	39	4	0	97	109	663.23398675248
1	312	28	4	0	104	109	757.77938095099
1	222	14	4	0	107	109	775.74719812588
1	476	41	8	1	104	109	665.32444107687
1	407	59	4	0	105	110	267.81476760791
1	228	22	4	1	108	110	762.64348118786
1	215	31	4	1	108	110	868.48221543669
1	670	6	4	0	96	111	965.40820451421
1	239	20	4	0	109	111	966.44446992122
1	174	43	4	1	109	111	584.36261658704
1	441	65	4	0	107	112	368.01174456905
1	715	1	4	0	87	112	1066.5971834694
1	363	9	4	0	107	112	1169.5776612453
1	82	7	4	0	110	112	1077.1546562885
1	245	11	4	0	111	113	961.82642747977
1	559	25	4	0	105	113	868.38925415301
1	324	32	4	0	108	113	669.42503843935
1	539	40	4	0	105	113	553.57839011172
1	168	22	4	0	111	113	873.11205816063
1	489	22	4	0	108	113	866.90320135199
1	600	5	4	0	105	113	1160.7209046902
1	513	47	4	0	106	114	374.09689913059
1	236	41	4	0	112	114	660.24759980695
1	12	9	8	1	112	114	1182.2875487607
1	163	21	4	0	112	114	777.66927879323
1	31	43	4	0	113	115	375.8216299443
1	656	24	4	0	102	115	736.88696559465
1	485	28	4	0	110	115	765.7532978882
1	604	31	4	0	107	115	779.34411896031
1	692	23	4	0	98	116	779.63664192241
1	182	27	4	0	114	116	769.22856871238
1	176	22	8	1	115	117	770.30482285822
1	714	35	4	0	92	117	552.81463829954
1	725	35	3	0	68	117	265.7982584331
1	255	16	4	0	115	117	1067.411677283
1	435	75	4	1	112	117	274.20774696177
1	452	14	4	0	112	117	966.75676106026
1	662	37	4	0	103	117	462.11398444036
1	614	60	4	0	110	118	376.53907631349
1	144	54	4	1	116	118	673.84132925672
1	609	41	4	0	110	118	766.82696788483
1	649	29	4	1	106	119	871.17190892833
1	450	16	8	3	114	119	965.21195657115
1	504	57	4	0	112	119	471.82472710264
1	314	34	4	0	114	119	766.75503130492
1	432	42	4	0	114	119	757.45385516519
1	67	23	4	0	117	119	966.58142111664
1	507	68	4	0	112	120	369.43629778819
1	327	47	4	0	115	120	668.10961220501
1	107	23	4	0	118	120	770.59185721472
1	287	1	4	1	118	120	1472.7163335735
1	113	11	4	0	118	120	1163.4862416084
1	347	30	4	0	115	120	867.43145404908
1	243	1	4	0	118	120	1475.7423541462
1	351	35	4	0	116	121	664.53648195347
1	340	17	4	1	116	121	1063.430961213
1	679	34	4	0	106	121	606.92951453062
1	634	55	11	1	109	121	446.68455027563
1	221	69	4	0	119	121	367.75665874732
1	608	17	9	1	113	121	1072.1483880042
1	27	28	4	0	119	121	967.59722627253
1	509	13	4	0	114	122	1080.0762235363
1	661	12	4	0	108	122	773.00890767525
1	140	11	4	0	120	122	1076.9442275875
1	162	13	4	0	121	123	860.51637243887
1	551	61	4	1	115	123	465.488411903
1	510	14	4	0	115	123	1178.8102496448
1	655	33	4	0	110	123	639.4138039811
1	721	21	4	0	92	123	660.56295795222
1	28	40	11	3	121	123	877.85997376602
1	377	52	4	0	118	123	567.22791675484
1	136	27	12	0	121	123	965.40675502098
1	457	34	4	1	119	124	872.42351828059
1	331	37	4	0	119	124	881.13938727922
1	564	60	11	3	116	124	474.32593101842
1	188	70	4	0	122	124	454.56482550492
1	100	43	4	0	122	124	869.26233661006
1	230	23	4	0	123	125	875.71384028706
1	84	56	4	0	123	125	663.29678446249
1	389	62	4	0	121	126	371.04480767686
1	502	35	4	0	121	126	871.91478012829
1	451	22	4	0	121	126	1079.7528335321
1	427	36	4	0	121	126	675.48738005599
1	301	75	4	0	124	126	463.83829349889
1	442	47	4	0	121	126	573.73642682325
1	647	4	4	1	113	126	1266.8066203531
1	479	11	4	2	121	126	1274.9175180014
1	710	7	11	3	102	126	966.19369726071
1	50	31	4	0	125	127	859.78261260315
1	454	48	4	0	123	128	578.32710908673
1	582	19	4	0	120	128	1057.2915540743
1	566	18	4	0	120	128	966.34718268738
1	296	25	4	0	126	128	1175.227039068
1	531	66	4	2	120	128	479.51201397567
1	16	36	11	3	127	129	875.11109562956
1	357	41	4	0	124	129	773.35309802582
1	160	62	4	0	127	129	572.22629119659
1	208	15	4	0	127	129	1066.4245517745
1	503	56	4	0	124	129	671.04611738697
1	302	43	12	3	128	130	874.94400885609
1	97	59	4	0	128	130	471.38421407337
1	95	65	4	0	128	130	574.52746884273
1	393	19	4	0	125	130	1071.9243366081
1	420	1	4	0	126	131	1563.5360700921
1	380	10	4	0	126	131	1164.7653497608
1	22	19	4	0	129	131	1070.6942216076
1	480	11	4	0	126	131	954.89581850356
1	344	18	4	0	127	132	979.46856774538
1	561	66	4	0	124	132	572.70861647613
1	264	52	4	0	130	132	677.8844578472
1	118	1	4	0	130	132	1661.5136271569
1	355	54	4	0	127	132	577.15711562494
1	583	1	4	0	124	132	944.83984284407
1	700	50	4	1	112	133	577.7506977507
1	424	55	11	3	128	133	668.89507749979
1	398	30	4	0	128	133	1067.0896845909
1	87	1	10	6	131	133	1656.0180368081
1	238	25	4	0	132	134	963.16651417616
1	15	69	11	5	132	134	574.67519935658
1	205	36	4	0	132	134	958.82526072281
1	298	25	4	1	133	135	1174.4618918787
1	350	77	4	0	130	135	476.97691546627
1	381	64	4	3	130	135	567.25810929213
1	726	16	4	0	79	135	668.54948886464
1	99	33	4	1	134	136	860.14435226057
1	210	46	4	0	134	136	883.63547720496
1	615	5	4	0	128	136	1267.3688863767
1	645	36	4	0	124	137	662.4312679262
1	36	59	4	0	136	138	581.44240547673
1	342	81	4	1	133	138	471.48041712921
1	371	37	4	0	133	138	967.83151795007
1	574	40	4	0	130	138	681.10428048013
1	304	32	4	0	135	139	668.10463412566
1	194	78	4	0	137	139	569.56747679053
1	717	38	4	0	113	139	562.86788430397
1	550	40	11	0	131	139	870.12461217583
1	492	56	4	0	134	139	665.05023051681
1	240	52	4	0	137	139	973.49096760644
1	335	58	11	0	134	139	876.85813419241
1	433	76	4	0	134	139	480.44424038283
1	636	58	4	0	127	139	565.36931106507
1	297	65	4	1	137	139	673.94504980802
1	580	6	4	0	131	139	1067.7375297945
1	139	55	4	0	138	140	768.09980646635
1	267	36	4	0	138	140	1062.8954533134
1	40	7	11	6	138	140	1360.514451009
1	712	36	4	0	117	141	668.17331954686
1	33	16	4	0	139	141	1367.1964422354
1	256	49	4	1	139	141	766.85514951811
1	190	51	4	0	139	141	755.11441997643
1	466	21	4	0	137	142	971.47654468305
1	145	67	4	0	140	142	678.9556572812
1	697	61	4	0	123	142	556.04056678409
1	394	9	4	0	138	143	1458.6894464819
1	376	62	4	1	138	143	672.94948431756
1	652	41	4	0	130	143	1063.7611231583
1	535	17	4	0	136	144	962.67148249742
1	490	53	4	1	139	144	974.38296203627
1	186	42	4	0	142	144	1175.6163713201
1	322	59	4	0	140	145	758.13795925524
1	53	26	4	0	143	145	1166.0788790976
1	336	67	4	1	140	145	675.95477862033
1	562	37	4	1	137	145	868.31733144881
1	356	57	4	0	140	145	860.60947190335
1	669	26	4	0	130	145	1162.5327820918
1	249	70	4	0	144	146	561.82399974887
1	494	43	4	0	141	146	867.64321154597
1	592	63	4	0	139	147	677.73911530189
1	484	19	4	0	142	147	1174.577593109
1	179	47	4	0	145	147	963.53026480625
1	530	40	11	2	139	147	772.41396929308
1	293	83	4	0	145	147	478.55458925944
1	482	38	4	0	142	147	971.75638200742
1	329	71	11	1	143	148	579.1933328088
1	175	57	4	0	146	148	774.66473140361
1	423	87	4	0	143	148	476.73917513338
1	698	42	4	0	128	148	859.39889020797
1	72	50	4	0	146	148	976.3099898692
1	606	64	4	1	140	148	768.73062308937
1	32	59	11	0	147	149	669.28412227409
1	283	56	4	1	147	149	780.53433836982
1	651	71	4	0	136	149	467.27967794543
1	425	72	4	0	145	150	584.28453607984
1	557	79	4	1	142	150	566.10693650659
1	496	69	4	0	145	150	576.61830299364
1	38	82	4	0	148	150	677.0906546815
1	232	86	4	0	148	150	565.21890845072
1	458	82	4	0	146	151	475.30205840029
1	378	10	4	0	146	151	1070.3954667726
1	540	52	11	0	143	151	873.56230136647
1	207	60	4	0	150	152	769.66426902832
1	659	64	4	0	138	152	663.28787918969
1	105	78	11	2	151	153	676.45682840229
1	303	75	4	1	149	153	764.4506614307
1	411	52	4	0	148	153	975.26372766461
1	405	61	4	0	148	153	881.62635974309
1	627	53	4	0	141	153	779.72875560406
1	262	130	4	0	151	153	189.07074769205
1	258	36	4	0	152	154	968.20374177795
1	599	87	11	1	146	154	563.544958809
1	486	52	4	0	149	154	874.2776872193
1	134	67	4	0	153	155	758.39837556438
1	591	19	4	0	147	155	1062.9713147423
1	707	92	4	0	132	155	273.65481644988
1	667	36	4	1	140	155	876.11984739243
1	44	65	4	1	153	155	869.51996582129
1	640	60	4	0	142	155	866.35438769994
1	294	66	4	0	154	156	881.98600307391
1	75	48	4	0	155	157	882.01945432852
1	218	80	4	0	155	157	574.24980031172
1	359	69	4	0	152	157	572.55716186813
1	70	43	4	0	155	157	1173.6047935248
1	428	31	4	0	153	158	1178.2745028198
1	629	6	4	0	146	158	1066.3966521986
1	689	1	4	0	141	158	1078.0137819098
1	413	72	4	1	154	159	673.88860649927
1	282	35	4	0	157	159	1073.3003242695
1	446	57	4	0	154	159	780.4640503627
1	177	39	4	0	157	159	1175.4133619668
1	263	72	4	0	158	160	777.78155053825
1	585	37	4	0	152	160	1067.4180369732
1	29	97	4	0	158	160	581.94753974378
1	722	32	4	0	128	160	965.75888157832
1	213	52	4	0	158	160	973.48134874683
1	17	53	11	1	158	160	860.75680427574
1	709	57	4	0	138	161	666.70212532529
1	688	75	4	1	145	162	672.96438334297
1	345	56	4	0	157	162	865.01062482026
1	603	58	4	0	154	162	870.15671217018
1	367	63	4	0	157	162	871.01123106697
1	385	66	4	0	157	162	870.05953867032
1	277	27	4	0	160	162	1172.5187096795
1	379	107	4	1	158	163	370.77055426347
1	155	18	4	0	161	163	1274.1871537285
1	209	60	4	0	161	163	1070.5848004567
1	702	58	4	0	143	164	770.7640112669
1	235	46	4	0	162	164	970.41940115754
1	315	40	4	1	159	164	971.69385711888
1	618	54	4	0	153	164	673.32277924101
1	66	89	4	0	162	164	663.88945907637
1	225	61	4	0	163	165	870.44791892367
1	143	49	4	1	163	165	976.93842453721
1	590	67	4	0	157	165	657.32163528379
1	24	57	12	3	164	166	864.86684381274
1	537	78	4	0	158	166	772.63131231318
1	521	37	4	0	158	166	1075.0983011591
1	616	39	4	1	156	167	1275.5346268569
1	631	98	4	0	155	167	474.05363393122
1	611	27	4	1	159	167	1176.4004913811
1	548	44	4	0	159	167	1077.9815733681
1	514	54	4	0	159	167	868.0267273866
1	184	29	4	0	166	168	1266.6737212657
1	487	52	4	0	163	168	967.93502213873
1	112	57	4	0	166	168	975.00488030143
1	422	98	10	3	163	168	566.59930766475
1	34	34	4	0	167	169	1377.4020651272
1	271	39	4	1	168	170	1080.0009963418
1	464	49	4	0	165	170	1059.94421944
1	43	19	4	0	168	170	1569.8172888498
1	374	48	4	0	165	170	1079.3510540889
1	506	59	4	0	163	171	1070.8803664848
1	353	56	4	0	167	172	862.87138601897
1	313	85	4	0	167	172	775.00282363113
1	86	45	4	0	170	172	1078.3812435843
1	597	87	4	0	165	173	764.80839115651
1	21	41	11	0	171	173	1355.2463148846
1	453	43	4	0	168	173	1066.0292509286
1	533	57	4	0	165	173	1072.1532920216
1	288	69	4	0	172	174	772.64387427011
1	431	115	4	0	169	174	475.11080655361
1	388	39	11	0	169	174	1267.4638214962
1	626	37	4	0	162	174	1078.6372411757
1	164	52	4	0	172	174	1173.0515849868
1	397	104	4	1	171	176	671.89056024968
1	633	57	4	0	164	176	852.53475455469
1	25	34	11	3	174	176	1271.5220337958
1	171	89	4	0	174	176	880.52021757287
1	437	47	11	3	172	177	1171.3265769357
1	325	50	4	0	172	177	1163.4841824532
1	593	55	4	1	169	177	1178.059629776
1	260	57	4	0	175	177	778.31043522947
1	368	77	4	0	172	177	873.89219535986
1	158	41	4	0	175	177	1278.9267100075
1	309	37	4	0	172	177	1084.9072174649
1	387	76	4	0	172	177	1072.9253149393
1	9	37	11	0	176	178	1181.053320612
1	657	70	4	0	164	178	867.7089715918
1	65	104	11	3	176	178	472.45170270702
1	468	63	4	0	173	178	767.15014872578
1	547	28	4	0	170	178	1463.4140042324
1	392	49	4	0	173	178	1174.1094371031
1	328	34	4	0	173	178	1269.9349905212
1	369	72	4	0	173	178	1073.3372054126
1	103	17	4	0	177	179	1468.4747336319
1	497	24	11	1	174	179	1572.4537310713
1	320	69	4	0	175	180	964.69803498647
1	354	80	12	1	175	180	683.80907715533
1	330	59	4	0	175	180	1176.9383141337
1	68	68	4	0	179	181	1067.7156468927
1	687	43	4	0	164	181	1072.1547413977
1	35	88	4	0	179	181	774.03541211108
1	438	106	4	1	177	182	558.77830086997
1	619	36	4	0	171	182	1378.2559292811
1	252	61	4	0	180	182	1078.7393203407
1	203	54	4	0	182	184	1164.8768783882
1	307	30	4	0	179	184	1474.680718317
1	62	55	4	0	182	184	1266.5763063118
1	191	41	4	0	183	185	1348.1523647138
1	601	38	4	0	178	186	1279.1966862737
1	470	69	4	0	181	186	973.29539561466
1	558	31	4	0	178	186	1567.2486585196
1	310	41	4	0	181	186	1174.4306457168
1	96	70	4	0	184	186	966.72912096028
1	292	74	4	1	185	187	972.48657286734
1	150	30	4	0	185	187	1253.4516604704
1	116	48	4	1	185	187	1163.9831820187
1	678	87	4	1	172	187	861.38925458297
1	18	64	11	5	185	187	1163.2594148347
1	308	44	4	1	183	188	958.5186914025
1	56	55	11	2	186	188	1065.0260594393
1	273	71	4	0	187	189	981.6133907122
1	362	28	4	0	184	189	1474.2407819386
1	195	88	4	0	188	190	665.63200501881
1	408	64	4	0	185	190	1082.4597943642
1	410	37	4	0	185	190	1358.766499301
1	630	64	4	0	178	190	1067.2336818243
1	622	71	4	1	178	190	766.32422962
1	365	101	4	0	186	191	760.09452828487
1	587	103	4	0	184	192	774.32596633132
1	694	61	4	0	174	192	1069.6968937616
1	261	57	4	0	190	192	1061.4630627796
1	555	122	4	1	184	192	473.5639386822
1	102	48	4	0	190	192	1476.7489663926
1	153	77	4	0	191	193	1061.9132775492
1	227	100	4	0	191	193	877.69508847351
1	23	69	11	3	191	193	1062.0803179177
1	0	66	11	2	191	193	1166.0666686717
1	528	33	4	0	185	193	1368.8714994262
1	46	77	4	2	192	194	1174.3962046674
1	462	93	4	0	190	195	868.06549606819
1	124	63	4	1	193	195	964.00303608931
1	257	48	4	0	193	195	1278.0376199462
1	348	87	4	0	191	196	1066.5992719468
1	643	51	4	0	184	197	860.67678149713
1	14	97	11	2	195	197	971.63053604065
1	26	90	11	1	196	198	968.30888117381
1	623	83	4	0	186	198	964.16156543156
1	569	109	4	0	191	199	771.99315236691
1	196	65	4	0	197	199	1164.0116730341
1	6	44	11	0	197	199	1363.4235256037
1	491	56	4	0	195	200	866.64763657668
1	598	117	4	0	192	200	463.93377864964
1	724	52	4	0	153	201	774.1631275874
1	402	67	4	0	196	201	1174.7717657342
1	543	90	4	0	193	201	770.68349521534
1	641	89	4	0	188	201	774.97412972258
1	415	80	4	0	196	201	973.40490527625
1	173	77	4	0	199	201	954.49402206185
1	538	55	12	3	194	202	968.14088162049
1	526	67	4	0	194	202	1173.0738923516
1	306	79	4	0	199	203	972.35627944253
1	520	46	4	0	195	203	957.40963216817
1	554	67	4	0	195	203	869.09890747373
1	589	84	4	0	196	204	969.58694045293
1	727	0	0	0	50	204	529.10869498004
1	266	68	4	0	203	205	1260.3568101001
1	339	62	4	0	200	205	1277.3891676123
1	346	49	4	0	200	205	1376.8766120447
1	198	80	4	0	204	206	878.78487946939
1	691	70	4	1	189	207	1070.7372412737
1	147	75	4	0	205	207	873.75447872084
1	178	69	4	0	205	207	1371.3206459446
1	681	69	4	0	191	207	766.77273886359
1	42	69	4	0	206	208	1174.7316561683
1	443	72	4	0	203	208	872.66188711715
1	711	84	4	0	185	209	868.07462984049
1	434	115	4	1	204	209	768.053908315
1	8	72	12	3	208	210	1152.8255277011
1	181	45	4	0	208	210	1579.4817857083
1	10	53	11	1	208	210	1468.1841044564
1	157	55	4	1	208	210	1577.2453007826
1	265	75	4	0	209	211	1272.0228254442
1	478	68	12	2	207	212	1172.2931585715
1	341	86	4	0	207	212	973.14605100625
1	197	104	4	0	210	212	977.7080919863
1	123	115	4	0	210	212	857.6653001005
1	465	89	4	0	208	213	1169.5073753854
1	401	61	4	0	209	214	1170.8252287416
1	274	45	12	4	213	215	1472.5758503887
1	612	59	4	0	207	215	976.67429559594
1	234	88	4	0	213	215	1159.5256516877
1	628	122	4	0	203	215	585.2134881556
1	701	51	4	0	195	216	1373.7833469139
1	391	123	4	0	211	216	666.60300321151
1	720	84	4	1	189	218	962.64125719856
1	552	81	12	3	210	218	972.58479584755
1	418	87	4	0	213	218	962.4492608711
1	682	49	4	0	203	219	1161.7520194196
1	704	54	4	0	198	220	1345.0173422947
1	677	71	4	0	206	221	1156.6432774167
1	556	59	4	0	213	221	1471.7100819675
1	299	74	4	0	219	221	1281.5981344024
1	571	79	4	0	213	221	1184.2791601333
1	524	96	4	0	215	223	1284.4764015619
1	254	76	4	0	221	223	1183.6693405503
1	671	98	4	0	210	225	1176.6141947489
1	49	92	13	3	223	225	1071.1600193054
1	672	70	4	0	211	226	1160.3684179624
1	648	95	4	0	215	228	972.65530924757
1	674	92	4	0	214	229	1374.5978759314
1	2	101	12	2	228	230	1170.9054070292
1	532	85	4	1	223	231	1160.159134833
1	246	109	4	0	229	231	975.32298251757
1	620	92	4	0	220	232	1172.9625864903
1	119	105	4	0	231	233	1061.2089958755
1	201	67	4	0	231	233	1253.6346522668
1	586	102	4	0	225	233	1176.5236596338
1	69	116	4	0	231	233	983.44686405442
1	642	56	4	1	221	234	1565.7763497857
1	505	60	4	0	227	234	1166.6904610942
1	317	99	4	0	230	235	1260.4838478832
1	456	107	12	1	231	236	1080.2206833496
1	660	78	4	0	222	236	1159.5961678804
1	703	61	4	0	217	238	1065.7254866723
1	156	68	4	0	237	239	1273.412559113
1	291	117	4	0	238	240	1080.242328674
1	39	73	4	1	240	242	1359.0584184891
1	621	47	4	0	230	242	1366.8308536842
1	719	88	4	0	216	243	1273.2611356594
1	151	129	4	0	243	245	970.579083558
1	565	82	4	0	239	247	1357.2411465156
1	106	66	13	3	245	247	1369.4847888521
1	94	62	4	0	246	248	1471.4106448977
1	290	94	4	0	246	248	1463.2319024021
1	699	48	4	1	229	249	1670.5066412615
1	706	68	4	0	232	254	1467.6377173007
1	455	89	4	1	254	259	1662.2199927028
1	217	130	4	0	282	284	1372.1785181982
2	41	1	0	0	9	11	84.083478558739
2	95	1	0	0	9	11	78.725432693446
2	196	1	0	0	9	11	79.361680944776
2	70	1	0	0	9	11	84.928468238446
2	108	1	0	0	9	11	85.783093021702
2	46	1	0	0	9	11	84.172604590468
2	78	1	0	0	9	11	82.451603082125
2	62	1	0	0	9	11	78.764639017917
2	90	1	0	0	10	12	88.227296857772
2	50	1	0	0	10	12	85.592903918503
2	67	1	0	0	10	12	88.911644163572
2	280	1	0	0	10	12	88.77606468751
2	194	1	0	0	10	12	92.357927373257
2	141	1	0	0	10	12	93.046337719641
2	122	1	0	0	10	12	94.178297373465
2	304	1	0	0	10	12	93.476109475183
2	87	1	0	0	10	12	93.358521003588
2	64	1	0	0	10	12	92.07735973032
2	453	1	0	0	9	14	82.57324065764
2	494	1	0	0	9	14	88.738645798178
2	523	1	0	0	10	15	91.245444905118
2	500	1	0	0	10	15	88.497247918686
2	526	1	0	0	10	15	90.053557159468
2	544	1	0	0	10	18	93.066061494477
2	614	1	0	0	10	18	93.436270244771
2	560	1	0	0	10	18	92.30299133603
2	586	1	0	0	10	18	93.122440197538
2	246	1	0	0	18	20	175.0000794029
2	182	1	0	0	18	20	183.13174164733
2	522	1	0	0	16	21	173.48368699329
2	237	1	0	0	19	21	193.93118126513
2	639	1	0	0	9	21	82.345023798826
2	689	0	0	0	7	23	82.336472037255
2	392	1	0	0	18	23	186.96025141597
2	681	1	0	0	10	25	88.801261582475
2	172	1	0	0	25	27	276.40749988216
2	128	1	0	0	25	27	269.037484363
2	77	1	0	0	26	28	275.30832902179
2	431	1	0	0	25	30	272.13993708435
2	192	2	4	1	30	32	270.9743747512
2	715	1	4	0	9	32	80.040712791262
2	298	9	4	0	32	34	181.93236849168
2	377	9	4	1	29	34	171.98190649638
2	101	4	4	1	32	34	276.73198066425
2	114	1	4	0	33	35	364.45696763615
2	385	4	4	0	33	38	279.18395990914
2	20	10	4	0	37	39	271.69113114444
2	332	7	4	0	34	39	270.86582420929
2	570	1	4	0	32	40	385.25532815016
2	553	8	4	0	32	40	188.8197289988
2	650	0	4	0	30	42	377.24573323824
2	618	10	4	0	38	46	282.75800878476
2	730	0	0	0	6	47	79.529384328355
2	611	5	4	1	39	47	366.63577400713
2	578	7	4	0	39	47	275.79644421798
2	299	1	4	0	45	47	466.7753780271
2	669	1	4	0	35	49	374.17772983322
2	447	3	4	2	45	50	482.77760062223
2	622	1	4	0	42	50	468.42220702003
2	146	1	4	0	48	50	563.78861774682
2	186	1	4	0	48	50	575.60763226756
2	362	1	4	0	46	51	573.96103272395
2	505	1	4	0	46	51	480.4772015175
2	18	1	4	1	49	51	564.72357440582
2	316	2	4	0	48	52	583.18820073014
2	459	1	4	0	48	53	571.27033812065
2	458	1	4	2	49	54	566.50522399068
2	543	21	4	0	48	56	177.88467074906
2	424	6	4	0	51	56	476.16643682014
2	579	1	4	0	48	56	576.293709635
2	1	9	4	0	55	57	475.02845155277
2	703	0	4	0	38	57	482.92060710595
2	226	3	4	0	55	57	571.31564351218
2	502	7	4	0	53	58	460.76253310688
2	346	1	4	0	53	58	572.06131958386
2	376	17	4	0	54	59	368.24441905531
2	33	1	4	0	57	59	671.87585139597
2	260	1	4	0	59	61	671.10556123529
2	22	1	4	2	59	61	662.19945821561
2	335	5	8	2	57	62	568.18284494314
2	206	21	4	0	60	62	382.01255381887
2	48	27	4	0	61	63	280.29614114521
2	161	19	4	0	61	63	473.58117320114
2	106	17	4	0	61	63	383.82857982241
2	240	6	4	0	61	63	579.37043705192
2	228	12	4	0	61	63	559.0840852465
2	442	12	4	0	58	63	474.78945142862
2	677	1	4	1	49	64	581.80968074479
2	718	3	8	1	39	64	371.13464836386
2	29	5	8	2	62	64	565.88926950482
2	687	1	4	0	48	64	562.3485160611
2	633	1	6	1	57	65	674.08457656772
2	42	1	4	0	63	65	768.31553272296
2	464	8	4	0	61	66	562.72864514792
2	168	11	4	0	64	66	462.52513803077
2	17	11	4	0	64	66	567.90359141058
2	383	2	4	0	62	67	674.32250468379
2	319	1	4	0	62	67	782.41928821511
2	60	5	4	0	66	68	574.12119149425
2	277	9	8	1	67	69	568.64988007751
2	307	36	4	0	67	69	276.80418415964
2	497	1	4	1	64	69	778.7767343929
2	394	10	4	0	64	69	469.32481853107
2	285	4	4	1	67	69	673.21344893269
2	537	7	4	1	61	69	563.6914011588
2	57	12	4	0	68	70	578.31688458295
2	472	27	4	0	65	70	366.18426957747
2	222	40	4	1	68	70	268.73216881736
2	713	0	4	2	47	70	582.03067207255
2	353	6	4	0	65	70	659.53237120419
2	667	14	4	0	58	71	475.47000844784
2	269	2	4	0	69	71	768.71727505916
2	215	32	4	0	69	71	392.17228500524
2	493	11	4	0	67	72	577.13508437232
2	216	10	8	0	70	72	679.87512865255
2	261	9	4	0	70	72	565.0292507888
2	321	18	4	0	67	72	471.12593951681
2	124	17	4	0	71	73	474.11614825984
2	495	13	4	1	68	73	580.7534618869
2	479	12	8	1	68	73	568.79213352094
2	433	1	4	0	69	74	877.17834343806
2	85	9	4	1	72	74	666.51224488707
2	354	1	8	4	70	75	861.55148323124
2	370	1	8	3	70	75	885.42814669444
2	514	1	4	0	70	75	872.8686550236
2	518	6	4	1	71	76	767.18341407396
2	511	1	4	1	71	76	867.27585504182
2	638	5	4	0	69	77	675.120197784
2	211	8	4	0	75	77	776.48576162094
2	235	13	4	0	75	77	666.08134855176
2	568	1	4	0	69	77	877.61240820783
2	682	41	4	1	63	78	183.10365669825
2	363	16	4	1	73	78	477.46763750897
2	374	1	4	0	74	79	875.72403761621
2	358	17	4	0	74	79	559.04604670324
2	73	1	4	1	77	79	982.92774796136
2	352	1	4	0	74	79	877.56139096568
2	79	1	4	0	77	79	955.74644406945
2	340	16	8	0	75	80	468.6350965156
2	275	20	4	0	78	80	582.13275947917
2	417	1	4	0	75	80	873.82769582501
2	728	11	4	0	45	81	381.84801231185
2	66	31	4	0	79	81	480.07627492709
2	662	0	4	0	68	81	830.47140955947
2	359	24	4	0	77	82	463.32209220964
2	700	1	4	1	64	82	774.15333464001
2	52	43	4	1	80	82	367.87679570109
2	145	2	4	0	81	83	969.0193335718
2	6	3	8	3	81	83	872.23363092528
2	387	14	4	0	78	83	565.83590853045
2	620	21	4	0	75	83	567.11083437919
2	373	9	4	0	78	83	762.7840641138
2	163	1	4	0	81	83	967.67024241815
2	632	27	4	0	75	83	465.94769226406
2	0	21	8	3	81	83	479.35393400781
2	486	13	4	1	78	83	649.51295052657
2	325	19	4	0	78	83	662.77613761329
2	234	14	4	0	82	84	665.94323586228
2	134	9	4	0	82	84	569.04843428429
2	720	19	4	0	60	85	271.64572417776
2	400	18	4	0	80	85	666.59761437821
2	202	1	4	0	83	85	972.85025655309
2	116	10	4	0	84	86	773.30485225143
2	587	32	4	0	78	86	472.32273477762
2	516	14	4	0	81	86	760.99204267241
2	27	6	4	0	84	86	867.13702994001
2	378	12	4	0	81	86	653.63955599991
2	264	38	4	0	84	86	377.38971102003
2	306	1	4	0	84	86	1066.3663011186
2	61	20	4	2	84	86	772.39923679997
2	531	14	4	1	79	87	473.42839447338
2	585	28	4	0	79	87	480.45721974424
2	80	4	4	1	85	87	870.17709264638
2	643	13	4	1	75	87	680.9654008144
2	341	1	4	0	82	87	968.56007480815
2	209	12	4	0	85	87	884.62464430191
2	133	17	4	0	86	88	775.84502144731
2	125	1	4	3	86	88	1061.8350387187
2	308	19	4	0	86	88	562.91900275853
2	598	17	4	0	80	88	561.38291969362
2	258	4	8	1	86	88	971.74931085828
2	444	40	8	4	84	89	284.28537614226
2	198	12	4	0	87	89	862.99118618295
2	418	18	4	1	84	89	763.97621012171
2	673	27	4	2	74	89	465.98600468179
2	248	1	4	0	88	90	969.39330298476
2	245	17	4	0	88	90	670.42750253704
2	375	31	4	0	86	91	572.26755824291
2	276	4	4	0	89	91	976.22877613432
2	121	21	4	0	89	91	569.55068627797
2	97	4	4	0	90	92	957.79747139477
2	294	1	4	0	90	92	1067.8633176464
2	257	23	4	0	90	92	671.29899612253
2	350	34	4	0	88	93	462.2580971192
2	533	29	4	2	85	93	572.42484555406
2	555	9	4	0	85	93	874.94448098636
2	312	44	4	0	92	94	362.82357719089
2	185	30	4	0	92	94	460.20175528357
2	696	1	4	1	77	94	962.94910417478
2	144	41	4	0	93	95	479.12976054407
2	36	25	4	0	93	95	665.87304567046
2	327	39	4	0	90	95	478.37020935676
2	727	6	4	0	60	95	562.7017765389
2	310	15	4	0	93	95	881.23575252734
2	532	3	4	0	87	95	949.77577639895
2	647	16	4	3	83	95	672.4230432423
2	218	31	4	1	93	95	668.66946012146
2	468	38	4	0	91	96	375.94995667718
2	461	28	4	0	91	96	668.04971127767
2	214	21	4	1	94	96	770.91128395067
2	223	5	4	1	94	96	1074.9520417396
2	123	1	8	2	94	96	1170.4296494582
2	287	44	4	0	95	97	475.86487951973
2	501	17	8	1	92	97	670.20082376474
2	38	1	8	0	95	97	1168.9468882945
2	282	17	4	0	95	97	864.53277277331
2	426	14	4	1	92	97	864.05874101805
2	58	12	4	0	96	98	979.33995286339
2	92	8	4	1	96	98	973.1674292871
2	548	9	4	1	90	98	863.57800740947
2	538	36	4	0	91	99	477.02968512221
2	169	50	4	0	97	99	469.85499610144
2	56	19	4	0	97	99	665.50331168319
2	546	44	4	0	92	100	480.17314571268
2	178	58	4	0	98	100	366.73295911003
2	659	3	4	0	87	100	966.40209656988
2	156	35	4	0	98	100	567.73703674585
2	670	15	4	0	86	100	751.15261127047
2	380	21	4	1	95	100	759.60333435117
2	324	36	4	0	96	101	566.23002908273
2	710	18	4	0	79	101	476.87833707093
2	89	9	4	0	99	101	761.30453970582
2	437	33	4	1	97	102	380.97369419145
2	690	4	4	0	86	102	761.7339264799
2	65	1	4	0	100	102	1264.0039809504
2	165	22	4	0	100	102	864.81311193332
2	432	25	4	0	98	103	664.18794814039
2	225	42	4	0	101	103	559.74503079183
2	266	38	4	0	101	103	470.321215024
2	130	7	4	0	101	103	1062.3123027732
2	492	43	4	0	99	104	475.6194980643
2	702	3	4	0	85	104	879.14489122047
2	615	1	4	1	96	104	1175.3033969646
2	722	26	4	0	78	105	279.72681270319
2	607	9	4	0	97	105	960.76544884545
2	191	1	4	0	103	105	1271.6807672878
2	477	60	4	0	100	105	364.22488095307
2	640	1	4	1	93	105	1169.7371889203
2	407	2	4	0	100	105	1169.2487918862
2	451	13	4	0	100	105	865.74242311449
2	439	10	4	0	101	106	971.96760003537
2	187	43	4	0	104	106	469.72673658449
2	153	38	4	0	104	106	665.14243146726
2	409	14	4	0	101	106	963.18061479377
2	160	27	4	1	104	106	669.03847345932
2	31	20	4	0	104	106	958.27863488438
2	467	32	4	1	101	106	759.37487315843
2	21	24	4	0	105	107	762.53095957402
2	242	28	4	0	105	107	869.48853442255
2	498	7	4	0	102	107	1074.6543199676
2	421	29	4	1	102	107	675.59796868336
2	576	24	4	0	100	108	882.99310565362
2	716	40	4	1	84	108	370.38362768121
2	329	24	4	0	103	108	768.16238950737
2	608	7	4	0	100	108	980.44311274956
2	463	6	4	0	103	108	1076.4993456115
2	528	4	4	0	103	108	1074.5994255991
2	132	11	4	0	107	109	1162.535320495
2	342	48	4	1	104	109	454.55875745067
2	603	23	4	0	101	109	575.50739512073
2	271	50	4	0	107	109	477.71695142301
2	550	27	4	0	101	109	679.3214863315
2	104	49	4	0	107	109	473.18703982171
2	475	1	8	1	104	109	1277.3109293246
2	100	50	4	0	107	109	569.88622107905
2	491	40	4	0	104	109	665.60565218368
2	547	1	4	0	102	110	1258.3470717241
2	273	13	4	0	108	110	1069.4873653929
2	303	59	4	0	108	110	477.69643257429
2	197	17	4	0	108	110	965.85819285281
2	541	51	4	0	103	111	377.89087494116
2	217	48	4	0	109	111	571.43126572826
2	105	6	4	0	109	111	1174.7300992637
2	238	38	4	0	109	111	576.1547994148
2	220	15	4	0	110	112	970.08331670173
2	545	36	4	0	104	112	753.40325294785
2	455	49	4	0	107	112	580.09254388874
2	695	24	4	0	95	112	767.16450693892
2	403	48	4	3	108	113	461.19233107633
2	180	1	4	0	111	113	1376.1776343017
2	612	20	4	0	105	113	859.27178928383
2	274	39	4	1	111	113	771.68369534355
2	649	43	4	0	101	113	578.70547887645
2	664	20	4	0	101	114	877.18727364897
2	343	18	4	0	109	114	752.95379913827
2	504	20	4	0	110	115	868.99329084491
2	487	55	4	0	110	115	576.73933779867
2	705	29	4	1	94	115	564.07318213926
2	338	16	4	0	111	116	982.90980338781
2	82	1	4	0	114	116	1365.69402145
2	549	1	4	1	108	116	1363.0540074005
2	115	28	4	0	114	116	666.65662033866
2	470	38	4	0	111	116	580.3550721006
2	136	24	4	0	115	117	968.27419259775
2	190	17	4	0	115	117	976.16635906111
2	584	9	4	0	109	117	1067.2527459186
2	243	35	8	0	116	118	654.9924161431
2	314	32	4	0	116	118	776.42087183864
2	592	35	4	0	110	118	671.44799262989
2	449	53	4	0	113	118	673.57357855623
2	561	33	4	1	110	118	763.73592785012
2	540	54	4	0	110	118	461.53255690407
2	193	32	4	0	117	119	769.08888253833
2	423	15	4	0	114	119	977.74928010757
2	688	65	4	0	103	119	275.3632625812
2	655	71	4	0	106	119	253.2995326629
2	129	42	4	0	117	119	771.66572278708
2	142	37	4	0	118	120	861.47489237286
2	139	71	4	0	118	120	459.73902249495
2	624	28	4	1	113	121	763.50289098588
2	414	11	4	0	116	121	977.78100707069
2	529	36	4	1	113	121	766.5921150916
2	473	42	4	0	117	122	669.43412112251
2	694	15	12	2	105	122	950.29068999842
2	219	65	4	0	120	122	376.38334208898
2	651	55	4	0	110	122	369.18468848786
2	54	20	4	0	120	122	972.66501237945
2	513	51	4	0	117	122	681.35332272099
2	484	39	4	0	118	123	672.81408952642
2	717	34	4	0	99	123	670.10781509395
2	177	42	4	0	121	123	769.78349337827
2	117	44	4	0	121	123	671.33175603555
2	589	44	11	3	115	123	758.22119704004
2	678	31	11	3	108	123	874.02111128311
2	339	24	12	4	118	123	863.16250948751
2	174	47	4	0	122	124	581.34375644609
2	668	40	4	0	110	124	651.63383465921
2	410	29	12	3	119	124	967.20499793347
2	605	38	4	1	117	125	776.80730483985
2	496	19	4	0	120	125	1154.3381248181
2	37	23	10	3	123	125	1069.0372289092
2	91	80	4	0	124	126	375.82822134843
2	583	36	4	0	118	126	578.27136779452
2	94	40	4	0	124	126	679.58994331717
2	654	17	4	1	114	126	990.69586256309
2	563	57	4	0	119	127	469.34951984362
2	15	28	12	1	125	127	868.28399663929
2	84	47	4	0	125	127	667.74122134633
2	200	36	12	1	125	127	761.8959661392
2	536	47	4	0	119	127	671.7643777253
2	135	25	4	0	125	127	1081.3583534474
2	250	38	4	1	126	128	868.64617981156
2	157	1	4	2	126	128	1575.9847351409
2	693	50	12	1	112	128	573.20730764978
2	481	71	4	1	123	128	475.08924456818
2	35	32	4	0	127	129	776.39058824119
2	542	17	4	0	121	129	1068.0780725074
2	557	7	4	1	121	129	1272.5553862532
2	262	30	12	2	128	130	761.81440193311
2	349	1	4	0	125	130	1580.3818064227
2	96	1	4	0	128	130	1569.9499922946
2	480	54	4	1	126	131	767.43435664337
2	181	15	4	0	129	131	1376.4543611681
2	569	38	4	0	123	131	685.96702546492
2	595	68	4	0	123	131	471.24475752359
2	309	38	4	0	129	131	775.12390483433
2	63	38	4	0	130	132	766.70854895749
2	204	6	4	0	131	133	1172.3357406201
2	224	57	4	0	131	133	761.89122789521
2	686	30	4	0	118	134	876.99486107561
2	446	50	4	0	129	134	566.04502783657
2	184	47	4	0	133	135	961.05594629255
2	582	25	4	0	127	135	772.25451876847
2	530	59	4	1	127	135	764.56124094352
2	323	30	4	0	130	135	1072.2245335179
2	405	41	4	0	130	135	772.22623228967
2	434	61	4	0	131	136	776.04943577597
2	286	44	12	2	134	136	784.28330676841
2	127	37	4	0	134	136	975.32480899049
2	517	57	4	0	132	137	483.29224697027
2	567	45	4	0	129	137	674.99776403211
2	366	39	4	1	132	137	980.55510639324
2	483	57	4	0	132	137	778.06683415448
2	365	67	4	0	132	137	573.39276687067
2	195	16	4	0	135	137	1261.7178294409
2	345	24	4	0	132	137	966.33637181663
2	155	55	4	0	136	138	863.73170055119
2	675	68	4	0	123	138	477.67973685666
2	656	6	4	0	125	138	1260.0389816023
2	75	56	4	0	136	138	773.94550028963
2	657	64	4	0	125	138	572.13379567752
2	552	46	4	0	131	139	764.70023499495
2	680	61	4	0	124	139	461.39720656649
2	288	11	4	1	137	139	1558.5271971288
2	47	51	4	0	137	139	666.2528205795
2	465	56	4	0	135	140	767.70428268379
2	460	89	4	0	135	140	460.95462893336
2	408	71	4	0	135	140	468.98053036904
2	32	49	4	0	138	140	670.96756116827
2	305	47	4	0	139	141	677.77130400485
2	289	47	4	0	139	141	875.05509605279
2	330	23	4	0	136	141	977.13465499622
2	360	14	4	0	136	141	1268.3093462514
2	565	30	4	0	133	141	764.64125192627
2	199	59	4	0	139	141	767.63011988653
2	251	80	4	0	139	141	573.3055290612
2	401	40	4	0	136	141	773.1417685227
2	597	67	4	0	134	142	553.55016094179
2	300	51	4	0	140	142	874.21652843448
2	382	33	4	0	137	142	973.9372728933
2	297	72	4	0	141	143	656.27004750809
2	315	37	4	0	142	144	981.5536688966
2	336	57	12	1	139	144	774.60008342539
2	103	48	4	0	142	144	871.22454026444
2	430	31	4	0	140	145	973.46686731152
2	574	35	4	0	137	145	865.63818884926
2	221	40	4	0	143	145	1165.8605825434
2	49	55	4	1	143	145	762.35718459515
2	534	6	4	0	137	145	1571.7666778914
2	120	62	4	0	143	145	773.8736989187
2	509	29	4	0	140	145	1272.1142193402
2	281	59	4	0	144	146	783.28883511597
2	482	53	12	0	141	146	757.65835075119
2	291	60	4	0	144	146	876.18503364113
2	679	1	4	0	131	146	1574.1706350347
2	265	65	4	0	145	147	677.57819800905
2	93	51	4	0	145	147	872.9882892649
2	389	8	4	1	142	147	1558.9747176539
2	259	66	4	1	145	147	778.64280667178
2	381	39	4	0	142	147	1069.4310957409
2	158	52	4	0	146	148	865.40454025424
2	699	56	4	0	130	148	666.00260445403
2	556	31	12	2	141	149	1175.0122782104
2	328	80	12	2	145	150	673.74122799281
2	452	81	4	0	145	150	582.98956758433
2	521	47	11	2	145	150	971.90384979972
2	83	39	4	1	148	150	768.70630138509
2	566	47	4	0	142	150	882.24673073904
2	53	52	4	0	148	150	970.37895572535
2	278	62	4	0	149	151	767.96430623975
2	175	36	4	0	150	152	1171.2511417882
2	692	52	4	0	136	152	771.84315433635
2	3	42	12	2	150	152	1060.1679322793
2	4	56	12	1	150	152	875.66022983992
2	506	47	4	0	148	153	879.54364704421
2	609	28	12	3	145	153	1063.8568193036
2	367	40	4	0	148	153	983.7544962988
2	14	51	12	0	152	154	673.85493814457
2	295	47	4	0	152	154	860.58172335549
2	311	71	4	0	152	154	579.04224956484
2	348	47	4	0	149	154	973.616491993
2	476	49	4	1	150	155	665.91827240141
2	357	29	4	0	150	155	1162.1319726573
2	113	54	4	0	153	155	865.02041361767
2	485	89	4	0	150	155	379.36118266288
2	203	51	4	0	153	155	1073.327326552
2	731	16	4	1	105	156	576.3414608918
2	152	19	4	0	154	156	1272.2251144229
2	356	99	4	0	151	156	475.59509975108
2	88	49	4	1	155	157	960.34553515449
2	68	39	12	2	155	157	1165.4262249998
2	425	73	4	0	153	158	678.4156725643
2	419	48	4	0	153	158	860.22283078891
2	331	59	4	0	153	158	759.45374811069
2	428	10	4	0	153	158	1262.2585056598
2	454	33	4	0	153	158	976.77518089058
2	519	64	4	0	153	158	672.78772362313
2	25	1	4	0	157	159	1566.199177076
2	293	58	4	0	157	159	778.95904562434
2	602	28	12	2	151	159	1066.2889477808
2	244	30	4	0	157	159	1270.3231611993
2	406	21	4	0	155	160	1367.2737563375
2	663	10	4	0	147	160	1365.8171414048
2	524	64	4	0	155	160	1062.5158364772
2	44	44	4	0	159	161	970.25025026058
2	43	42	4	0	159	161	1058.973719656
2	148	75	4	1	159	161	765.7237422417
2	179	58	4	2	160	162	970.19287821455
2	554	47	4	0	154	162	1276.2091046245
2	12	107	12	0	161	163	584.59097322635
2	420	65	4	0	158	163	1072.8435084777
2	107	56	4	0	161	163	765.02788734274
2	535	62	4	1	155	163	759.22952023945
2	613	27	4	0	156	164	1170.7367534982
2	726	49	4	1	130	164	569.94973107083
2	711	52	4	0	141	164	668.87469359484
2	644	37	4	0	154	166	973.01883838422
2	616	25	4	0	158	166	1065.8128844655
2	450	86	4	0	161	166	767.55535864084
2	596	72	4	0	158	166	877.19570123999
2	384	77	12	1	162	167	677.6683241099
2	24	75	4	0	165	167	869.27490034908
2	671	51	4	1	153	167	908.70970066928
2	684	40	4	0	152	167	1071.4949128089
2	390	51	4	0	163	168	882.37247702199
2	138	45	4	0	166	168	1056.420036919
2	591	34	12	4	160	168	978.77255562514
2	577	74	4	0	160	168	773.48620801324
2	665	103	4	0	156	169	440.33923185832
2	164	38	4	0	167	169	976.88809994124
2	402	49	4	0	164	169	1066.0219300826
2	379	27	4	0	164	169	1269.2683537961
2	714	48	4	1	146	169	685.50657611967
2	102	95	4	0	168	170	482.83489860964
2	404	70	4	1	165	170	668.76430482937
2	205	57	4	1	168	170	966.24354656605
2	9	45	12	3	168	170	868.10491548811
2	137	67	4	0	169	171	773.62029281658
2	626	102	4	0	163	171	376.56335333176
2	232	66	4	0	169	171	669.11019791245
2	256	72	4	0	169	171	669.32574647406
2	253	72	4	0	169	171	767.89171204282
2	7	37	12	1	169	171	1166.5461246893
2	398	63	4	0	166	171	980.76581870657
2	723	75	4	0	145	172	582.17069456593
2	719	37	4	0	147	172	866.93063427306
2	333	55	4	0	167	172	1064.4136673912
2	628	43	4	0	164	172	1173.2028316864
2	326	44	4	0	167	172	1070.5743624988
2	630	55	4	0	164	172	769.0284298234
2	478	39	4	1	167	172	1169.7439931892
2	361	71	4	0	167	172	964.51003040708
2	372	72	12	3	168	173	863.19230527586
2	704	2	4	0	152	173	1678.5831624504
2	355	86	4	1	169	174	585.38134301797
2	11	52	12	2	172	174	977.57578950736
2	397	50	4	0	169	174	1167.2103708361
2	652	24	4	0	162	174	1470.3371209303
2	313	55	4	0	172	174	1065.9799326412
2	13	56	12	3	172	174	1365.8379559448
2	396	47	4	0	170	175	1174.7385343193
2	539	57	4	0	167	175	1072.3719564657
2	399	66	4	1	170	175	1066.6503822146
2	621	72	4	0	167	175	967.4389769298
2	369	75	4	0	171	176	660.02517158611
2	474	52	4	0	171	176	1165.3119181976
2	110	22	4	0	174	176	1378.4500695294
2	171	42	4	0	174	176	1178.3487046425
2	448	57	4	0	171	176	868.49112097886
2	590	56	12	2	168	176	1073.4775971007
2	588	74	4	1	169	177	776.54380747211
2	368	78	4	0	172	177	876.85867710599
2	412	58	4	0	172	177	977.84495458596
2	30	59	4	0	175	177	1272.3240409665
2	59	65	4	0	175	177	1057.4941948437
2	302	70	4	0	175	177	1166.2355604009
2	593	61	4	0	169	177	778.32887435706
2	347	46	4	0	172	177	869.82764441636
2	151	70	4	0	175	177	861.21224164458
2	98	115	4	0	176	178	478.98445489653
2	631	58	4	0	170	178	874.02351865124
2	176	35	4	0	176	178	1262.6401303349
2	5	99	12	2	177	179	567.86996777943
2	573	61	4	0	171	179	879.41003561748
2	162	28	4	0	177	179	1369.2114902035
2	119	68	4	0	177	179	955.01712477884
2	150	53	4	0	177	179	977.10363307241
2	74	43	4	0	177	179	1063.2534218183
2	435	73	4	0	174	179	762.80600749734
2	559	59	12	0	171	179	971.24594339419
2	610	54	4	0	172	180	881.95537681955
2	581	33	4	0	172	180	1269.6880048853
2	510	65	4	1	175	180	978.65501421266
2	558	62	4	0	173	181	866.63950494125
2	413	84	4	0	176	181	877.28456681936
2	183	52	4	0	180	182	1066.1509854675
2	422	40	4	0	177	182	1263.0063152449
2	233	27	4	0	180	182	1464.9277165214
2	512	76	4	0	177	182	884.51349284739
2	252	64	4	1	181	183	968.05254881301
2	634	79	4	0	175	183	845.89477547113
2	520	63	4	0	179	184	971.51030311438
2	672	68	12	0	169	184	965.38301314065
2	34	70	4	0	182	184	1071.5672380017
2	572	36	4	1	176	184	1359.4941859551
2	283	107	4	0	183	185	572.51565008411
2	334	71	4	0	180	185	868.04205753748
2	167	58	4	1	183	185	976.96662316174
2	653	31	4	0	173	185	1348.3597584964
2	26	77	4	0	183	185	768.44676840561
2	724	93	4	0	158	186	475.16582751181
2	499	60	4	0	181	186	677.16074686903
2	247	59	4	0	184	186	1263.4119505238
2	213	82	4	0	184	186	978.57707811371
2	149	59	4	0	185	187	1367.1256246846
2	503	58	12	3	182	187	962.76120126851
2	208	74	4	0	185	187	964.68777346776
2	166	91	4	0	185	187	867.1113533841
2	229	78	4	0	186	188	772.06148179564
2	438	48	4	0	183	188	975.69146646755
2	440	54	4	1	183	188	1079.0194468833
2	317	84	4	0	184	188	773.48060954524
2	112	74	4	0	186	188	972.83567692543
2	471	36	4	1	184	189	1164.0263868603
2	159	124	4	0	187	189	480.00657628528
2	254	53	4	0	187	189	1072.3597669383
2	69	58	4	0	188	190	978.50484268214
2	604	36	4	0	182	190	1353.2875164708
2	344	81	4	0	185	190	961.50640919793
2	619	57	4	0	182	190	979.98569063759
2	292	25	4	0	188	190	1470.1056960482
2	427	76	11	3	186	191	773.83367390721
2	99	56	4	0	189	191	868.91924805282
2	527	61	4	0	187	192	870.94018015401
2	443	34	4	0	187	192	1270.6748274585
2	255	58	4	0	190	192	1078.175984959
2	564	60	4	0	185	193	861.42166687322
2	290	103	4	0	191	193	578.03656060888
2	712	33	4	0	171	194	967.15704988705
2	109	107	4	0	192	194	569.56757574977
2	2	67	12	1	193	195	1067.9322545862
2	707	65	4	0	173	195	771.83529560287
2	126	112	4	1	193	195	584.10007764467
2	575	95	4	0	188	196	672.62719748837
2	147	86	4	0	195	197	979.60740777313
2	284	79	4	0	195	197	771.18115873789
2	415	85	12	4	192	197	877.30073915169
2	267	93	4	0	197	199	964.62194421301
2	395	79	4	1	194	199	970.57473430127
2	709	71	4	1	178	200	1075.2049167877
2	51	75	4	0	198	200	1178.7988716641
2	337	65	12	2	195	200	1067.4991398691
2	71	71	4	0	199	201	1071.7427359707
2	623	108	4	0	193	201	565.8004817771
2	660	76	4	0	188	201	1067.355160952
2	143	112	4	1	200	202	764.10090203912
2	231	115	4	0	200	202	567.70746124696
2	515	91	4	0	197	202	860.43483910982
2	230	67	4	0	201	203	1176.3715290537
2	641	97	4	0	191	203	872.32597993807
2	19	96	12	2	201	203	778.45516507851
2	55	71	4	1	202	204	872.37732966237
2	279	66	4	0	203	205	1068.1132535937
2	81	58	4	0	203	205	1267.3714347282
2	23	105	12	0	203	205	983.23411550416
2	388	46	4	0	200	205	1370.9196223845
2	600	43	4	0	197	205	1368.6698131253
2	676	60	4	0	191	206	859.60367176014
2	625	80	4	0	199	207	975.48540303383
2	301	67	4	0	205	207	877.0384015328
2	131	105	4	1	206	208	772.14744313954
2	39	57	12	0	206	208	1268.9032651717
2	525	92	12	1	203	208	957.71591177617
2	351	120	4	0	203	208	475.62521566589
2	118	37	4	1	207	209	1572.9459130682
2	170	58	4	0	207	209	1365.0536512535
2	40	99	4	0	207	209	970.12983573271
2	636	85	4	0	201	209	973.41225998783
2	683	45	4	0	195	210	1265.962013725
2	457	98	4	0	205	210	871.30755081543
2	725	46	4	0	178	211	972.37660967458
2	732	36	4	1	136	211	762.660752497
2	436	75	4	0	206	211	1072.6252308384
2	571	68	14	1	204	212	868.11698933582
2	708	65	4	0	190	212	1072.1543923286
2	658	89	4	0	199	212	1270.1125649716
2	706	100	15	1	191	213	566.39501060642
2	441	106	4	0	208	213	977.69089645154
2	508	60	4	0	208	213	973.85836589478
2	462	52	4	0	209	214	1072.6553721255
2	393	44	4	0	209	214	1366.0862982701
2	391	56	4	0	210	215	1455.5664983871
2	236	79	4	0	213	215	1270.5912184236
2	10	78	13	1	213	215	1275.4787327053
2	386	73	4	0	211	216	1168.0281685013
2	691	66	4	0	200	216	1051.3284180691
2	263	32	4	0	215	217	1574.4013846619
2	666	68	4	0	204	217	1274.1042364702
2	207	108	4	0	216	218	960.67623645528
2	28	43	15	3	216	218	1470.4734246371
2	188	120	4	1	217	219	760.09432821458
2	701	59	13	2	200	219	1153.7631029141
2	685	115	4	0	204	220	657.59305672258
2	646	87	4	0	208	220	865.27001131435
2	322	103	4	0	215	220	965.10305124572
2	456	53	4	1	215	220	1384.9554489569
2	76	70	4	0	218	220	1146.5640744153
2	645	50	4	0	208	220	1565.7193110787
2	606	52	4	0	212	220	1254.9354685893
2	201	50	4	0	218	220	1476.5400619539
2	411	75	4	0	216	221	1067.7936944626
2	599	52	4	1	214	222	1172.3069058112
2	320	76	4	0	217	222	963.02776096929
2	637	98	4	0	214	222	1061.3806146346
2	562	30	12	2	215	223	1781.5890362988
2	189	64	4	0	222	224	1272.1439501626
2	488	49	4	1	219	224	1167.8516330179
2	111	110	4	1	224	226	865.43335506689
2	490	31	4	1	221	226	1776.6309083799
2	212	52	4	1	224	226	1559.1436564629
2	154	66	4	0	224	226	1270.0470133887
2	416	71	4	0	223	228	1373.091354585
2	661	59	4	2	215	228	1468.185161254
2	239	62	4	0	226	228	1368.9534672208
2	268	89	4	0	226	228	1169.666352415
2	45	82	4	0	228	230	1249.969809466
2	469	119	4	0	225	230	967.58134781043
2	466	90	4	0	226	231	1079.6515697565
2	648	80	4	0	220	232	968.22170661559
2	86	73	4	0	230	232	1261.8334287594
2	227	85	4	0	230	232	1172.135672945
2	318	88	4	0	231	236	1167.8980522604
2	140	59	4	0	234	236	1468.9705706822
2	629	109	4	0	230	238	1069.4355456595
2	8	101	15	1	236	238	1067.3313123663
2	674	70	4	0	224	239	1169.1617590561
2	429	143	4	0	234	239	673.53843782197
2	241	65	4	0	239	241	1377.6799917528
2	617	66	4	1	233	241	1265.0351930012
2	627	122	4	0	234	242	869.47446037308
2	371	115	4	0	239	244	963.12716985523
2	580	110	4	0	236	244	1071.5211306934
2	601	61	4	0	239	247	1360.8594846662
2	16	107	15	9	246	248	1172.5058098326
2	173	89	4	1	248	250	1464.7955460211
2	249	93	4	0	248	250	1362.5195333101
2	296	77	4	1	248	250	1273.1853255295
2	635	68	4	0	245	253	1474.1441604295
2	72	127	4	0	251	253	1078.8172778087
2	642	85	4	0	242	254	1172.6583028728
2	210	67	4	0	252	254	1569.8512476625
2	729	42	4	0	216	254	1473.2366385766
2	270	70	15	4	254	256	1472.1452609075
2	489	96	4	0	254	259	1364.0615153845
2	272	97	4	0	259	261	1565.6805185643
2	594	97	4	0	254	262	1366.5692447182
2	445	64	4	1	258	263	1548.0602022618
2	721	67	15	4	238	265	1564.7714344457
2	364	83	15	3	264	269	1649.162801476
2	551	118	4	0	261	269	1261.5823630029
2	698	75	4	0	257	275	1370.5224679932
2	507	77	4	0	273	278	1470.560600577
2	697	61	14	2	295	313	2178.2179097944
