0	20	NA 	 NA 	0	0	0	0
0	51	NA 	 NA 	0	0	0	0
0	134	0.0	0.257127273071	1	0	1	0
0	63	0.0	0.062637452914	1	0	8	0
0	86	0.0	0.074734469615	1	1	1	0
0	200	0.0	0.054162723956	1	0	8	0
0	121	0.0	0.062636793504	1	0	5	0
0	32	0.0	0.054162270288	1	0	7	0
0	156	0.0	0.07010519737	1	0	5	0
0	164	0.0	0.062637085328	1	0	6	0
0	188	0.0	0.054162760964	1	1	11	2
0	58	0.0	0.155145408971	1	1	1	0
0	154	0.0	0.054162866317	1	0	7	0
0	135	0.0	0.054162556447	1	0	12	0
0	92	0.0	0.062637329674	1	0	5	0
0	2	0.0	0.062637500084	1	0	4	0
0	165	0.0	0.070104953037	1	0	4	0
0	196	0.0	0.079775562724	1	0	3	0
0	47	0.0	0.060018161227	1	0	10	0
0	69	0.0	0.061442784363	1	0	8	0
0	168	NA 	 NA 	0	0	0	0
0	186	0.0	0.060018522216	1	0	7	0
0	198	0.0	0.095550091171	1	1	2	0
0	45	0.0	0.155145153253	1	0	2	0
0	52	0.0	0.256081931223	1	0	3	0
0	46	0.0	0.054162484901	1	1	14	2
0	38	0.0	0.054162477779	1	1	9	1
0	176	0.0	0.054162643583	1	0	5	0
0	189	0.0	0.074734396868	1	1	1	0
0	110	0.0	0.257127274513	1	0	2	0
0	106	0.0	0.079775631006	1	0	4	0
0	119	0.0	0.06144287654	1	0	4	0
0	30	0.0	0.060018564176	1	0	6	0
0	101	0.0	0.054162517911	1	1	6	0
0	84	0.0	0.062637265743	1	0	6	0
0	107	0.0	0.05416271968	1	0	3	0
0	89	0.0	0.054162332631	1	1	9	2
0	25	0.0	0.062636784691	1	0	5	0
0	187	0.0	0.25504963992	1	0	4	0
0	178	0.0	0.062605070905	1	0	5	0
0	190	0.0	0.060018659765	1	0	6	0
0	163	0.0	0.054162547904	1	1	11	2
0	97	0.0	0.061442753046	1	0	5	0
0	34	0.0	0.060018622147	1	0	11	0
0	172	0.0	0.070105288827	1	0	4	0
0	7	0.0	0.169672042788	1	0	3	0
0	49	0.0	0.054162759266	1	1	9	2
0	48	0.0	0.071501877183	1	0	3	0
0	132	0.0	0.061442650984	1	0	8	0
0	181	0.0	0.054162135284	1	0	9	0
0	150	0.0	0.054162366896	1	0	9	0
0	170	0.0	0.256081926316	1	0	2	0
0	175	0.0	0.061442683769	1	0	6	0
0	9	0.0	0.061442747031	1	0	6	0
0	11	0.0	0.060018505087	1	0	7	0
0	124	0.0	0.054162862405	1	1	10	2
0	141	0.0	0.054162814475	1	1	7	2
0	81	0.0	0.060018520122	1	0	6	0
0	36	0.0	0.054162745069	1	1	8	2
0	108	0.0	0.062637515197	1	1	1	0
0	177	0.0	0.054162583117	1	2	7	3
0	114	0.0	0.25504953074	1	0	4	0
0	113	0.0	0.054162453483	1	1	13	0
0	16	0.0	0.054162612584	1	1	7	2
0	129	0.0	0.054162757267	1	1	8	0
0	78	0.0	0.0541625712	1	1	7	3
0	15	0.0	0.065878843258	1	0	3	0
0	193	0.0	0.071228829413	1	1	3	0
0	35	0.0	0.070104718384	1	0	2	0
0	56	0.0	0.062637454886	1	0	6	0
0	94	0.0	0.054162444564	1	0	6	0
0	18	0.0	0.071228833169	1	0	4	0
0	98	0.0	0.065878773136	1	0	3	0
0	80	0.0	0.0541625893	1	0	5	0
0	160	0.0	0.060018602422	1	0	3	0
0	147	0.0	0.060018406084	1	0	4	0
0	26	0.0	0.06001852446	1	0	6	0
0	167	0.0	0.079774927569	1	0	3	0
0	96	0.0	0.074734359102	1	1	0	0
0	4	0.0	0.054162548329	1	0	7	0
0	50	0.0	0.054162257108	1	1	8	3
0	130	0.0	0.062605101001	1	0	5	0
0	118	0.0	0.054162342403	1	0	9	0
0	137	0.0	0.054162598609	1	0	12	0
0	87	0.0	0.054162412855	1	0	13	0
0	192	0.0	0.060018540191	1	0	6	0
0	182	0.0	0.155145552607	1	1	1	0
0	21	0.0	0.062637130502	1	0	7	0
0	57	0.0	0.054162165257	1	0	9	0
0	91	0.0	0.054162806853	1	1	9	0
0	1	0.0	0.054162415685	1	0	13	0
0	133	0.0	0.060018474969	1	0	4	0
0	149	0.0	0.06001859449	1	0	6	0
0	109	0.0	0.060018543694	1	0	5	0
0	100	0.0	0.054162501698	1	1	9	0
0	82	0.0	0.079775004521	1	1	2	0
0	93	0.0	0.060018594454	1	0	5	0
0	44	0.0	0.071501524229	1	0	4	0
0	13	0.0	0.054162481584	1	1	12	0
0	139	0.0	0.071228502946	1	0	4	0
0	41	0.0	0.062637504599	1	1	5	0
0	29	0.0	0.060018484863	1	0	5	0
0	102	0.0	0.05416284125	1	1	9	0
0	99	0.0	9.45539886441	1	1	0	0
0	95	0.0	0.060018296154	1	0	9	0
0	125	0.0	0.054162649007	1	1	8	2
0	157	0.0	0.079775258496	1	0	3	0
0	67	0.0	0.061442557286	1	0	9	0
0	143	0.0	0.060018533337	1	0	9	0
0	40	0.0	0.06001845043	1	0	10	0
0	28	0.0	0.095549882948	1	0	4	0
0	197	0.0	0.060018441601	1	0	6	0
0	117	0.0	0.169672036275	1	0	1	0
0	145	0.0	0.054162622648	1	2	7	2
0	23	0.0	0.060018356149	1	0	4	0
0	127	0.0	0.079775296765	1	0	4	0
0	70	0.0	0.062605119006	1	0	6	0
0	120	0.0	0.05416283322	1	1	10	2
0	162	0.0	0.060018570585	1	0	8	0
0	131	0.0	0.060018604357	1	0	6	0
0	123	0.0	0.054162768441	1	0	8	0
0	66	0.0	0.06001793582	1	0	6	0
0	8	0.0	0.062636897747	1	0	6	0
0	31	0.0	0.065878784082	1	0	4	0
0	199	0.0	0.060018368216	1	0	8	0
0	180	0.0	0.079775554137	1	0	3	0
0	53	0.0	0.071501867872	1	1	2	0
0	24	0.0	0.054162631247	1	1	9	3
0	161	0.0	0.16967219243	1	0	1	0
0	159	0.0	0.070104940753	1	1	0	0
0	111	0.0	0.061442905765	1	0	4	0
0	54	0.0	0.054162813739	1	1	10	2
0	166	0.0	0.054162860083	1	1	10	1
0	185	0.0	0.054162596819	1	1	10	2
0	43	0.0	0.060018322362	1	0	10	0
0	27	0.0	0.054162780502	1	0	8	0
0	142	0.0	0.079775187944	1	0	3	0
0	88	0.0	0.061442789899	1	1	4	0
0	126	0.0	0.06001845848	1	0	11	0
0	64	0.0	0.054162606468	1	1	11	1
0	71	0.0	0.054162818041	1	1	8	2
0	146	0.0	0.25504961918	1	0	2	0
0	179	0.0	0.060018140462	1	0	8	0
0	90	0.0	0.079775587683	1	0	4	0
0	60	0.0	0.054162715644	1	1	8	1
0	138	0.0	0.071228756906	1	0	5	0
0	201	NA 	 NA 	0	0	0	0
0	61	0.0	0.06144280511	1	0	4	0
0	68	0.0	0.05416257845	1	1	9	3
0	171	0.0	0.062637228283	1	0	11	0
0	116	0.0	0.060018228462	1	0	12	0
0	0	0.0	0.062637166018	1	0	7	0
0	62	0.0	0.054162427341	1	1	9	1
0	42	0.0	0.060018627615	1	0	8	0
0	59	0.0	0.060018117093	1	0	11	0
0	39	0.0	0.074734130837	1	0	2	0
0	77	0.0	0.054162749088	1	1	8	2
0	105	0.0	0.079775311191	1	0	4	0
0	174	0.0	0.054162787547	1	1	8	0
0	184	0.0	0.062605096687	1	0	6	0
0	73	0.0	0.062636910423	1	0	5	0
0	122	0.0	0.054162522454	1	0	12	0
0	173	0.0	0.06001843873	1	0	11	0
0	22	0.0	0.062637255442	1	0	7	0
0	194	0.0	0.060018104747	1	0	10	0
0	33	0.0	0.079775284488	1	1	3	0
0	3	0.0	0.060018264618	1	0	9	0
0	5	0.0	0.060018580819	1	0	6	0
0	6	0.0	0.060018463646	1	0	4	0
0	10	0.0	0.054162617864	1	0	8	0
0	12	0.0	0.061442413517	1	0	10	0
0	14	0.0	0.062637161452	1	0	11	0
0	17	0.0	0.060018538892	1	0	6	0
0	19	0.0	0.062637318008	1	0	6	0
0	158	0.0	0.05416236961	1	1	5	0
0	169	0.0	0.065878821571	1	0	3	0
0	37	0.0	0.062637164827	1	0	11	0
0	55	0.0	0.062605095178	1	0	6	0
0	65	0.0	0.054162651557	1	0	8	0
0	183	0.0	0.255049545286	1	0	2	0
0	72	0.0	0.05416242445	1	1	9	2
0	74	0.0	0.061442787367	1	0	3	0
0	75	0.0	0.054162315351	1	0	5	0
0	76	0.0	0.054162339042	1	0	5	0
0	79	0.0	0.065879014017	1	0	4	0
0	83	0.0	0.054162822495	1	1	9	2
0	85	0.0	0.070105286121	1	0	4	0
0	103	0.0	0.062637456686	1	1	3	0
0	104	0.0	0.054162656825	1	1	11	0
0	112	0.0	0.061442755243	1	0	5	0
0	115	0.0	0.054162398983	1	1	5	0
0	128	0.0	0.054162792215	1	2	5	0
0	136	0.0	0.062637175633	1	0	9	0
0	191	0.0	0.079775163709	1	1	2	0
0	140	0.0	0.062637302229	1	0	10	0
0	144	0.0	0.071228727923	1	0	6	0
0	148	0.0	0.256081867132	1	0	2	0
0	195	0.0	0.054162490572	1	0	13	0
0	151	0.0	0.054162600789	1	1	12	0
0	152	0.0	0.169671736578	1	0	1	0
0	153	0.0	0.054162436181	1	1	12	0
0	155	0.0	0.054162722957	1	1	10	0
1	82	NA 	 NA 	0	0	0	0
1	72	NA 	 NA 	0	0	0	0
1	18	NA 	 NA 	0	0	0	0
1	45	NA 	 NA 	0	0	0	0
1	69	NA 	 NA 	0	0	0	0
1	63	NA 	 NA 	0	0	0	0
1	62	NA 	 NA 	0	0	0	0
1	104	NA 	 NA 	0	0	0	0
1	37	NA 	 NA 	0	0	0	0
1	171	NA 	 NA 	0	0	0	0
1	193	0.0	0.071582875647	1	0	5	0
1	68	0.0	0.054162598387	1	1	4	0
1	87	0.0	0.155399332505	1	1	0	0
1	2	0.0	0.065943614622	1	1	2	0
1	145	0.0	0.155399115619	1	0	1	0
1	117	0.0	0.059787490162	1	0	3	0
1	88	0.0	0.06405932186	1	0	4	0
1	134	0.0	0.098618126279	1	0	2	0
1	122	0.0	0.155136509013	1	0	1	0
1	177	0.0	0.075228331754	1	0	5	0
1	125	0.0	0.155398992818	1	0	1	0
1	121	0.0	0.054162821261	1	0	6	0
1	16	0.0	0.061903102962	1	0	5	0
1	78	0.0	0.059787596159	1	0	5	0
1	56	0.0	0.066012892198	1	0	5	0
1	4	0.0	0.065943608297	1	0	3	0
1	85	0.0	0.06601274036	1	0	5	0
1	202	0.0	0.061903318105	1	0	5	0
1	92	0.0	0.06594354786	1	0	3	0
1	50	0.0	0.098618220263	1	0	2	0
1	39	0.0	0.054162750651	1	0	4	0
1	5	0.0	0.059787887558	1	0	3	0
1	144	0.0	0.054162347607	1	0	3	0
1	98	0.0	0.061903218829	1	0	2	0
1	3	0.0	0.059787844385	1	0	4	0
1	97	0.0	0.05978788746	1	0	5	0
1	199	0.0	0.066013083651	1	0	3	0
1	110	0.0	0.061902933436	1	0	3	0
1	12	0.0	0.059787704993	1	0	3	0
1	102	0.0	0.06327724222	1	0	6	0
1	167	0.0	0.063277222246	1	0	5	0
1	174	0.0	0.059787899922	1	0	2	0
1	107	0.0	0.066013077964	1	1	6	1
1	58	0.0	0.054162700753	1	0	7	0
1	79	0.0	0.05416283322	1	0	6	0
1	11	0.0	0.064059160168	1	0	6	0
1	128	0.0	0.063277285525	1	0	6	0
1	48	0.0	0.054162823169	1	0	4	0
1	185	0.0	0.054162660314	1	0	4	0
1	46	0.0	0.054162353135	1	0	3	0
1	111	0.0	0.061903388201	1	0	3	0
1	19	0.0	0.054162851435	1	0	6	0
1	1	0.0	0.054162740418	1	0	4	0
1	201	0.0	0.054162387918	1	0	2	0
1	133	0.0	0.064059173146	1	0	7	0
1	9	0.0	0.061903396211	1	0	4	0
1	186	0.0	0.064059234356	1	0	6	0
1	169	0.0	0.15513621741	1	0	1	0
1	40	0.0	0.054162816175	1	0	6	0
1	89	0.0	0.062059146076	1	0	3	0
1	42	0.0	0.059787300373	1	1	1	0
1	57	0.0	0.085802637034	1	0	4	0
1	190	0.0	0.085802938765	1	0	3	0
1	75	0.0	0.054162781876	1	1	3	1
1	91	0.0	0.054162631103	1	0	3	0
1	204	0.0	0.059787874185	1	0	3	0
1	200	0.0	0.066012664891	1	0	4	0
1	53	0.0	0.06601253126	1	0	4	0
1	149	0.0	0.066013073435	1	0	3	0
1	74	0.0	0.075228263994	1	0	5	0
1	156	0.0	0.059787825316	1	0	4	0
1	15	0.0	0.06594367426	1	1	2	0
1	35	0.0	0.054162857753	1	0	4	0
1	127	0.0	0.054162662996	1	0	7	0
1	61	0.0	0.059787791064	1	0	6	0
1	21	0.0	0.059787869155	1	0	4	0
1	165	0.0	0.066013099184	1	0	3	0
1	203	0.0	0.061903367193	1	0	6	0
1	183	0.0	0.054162491209	1	0	3	0
1	132	0.0	0.05416264243	1	0	3	0
1	60	0.0	0.061902925934	1	0	3	0
1	17	0.0	0.05416259987	1	1	3	0
1	51	0.0	0.059787815546	1	0	6	0
1	52	0.0	0.08580264365	1	0	4	0
1	77	0.0	0.066012539839	1	0	5	0
1	168	0.0	0.071582738758	1	1	2	0
1	81	0.0	0.093484389007	1	1	2	1
1	159	0.0	0.054162596893	1	1	4	1
1	6	0.0	0.059787655079	1	0	2	0
1	44	0.0	0.062935465757	1	0	4	0
1	71	0.0	0.071394712478	1	0	1	0
1	178	0.0	0.059787766043	1	0	6	0
1	152	0.0	0.054162395589	1	0	3	0
1	194	0.0	0.06601309739	1	0	8	0
1	33	0.0	0.064059214035	1	0	6	0
1	106	0.0	0.059787687485	1	0	5	0
1	175	0.0	0.054162585684	1	0	4	0
1	20	0.0	0.059787817423	1	0	6	0
1	179	0.0	0.054162246549	1	0	3	0
1	196	0.0	0.05978799173	1	0	7	0
1	43	0.0	0.059787831542	1	0	2	0
1	83	0.0	0.063277197425	1	0	4	0
1	113	0.0	0.085802564194	1	0	4	0
1	187	0.0	0.075228185287	1	0	5	0
1	189	0.0	0.075228323017	1	0	5	0
1	22	0.0	0.093484117215	1	1	2	1
1	155	0.0	0.06190303716	1	0	5	0
1	147	0.0	0.06190313446	1	0	6	0
1	142	0.0	0.054162775358	1	1	3	0
1	198	0.0	0.059787741022	1	0	6	0
1	115	0.0	0.059787483991	1	0	4	0
1	140	0.0	0.054162288621	1	0	1	0
1	76	0.0	0.066012504194	1	0	3	0
1	114	0.0	0.054162585895	1	0	6	0
1	163	0.0	0.155399000304	1	0	1	0
1	192	0.0	0.06405887174	1	0	6	0
1	0	0.0	0.061903407275	1	0	8	0
1	100	0.0	0.059787715956	1	0	6	0
1	38	0.0	0.054162776544	1	0	7	0
1	54	0.0	0.063277197657	1	1	4	1
1	184	0.0	0.054162686375	1	0	5	0
1	23	0.0	0.054162337575	1	0	3	0
1	160	0.0	0.059787709445	1	0	2	0
1	136	0.0	0.061903379167	1	0	8	0
1	96	0.0	0.059787818701	1	0	4	0
1	150	0.0	0.059787563933	1	0	2	0
1	130	0.0	0.054162854558	1	0	4	0
1	101	0.0	0.093484341127	1	1	1	0
1	109	0.0	0.071582832698	1	0	5	0
1	41	0.0	0.054162596802	1	1	6	0
1	8	0.0	0.071582921634	1	0	5	0
1	164	0.0	0.054162277696	1	0	1	0
1	99	0.0	0.054162274913	1	0	3	0
1	94	0.0	0.054162330024	1	0	3	0
1	70	0.0	0.054162679668	1	1	3	0
1	162	0.0	0.054162539469	1	0	4	0
1	34	0.0	0.054162731314	1	0	5	0
1	138	0.0	0.054162852228	1	0	6	0
1	119	0.0	0.065943627338	1	0	3	0
1	135	0.0	0.085802670322	1	0	4	0
1	205	0.0	0.085802573051	1	1	2	0
1	137	0.0	0.054162704895	1	0	4	0
1	188	0.0	0.064059165331	1	0	6	0
1	143	0.0	0.054162374537	1	0	3	0
1	59	0.0	0.054162613566	1	0	5	4
1	93	0.0	0.066012985113	1	0	7	0
1	7	0.0	0.066013100126	1	0	7	0
1	10	0.0	0.066012614737	1	1	0	0
1	153	0.0	0.059787841428	1	0	6	0
1	13	0.0	0.064059172132	1	0	6	0
1	14	0.0	0.054162535538	1	0	4	0
1	154	0.0	0.064059198166	1	0	7	0
1	24	0.0	0.063277264537	1	0	6	0
1	25	0.0	0.054162473333	1	0	3	0
1	26	0.0	0.054162796091	1	0	3	0
1	157	0.0	0.059787537291	1	0	3	0
1	27	0.0	0.059787950822	1	0	2	0
1	28	0.0	0.064059326026	1	0	6	4
1	29	0.0	0.054162716498	1	0	3	0
1	30	0.0	0.071394688463	1	1	1	0
1	158	0.0	0.06190300173	1	0	6	0
1	31	0.0	0.064059349447	1	0	6	0
1	32	0.0	0.054162089617	1	0	3	0
1	36	0.0	0.085802530448	1	1	2	0
1	161	0.0	0.085802540276	1	0	4	0
1	47	0.0	0.062059174666	1	0	1	0
1	49	0.0	0.054162702285	1	0	3	0
1	166	0.0	0.054162335252	1	0	2	0
1	195	0.0	0.075228177333	1	1	4	0
1	55	0.0	0.054162740207	1	1	2	0
1	170	0.0	0.085802708817	1	0	4	0
1	197	0.0	0.054162314973	1	0	1	0
1	172	0.0	0.054162655124	1	0	3	0
1	173	0.0	0.064059236144	1	0	6	0
1	64	0.0	0.054162601658	1	0	5	0
1	65	0.0	0.085802468685	1	0	4	0
1	66	0.0	0.061903369176	1	0	7	0
1	67	0.0	0.062059112392	1	0	1	0
1	176	0.0	0.065943603328	1	1	2	0
1	180	0.0	0.054162513196	1	0	3	0
1	181	0.0	0.065943577347	1	0	3	0
1	182	0.0	0.085802566353	1	1	2	0
1	73	0.0	0.065943508853	1	0	3	0
1	80	0.0	0.061903031064	1	0	6	0
1	84	0.0	0.086835743332	1	1	2	0
1	86	0.0	0.05978795718	1	0	2	0
1	90	0.0	0.059787580719	1	0	5	0
1	95	0.0	0.066012518455	1	0	5	0
1	103	0.0	0.093484466864	1	1	1	0
1	105	0.0	0.066012653041	1	0	3	0
1	108	0.0	0.075228198113	1	0	5	0
1	112	0.0	0.054162815234	1	0	3	4
1	116	0.0	0.054162301047	1	1	0	0
1	118	0.0	0.085802788089	1	0	4	0
1	120	0.0	0.054162748982	1	1	1	0
1	123	0.0	0.071582774035	1	0	4	0
1	124	0.0	0.155136581077	1	0	1	0
1	126	0.0	0.054162791702	1	0	4	0
1	129	0.0	0.054162461472	1	0	3	0
1	131	0.0	0.155398887175	1	0	1	0
1	151	0.0	0.061903410436	1	0	7	0
1	139	0.0	0.062059120455	1	0	2	0
1	141	0.0	0.054162499415	1	0	3	0
1	191	0.0	0.066012693996	1	0	4	0
1	146	0.0	0.061903381139	1	0	5	4
1	148	0.0	0.066012855472	1	0	7	0
2	113	NA 	 NA 	0	0	0	0
2	134	NA 	 NA 	0	0	0	0
2	69	NA 	 NA 	0	0	0	0
2	98	NA 	 NA 	0	0	0	0
2	80	NA 	 NA 	0	0	0	0
2	53	NA 	 NA 	0	0	0	0
2	43	NA 	 NA 	0	0	0	0
2	87	NA 	 NA 	0	0	0	0
2	33	0.0	0.062954527713	1	0	8	0
2	157	0.0	0.054201647209	1	1	7	6
2	82	0.0	0.062735391649	1	0	5	0
2	23	0.0	0.073970560361	1	0	4	0
2	68	0.0	0.058315316381	1	0	3	0
2	149	0.0	0.0739704944	1	0	2	0
2	123	0.0	0.054201686418	1	0	11	0
2	78	0.0	0.05831532422	1	0	4	0
2	37	0.0	0.065367327662	1	0	1	0
2	44	0.0	0.065366951303	1	0	1	0
2	13	0.0	0.062954308327	1	0	8	0
2	1	0.0	0.054201820609	1	1	6	0
2	22	0.0	0.070505273141	1	1	1	0
2	140	0.0	0.054201448191	1	0	8	0
2	116	0.0	0.064038870026	1	0	4	0
2	72	0.0	0.155129433611	1	0	2	0
2	42	0.0	0.054201246926	1	0	10	0
2	166	0.0	0.058315599386	1	0	7	0
2	165	0.0	0.062735120002	1	0	4	0
2	25	0.0	0.073970535102	1	0	3	0
2	121	0.0	0.065111898529	1	0	4	0
2	179	0.0	0.062954130061	1	0	7	0
2	19	0.0	0.05420169634	1	0	8	0
2	159	0.0	0.054201416374	1	0	8	0
2	187	0.0	0.054201365027	1	0	10	0
2	133	0.0	0.054201818667	1	1	5	0
2	76	0.0	0.054201826026	1	1	5	0
2	127	0.0	0.054201733903	1	1	8	6
2	77	0.0	0.062735186493	1	0	8	0
2	162	0.0	0.062735566167	1	0	4	0
2	36	0.0	0.065367283104	1	0	1	0
2	38	0.0	0.058315584177	1	0	7	0
2	31	0.0	0.054201825444	1	0	11	0
2	151	0.0	0.062735185851	1	0	4	0
2	45	0.0	0.058315658048	1	0	4	0
2	108	0.0	0.054201399568	1	1	7	1
2	146	0.0	0.058314903638	1	0	4	0
2	51	0.0	0.054201407944	1	1	6	2
2	144	0.0	0.054201428545	1	1	7	2
2	129	0.0	0.058315513393	1	0	3	0
2	85	0.0	0.054201855543	1	0	9	0
2	139	0.0	0.062954463307	1	0	7	0
2	102	0.0	0.07050537769	1	1	1	0
2	30	0.0	0.062954441191	1	0	9	0
2	101	0.0	0.062954080371	1	0	4	0
2	49	0.0	0.062735446283	1	0	5	0
2	6	0.0	0.054201578887	1	1	8	1
2	114	0.0	0.062954355579	1	0	8	0
2	142	0.0	0.062735003353	1	0	4	0
2	130	0.0	0.054201780606	1	1	8	0
2	111	0.0	0.054201163954	1	0	9	0
2	74	0.0	0.054201787976	1	0	10	0
2	104	0.0	0.054201775072	1	2	4	1
2	154	0.0	0.054201426423	1	0	8	0
2	192	0.0	0.05420162527	1	0	9	0
2	0	0.0	3.05539634105	1	1	0	0
2	10	0.0	0.058315531296	1	0	3	0
2	7	0.0	0.062954050123	1	0	4	0
2	119	0.0	0.058315194106	1	0	6	0
2	158	0.0	0.058315559215	1	0	6	0
2	8	0.0	0.064038927249	1	1	2	0
2	57	0.0	0.065366920865	1	1	0	0
2	29	0.0	0.073970193201	1	0	4	0
2	178	0.0	0.054201341496	1	0	9	0
2	190	0.0	0.054201743777	1	1	8	2
2	184	0.0	0.065367113603	1	0	1	0
2	11	0.0	0.06295431904	1	0	8	0
2	126	0.0	0.065367206711	1	0	3	0
2	3	0.0	0.065367418675	1	0	1	0
2	170	0.0	0.05420162311	1	0	8	0
2	191	0.0	0.054201820038	1	0	10	0
2	153	0.0	0.054201269621	1	0	7	0
2	81	0.0	0.058315554528	1	0	7	0
2	194	0.0	0.058315515418	1	0	3	0
2	91	0.0	0.064038676849	1	0	2	0
2	163	0.0	0.058315213723	1	0	6	0
2	106	0.0	0.054201258929	1	0	11	0
2	97	0.0	0.058315705179	1	1	2	0
2	84	0.0	0.064038908378	1	0	5	0
2	70	0.0	0.058315226317	1	0	4	0
2	86	0.0	0.054201841639	1	0	6	0
2	4	0.0	0.064038749289	1	0	2	0
2	156	0.0	0.054201398647	1	0	7	0
2	73	0.0	0.054201762524	1	1	5	1
2	131	0.0	0.054201791141	1	1	4	0
2	96	0.0	0.054201709183	1	0	8	0
2	32	0.0	0.054201748086	1	1	9	1
2	18	0.0	0.065111719591	1	1	3	0
2	41	0.0	0.062735169406	1	0	3	0
2	132	0.0	0.054201337839	1	0	7	0
2	161	0.0	0.058315448093	1	0	2	0
2	155	0.0	0.062954525448	1	0	9	0
2	171	0.0	0.062954075019	1	0	4	0
2	122	0.0	0.058315035405	1	0	2	0
2	202	0.0	0.073970562474	1	0	4	0
2	125	0.0	0.058315498279	1	0	3	0
2	50	0.0	0.058315452358	1	0	4	0
2	141	0.0	0.06295440787	1	0	9	0
2	174	0.0	0.058315563362	1	0	3	0
2	109	0.0	0.054201575515	1	1	6	2
2	67	0.0	0.062954382688	1	0	9	0
2	175	0.0	0.065111845742	1	1	5	0
2	46	0.0	0.15512905877	1	0	1	0
2	173	0.0	0.065111914143	1	0	5	0
2	188	0.0	0.054201617593	1	0	9	0
2	117	0.0	0.07509359116	1	1	2	0
2	17	0.0	0.054201778332	1	1	8	1
2	112	0.0	0.054201548096	1	1	8	0
2	89	0.0	0.058315558459	1	0	6	0
2	12	0.0	0.054201323662	1	0	7	0
2	152	0.0	0.058315544352	1	0	4	0
2	2	0.0	0.065112255392	1	0	5	0
2	195	0.0	0.054201597595	1	1	6	0
2	24	0.0	0.062954188922	1	0	8	0
2	48	0.0	0.054201808213	1	1	6	0
2	150	0.0	0.054201633029	1	1	9	0
2	136	0.0	0.054201408433	1	1	9	2
2	193	0.0	0.054201572875	1	2	7	1
2	128	0.0	0.062954422415	1	0	8	0
2	120	0.0	0.054201082418	1	1	5	0
2	181	0.0	0.054201838717	1	0	7	0
2	79	0.0	0.062954475698	1	0	7	0
2	90	0.0	0.062735166014	1	0	5	0
2	14	0.0	0.054201298137	1	0	6	0
2	21	0.0	0.062954454636	1	0	9	0
2	15	0.0	0.064038792349	1	0	3	0
2	27	0.0	0.054201630607	1	0	9	0
2	75	0.0	0.054201737694	1	1	6	6
2	88	0.0	0.054201868617	1	2	5	6
2	93	0.0	0.054201795069	1	1	6	6
2	168	0.0	0.064038979832	1	0	5	0
2	143	0.0	0.062735283799	1	0	5	0
2	59	0.0	0.062954215762	1	0	8	0
2	64	0.0	0.054201744778	1	0	9	0
2	176	0.0	0.062954481198	1	0	9	0
2	167	0.0	0.065367059698	1	0	3	0
2	115	0.0	0.054201747939	1	1	6	6
2	92	0.0	0.062954187738	1	0	5	0
2	16	0.0	0.075093607997	1	1	2	0
2	60	0.0	0.064038768997	1	0	3	0
2	39	0.0	0.065367419643	1	0	3	0
2	5	0.0	0.065367184658	1	0	3	0
2	198	0.0	0.062735512509	1	0	5	0
2	160	0.0	0.064038675438	1	0	3	0
2	9	0.0	0.062735505188	1	0	5	0
2	20	0.0	0.062954521613	1	0	7	0
2	26	0.0	0.054201549217	1	0	8	0
2	28	0.0	0.062735518738	1	0	4	0
2	164	0.0	0.062954115718	1	0	4	0
2	34	0.0	0.064038697661	1	0	3	0
2	35	0.0	0.062954468698	1	0	9	0
2	40	0.0	0.06273549953	1	0	8	0
2	47	0.0	0.054201465168	1	1	6	2
2	169	0.0	0.062954518477	1	0	7	0
2	52	0.0	0.075093603689	1	1	2	0
2	54	0.0	0.054201557287	1	0	7	0
2	172	0.0	0.062735270612	1	0	4	0
2	55	0.0	0.073970545724	1	0	4	0
2	56	0.0	0.073970572348	1	0	4	0
2	58	0.0	0.064038791576	1	0	2	0
2	61	0.0	0.054201832146	1	1	6	0
2	62	0.0	0.06536707616	1	0	1	0
2	63	0.0	0.058315615236	1	0	5	0
2	65	0.0	0.062954537052	1	0	7	0
2	66	0.0	0.064038858203	1	0	3	0
2	71	0.0	0.054201563415	1	0	11	0
2	177	0.0	0.062954396214	1	0	7	0
2	196	0.0	0.054201835447	1	0	7	0
2	180	0.0	0.058315664225	1	0	8	0
2	199	0.0	0.05420160239	1	1	6	1
2	182	0.0	0.058315503944	1	0	6	0
2	83	0.0	0.054201260656	1	0	9	0
2	183	0.0	0.062735311509	1	0	5	0
2	94	0.0	0.054201861977	1	0	9	0
2	95	0.0	0.054201626578	1	1	7	2
2	99	NA 	 NA 	0	0	0	0
2	100	0.0	0.065112378469	1	0	3	0
2	103	0.0	0.062954481455	1	0	7	0
2	105	0.0	0.058315179213	1	0	6	0
2	107	0.0	0.065366985518	1	0	3	0
2	110	0.0	0.062954452458	1	0	9	0
2	185	0.0	0.065112255107	1	0	4	0
2	200	0.0	0.062735595541	1	0	7	0
2	118	0.0	0.062735566693	1	0	7	0
2	186	0.0	0.058315203392	1	0	6	0
2	124	0.0	0.058315206078	1	0	6	0
2	201	0.0	0.062954425399	1	0	7	0
2	135	0.0	0.058315570016	1	0	8	0
2	197	0.0	0.062735403634	1	0	5	0
2	137	0.0	0.06273517387	1	0	5	0
2	138	0.0	0.05420175697	1	0	8	0
2	189	0.0	0.054201837914	1	1	7	6
2	145	0.0	0.062954463307	1	0	9	0
2	147	0.0	0.058315692332	1	0	8	0
2	148	0.0	0.065367500435	1	0	3	0
3	112	NA 	 NA 	0	0	0	0
3	102	NA 	 NA 	0	0	0	0
3	185	NA 	 NA 	0	0	0	0
3	100	NA 	 NA 	0	0	0	0
3	88	0.0	0.054214751264	1	1	5	3
3	108	0.0	0.066976927577	1	0	1	0
3	96	0.0	0.073812929805	1	0	3	0
3	80	0.0	0.083598705466	1	1	2	1
3	121	0.0	0.083599058457	1	1	1	0
3	13	0.0	0.05421466246	1	1	5	3
3	32	0.0	0.083598747215	1	1	2	0
3	81	0.0	0.062137458071	1	1	5	0
3	28	0.0	0.0614875122	1	0	5	0
3	184	0.0	0.061487103457	1	0	5	0
3	2	0.0	0.061487442487	1	0	5	0
3	155	0.0	0.054214759004	1	0	5	0
3	118	0.0	0.072283095727	1	0	2	0
3	6	0.0	0.054214835053	1	1	7	3
3	46	0.0	0.062137428781	1	1	4	0
3	89	0.0	0.072283218556	1	0	3	0
3	128	0.0	0.083598717608	1	1	2	1
3	135	0.0	0.073813541829	1	1	0	0
3	30	0.0	0.054214614949	1	0	8	0
3	167	0.0	0.066976932528	1	0	1	0
3	82	0.0	0.069962002845	1	0	4	0
3	183	0.0	0.061487533362	1	0	5	0
3	78	0.0	0.060811475955	1	0	4	0
3	21	0.0	0.061487408431	1	0	4	0
3	40	0.0	0.060811594363	1	0	5	0
3	109	0.0	0.075369448522	1	1	0	0
3	176	0.0	0.060811421435	1	0	2	0
3	79	0.0	0.061487597764	1	0	4	0
3	101	0.0	0.06148742152	1	0	3	0
3	99	0.0	0.069961861967	1	0	3	0
3	124	0.0	0.060811213001	1	0	7	0
3	3	0.0	0.054214723735	1	0	4	0
3	154	0.0	0.06081125716	1	0	3	0
3	7	0.0	0.060811192738	1	0	6	0
3	161	0.0	0.054214765649	1	2	5	2
3	49	0.0	0.060810963298	1	0	8	0
3	122	0.0	0.069961907821	1	0	3	0
3	24	0.0	0.054214460663	1	0	4	0
3	137	0.0	0.060811248586	1	0	3	0
3	72	0.0	0.054214828132	1	1	5	3
3	0	0.0	0.066397850712	1	0	3	0
3	1	0.0	0.054214579985	1	2	6	1
3	54	0.0	0.054214818009	1	0	11	0
3	29	0.0	0.060811341439	1	0	4	0
3	162	0.0	0.064215429783	1	0	3	0
3	92	0.0	0.0618568667	1	0	3	7
3	138	0.0	0.060811441946	1	0	8	0
3	60	0.0	0.062137037571	1	0	6	0
3	37	0.0	0.060811572362	1	0	3	0
3	198	0.0	0.060811357517	1	0	4	0
3	117	0.0	0.054214637116	1	0	3	0
3	173	0.0	0.06081111304	1	0	7	0
3	43	0.0	0.054214139571	1	0	4	0
3	191	0.0	0.066397787159	1	0	4	0
3	196	0.0	0.054214674799	1	1	5	1
3	145	0.0	0.054214312128	1	0	5	0
3	115	0.0	0.05421414204	1	1	6	4
3	169	0.0	0.061487505875	1	0	3	0
3	57	0.0	0.054214748255	1	1	6	0
3	105	0.0	0.054214794888	1	1	5	1
3	16	0.0	0.060811500413	1	0	4	0
3	73	0.0	0.054214648174	1	1	7	1
3	69	0.0	0.083598868075	1	1	2	1
3	18	0.0	0.064215592702	1	0	2	0
3	26	0.0	0.060811366144	1	0	7	0
3	42	0.0	0.063104749528	1	0	4	0
3	4	0.0	0.061487577309	1	1	1	0
3	136	0.0	0.054214275994	1	1	4	0
3	144	0.0	0.072283341097	1	1	2	0
3	66	0.0	0.061487586721	1	0	3	0
3	132	0.0	0.054214576294	1	0	4	0
3	5	0.0	0.054214404938	1	0	7	0
3	189	0.0	0.054214127574	1	0	4	0
3	141	0.0	0.073813025729	1	1	1	0
3	45	0.0	0.054214693542	1	1	5	2
3	56	0.0	0.06148740873	1	0	5	0
3	179	0.0	0.060811342305	1	1	1	0
3	157	0.0	0.054214642229	1	0	5	0
3	113	0.0	0.061487571284	1	0	3	0
3	93	0.0	0.054214207229	1	1	7	4
3	44	0.0	0.054214497112	1	0	4	0
3	11	0.0	0.064215473688	1	0	4	0
3	156	0.0	0.054214751481	1	0	5	0
3	36	0.0	0.054214570059	1	1	8	0
3	38	0.0	0.068838276327	1	0	3	0
3	160	0.0	0.060810922003	1	0	8	0
3	67	0.0	0.054214269211	1	0	4	0
3	148	0.0	0.061487091884	1	0	2	0
3	199	0.0	0.060811312717	1	0	3	0
3	14	0.0	0.062137104133	1	0	6	0
3	152	0.0	0.060811516893	1	0	6	0
3	172	0.0	0.05421445147	1	1	5	3
3	197	0.0	0.062137443637	1	0	5	0
3	178	0.0	0.054214839403	1	0	12	0
3	149	0.0	0.060811612461	1	1	4	0
3	134	0.0	0.054214244797	1	0	3	0
3	127	0.0	0.054214383968	1	0	7	0
3	120	0.0	0.054214263418	1	0	5	0
3	75	0.0	0.060811616523	1	0	3	0
3	103	0.0	0.054214262723	1	1	7	11
3	74	0.0	0.060811080782	1	0	7	0
3	20	0.0	0.061487109833	1	0	4	0
3	22	0.0	0.069961736521	1	0	5	0
3	90	0.0	0.061857260173	1	0	4	0
3	84	0.0	0.061487241977	1	0	4	0
3	119	0.0	0.061487148422	1	0	6	0
3	77	0.0	0.061487231483	1	0	5	0
3	106	0.0	0.054214477912	1	0	3	0
3	48	0.0	0.054214792862	1	0	7	0
3	76	0.0	0.072283218069	1	0	2	0
3	51	0.0	0.054214613083	1	2	5	2
3	139	0.0	0.060811530886	1	0	2	0
3	195	0.0	0.054214774276	1	1	10	0
3	126	0.0	0.06996196002	1	0	3	0
3	107	0.0	0.060811357757	1	0	2	0
3	15	0.0	0.06148709487	1	0	4	0
3	34	0.0	0.054214729417	1	0	11	0
3	8	0.0	0.061857021912	1	0	5	0
3	180	0.0	0.072283183057	1	0	3	0
3	63	0.0	0.054214825836	1	0	3	0
3	165	0.0	0.060811462649	1	0	7	0
3	174	0.0	0.073813145374	1	1	1	0
3	59	0.0	0.073813066075	1	0	3	0
3	71	0.0	0.054214582768	1	0	4	0
3	164	0.0	0.054214637293	1	0	3	0
3	53	0.0	0.066397545207	1	0	4	0
3	9	0.0	0.066397866261	1	0	3	0
3	70	0.0	0.072282922029	1	0	2	0
3	140	0.0	0.061487603563	1	0	5	0
3	86	0.0	0.054214653623	1	0	3	0
3	142	0.0	0.054214627724	1	1	3	0
3	150	0.0	0.054214778248	1	0	5	0
3	47	0.0	0.054214579619	1	1	5	2
3	50	0.0	0.054214526085	1	1	5	4
3	94	0.0	0.0542144115	1	0	5	0
3	19	0.0	0.064215576259	1	0	5	0
3	104	0.0	0.054214434545	1	1	4	0
3	147	0.0	0.054214548433	1	1	5	3
3	114	0.0	0.066397477258	1	0	3	0
3	151	0.0	0.060810999273	1	0	8	0
3	23	0.0	0.054214582315	1	0	5	0
3	25	0.0	0.054214232694	1	0	5	0
3	186	0.0	0.061487290498	1	0	4	0
3	17	0.0	0.054214410514	1	1	3	0
3	35	0.0	0.060811467891	1	0	4	0
3	58	0.0	0.066302721337	1	0	2	0
3	129	0.0	0.066397666538	1	0	4	0
3	159	0.0	0.061857362504	1	0	3	0
3	170	0.0	0.05421441547	1	0	4	0
3	175	0.0	0.07536981992	1	0	2	0
3	55	0.0	0.060811155258	1	0	7	0
3	27	0.0	0.054214529441	1	0	5	0
3	188	0.0	0.06639762094	1	0	4	0
3	31	0.0	0.06081145875	1	1	5	0
3	61	0.0	0.061487271375	1	0	5	0
3	52	0.0	0.083598491167	1	1	2	1
3	166	0.0	0.05421459326	1	0	4	0
3	116	0.0	0.054214615793	1	0	5	0
3	158	0.0	0.066397650221	1	0	4	0
3	41	0.0	0.054214864328	1	1	4	0
3	153	0.0	0.060811411646	1	0	4	0
3	10	0.0	0.060811154143	1	0	4	0
3	12	0.0	0.066397652216	1	0	4	0
3	192	0.0	0.054214657364	1	0	5	0
3	193	0.0	0.071397190426	1	1	3	0
3	163	0.0	0.060811376148	1	0	4	0
3	33	0.0	0.064215676307	1	0	5	0
3	194	0.0	0.06639771724	1	1	3	0
3	39	0.0	0.054214790311	1	0	5	0
3	168	0.0	0.061487503729	1	0	3	0
3	171	0.0	0.062137387291	1	0	5	0
3	62	0.0	0.060811432861	1	0	4	0
3	64	0.0	0.069961865649	1	0	3	0
3	65	0.0	0.060811605827	1	0	3	0
3	68	0.0	0.061487439348	1	0	6	0
3	177	0.0	0.066397634972	1	0	4	0
3	83	0.0	0.061487489306	1	0	5	0
3	85	0.0	0.054214078111	1	0	4	0
3	87	0.0	0.064215638471	1	0	2	0
3	91	0.0	0.066878605815	1	1	4	0
3	95	0.0	0.075369929393	1	0	2	0
3	97	0.0	0.060811026484	1	0	8	0
3	98	0.0	0.054214690266	1	0	4	0
3	181	0.0	0.060810969974	1	0	8	0
3	110	0.0	0.054214855834	1	0	4	0
3	111	0.0	0.066397781845	1	0	2	0
3	182	0.0	0.064215500189	1	0	4	0
3	123	0.0	0.06081164095	1	1	2	0
3	125	0.0	0.054214759193	1	1	5	0
3	130	0.0	0.054214503012	1	1	5	4
3	131	0.0	0.063104865802	1	0	4	0
3	133	0.0	0.072282832938	1	0	2	0
3	187	0.0	0.054214510011	1	1	6	3
3	143	0.0	0.061487412419	1	0	4	0
3	146	0.0	0.054214274382	1	1	7	1
3	190	0.0	0.054214634814	1	0	5	0
4	134	NA 	 NA 	0	0	0	0
4	83	NA 	 NA 	0	0	0	0
4	38	NA 	 NA 	0	0	0	0
4	148	NA 	 NA 	0	0	0	0
4	84	NA 	 NA 	0	0	0	0
4	14	NA 	 NA 	0	0	0	0
4	169	NA 	 NA 	0	0	0	0
4	36	NA 	 NA 	0	0	0	0
4	33	0.0	0.058731701804	1	0	4	0
4	190	0.0	0.05421409186	1	0	3	0
4	85	0.0	0.058549265452	1	0	5	0
4	73	0.0	0.05854956456	1	0	4	0
4	19	0.0	0.058549133943	1	0	5	0
4	111	0.0	0.064027908731	1	0	4	0
4	127	0.0	0.058731527971	1	0	2	0
4	88	0.0	0.071672009635	1	0	1	0
4	48	0.0	0.054214246616	1	0	3	0
4	11	0.0	0.075209664954	1	0	3	0
4	121	0.0	0.072183074923	1	0	1	0
4	100	0.0	0.058731083679	1	0	3	0
4	118	0.0	0.058549369693	1	0	5	0
4	59	0.0	0.054214524302	1	0	4	0
4	189	0.0	0.05421469525	1	0	3	0
4	87	0.0	0.063060280734	1	1	3	0
4	95	0.0	0.054214134326	1	0	3	0
4	29	0.0	0.054214759878	1	1	1	0
4	31	0.0	0.054214815877	1	0	5	0
4	110	0.0	0.06306029942	1	0	4	0
4	188	0.0	0.058549415877	1	0	3	0
4	171	0.0	0.058549519436	1	0	5	0
4	20	0.0	0.062933142045	1	0	1	0
4	159	0.0	0.054214834798	1	0	7	0
4	165	0.0	0.054214100218	1	0	3	0
4	57	0.0	0.06306048107	1	0	4	0
4	74	0.0	0.054214852041	1	0	7	0
4	80	0.0	0.062933490932	1	0	1	0
4	124	0.0	0.05421458116	1	0	4	0
4	91	0.0	0.063060498265	1	0	4	0
4	22	0.0	0.155048400492	1	0	1	0
4	96	0.0	0.061809992863	1	1	0	0
4	164	0.0	0.071672032625	1	0	1	0
4	179	0.0	0.05854958081	1	0	5	0
4	70	0.0	0.05873149682	1	0	4	0
4	18	0.0	0.054214480892	1	0	5	0
4	4	0.0	0.054214402653	1	0	4	0
4	193	0.0	0.072182613629	1	1	0	0
4	126	0.0	0.062933428893	1	0	3	0
4	61	0.0	0.074274187693	1	0	1	0
4	24	0.0	0.071671990161	1	0	1	0
4	65	0.0	0.082014173	1	1	1	0
4	128	0.0	0.054214834205	1	0	6	0
4	15	0.0	0.058549046527	1	0	4	0
4	54	0.0	0.058731627139	1	1	1	0
4	192	0.0	0.062933603679	1	0	3	0
4	79	0.0	0.054214595216	1	0	2	0
4	132	0.0	0.062933503897	1	0	3	0
4	50	0.0	0.058731630712	1	0	3	0
4	77	0.0	0.058549544476	1	0	4	27
4	94	0.0	0.054214361908	1	0	4	0
4	27	0.0	0.054214431177	1	0	4	0
4	180	0.0	0.05854920068	1	0	5	0
4	46	0.0	0.058549543854	1	0	3	0
4	182	0.0	0.054214736537	1	0	4	0
4	156	0.0	0.054214584585	1	1	2	0
4	155	0.0	0.064028213204	1	0	3	0
4	6	0.0	0.054214598368	1	0	4	0
4	13	0.0	0.058731487265	1	0	5	0
4	78	0.0	0.05873151095	1	0	4	0
4	197	0.0	0.054214487326	1	0	3	0
4	45	0.0	0.054214765432	1	1	2	0
4	55	0.0	0.058731605941	1	1	1	0
4	17	0.0	0.058549609779	1	0	3	0
4	168	0.0	0.061809927137	1	0	2	0
4	105	0.0	0.054214759171	1	0	4	0
4	92	0.0	0.064028233541	1	1	2	0
4	82	0.0	0.058731697626	1	0	6	0
4	181	0.0	0.054214525226	1	0	5	0
4	42	0.0	0.071671971203	1	0	1	0
4	139	0.0	0.082014186746	1	1	1	0
4	56	0.0	0.075209776199	1	0	3	0
4	66	0.0	0.063059882531	1	0	3	0
4	12	0.0	0.054214473318	1	0	4	0
4	125	0.0	0.054214725122	1	0	5	0
4	174	0.0	0.075209881847	1	0	3	0
4	107	0.0	0.058731378058	1	0	3	0
4	99	0.0	0.054214391725	1	0	5	0
4	123	0.0	0.054214279574	1	0	1	0
4	68	0.0	0.064028217932	1	1	2	0
4	58	0.0	0.058731533091	1	1	3	0
4	35	0.0	0.063060527677	1	0	4	0
4	166	0.0	0.054214437861	1	0	3	0
4	172	0.0	0.05421479689	1	0	4	0
4	199	0.0	0.058731007355	1	0	5	0
4	198	0.0	0.058549269147	1	0	3	0
4	185	0.0	0.0587312346	1	0	4	0
4	183	0.0	0.054214275901	1	0	5	0
4	2	0.0	0.05421460716	1	0	5	0
4	160	0.0	0.063060176752	1	0	4	0
4	108	0.0	0.063060091716	1	0	5	0
4	86	0.0	0.058731721059	1	0	5	0
4	98	0.0	0.05421474696	1	1	3	0
4	53	0.0	0.058731450132	1	0	3	0
4	3	0.0	0.071672276078	1	0	1	0
4	113	0.0	0.05421458015	1	0	3	0
4	10	0.0	0.054214852384	1	0	5	0
4	8	0.0	0.063060488731	1	0	3	0
4	9	0.0	0.058731721189	1	0	6	0
4	161	0.0	0.05421460564	1	1	2	0
4	191	0.0	0.071672216479	1	0	1	0
4	138	0.0	0.054214103847	1	0	3	0
4	136	0.0	0.061809863283	1	0	1	0
4	76	0.0	0.063060417095	1	0	3	0
4	26	0.0	0.063060408307	1	0	3	0
4	93	0.0	0.071672097976	1	0	1	0
4	41	0.0	0.054214679565	1	0	5	0
4	25	0.0	0.054214864775	1	1	5	0
4	102	0.0	0.064028009597	1	0	4	0
4	75	0.0	0.054214579699	1	0	5	0
4	133	0.0	0.06402820742	1	0	3	0
4	175	0.0	0.061809972739	1	0	1	0
4	112	0.0	0.062933154809	1	0	1	0
4	5	0.0	0.063060237175	1	0	4	0
4	101	0.0	0.071671891136	1	0	1	0
4	157	0.0	0.058549585472	1	0	3	0
4	130	0.0	0.058731187558	1	0	3	0
4	63	0.0	0.054214248834	1	0	1	0
4	106	0.0	0.058731535043	1	1	3	0
4	28	0.0	0.071672216607	1	1	0	0
4	201	0.0	0.064028324056	1	0	3	0
4	72	0.0	0.054214126822	1	0	3	0
4	152	0.0	0.058731430109	1	0	3	0
4	150	0.0	0.058549005631	1	0	5	0
4	200	0.0	0.063060262294	1	0	4	0
4	147	0.0	0.054214402674	1	0	4	0
4	0	0.0	0.058731637303	1	0	3	0
4	184	0.0	0.063060448217	1	0	4	0
4	194	0.0	0.054214776058	1	0	5	0
4	39	0.0	0.064028146277	1	0	3	0
4	51	0.0	0.06402822016	1	0	4	0
4	146	0.0	0.05421477367	1	0	5	0
4	32	0.0	0.058731042655	1	0	4	0
4	114	0.0	0.054214861774	1	0	7	0
4	176	0.0	0.061809884173	1	0	3	0
4	143	0.0	0.058731580763	1	0	7	0
4	69	0.0	0.058731283731	1	0	3	0
4	137	0.0	0.063060576454	1	0	5	27
4	34	0.0	0.075209694573	1	1	2	0
4	119	0.0	0.061810005768	1	0	2	0
4	30	0.0	0.054214817826	1	0	6	0
4	81	0.0	0.058549534221	1	0	5	0
4	90	0.0	0.054214499415	1	0	4	0
4	202	0.0	0.054214791963	1	0	6	0
4	1	0.0	0.058549507641	1	0	7	0
4	103	0.0	0.058549215486	1	0	5	0
4	7	0.0	0.06306008362	1	0	3	0
4	16	0.0	0.064027731052	1	0	3	0
4	145	0.0	0.05421480758	1	0	5	0
4	21	0.0	0.062933347122	1	0	3	0
4	23	0.0	0.058549532685	1	0	5	0
4	149	0.0	0.058731416575	1	0	5	0
4	151	0.0	0.054214625471	1	0	3	0
4	37	0.0	0.058731594101	1	0	2	0
4	153	0.0	0.058731510815	1	0	5	0
4	144	0.0	0.065744260228	1	0	2	0
4	40	0.0	0.074274211656	1	1	0	0
4	154	0.0	0.064028320287	1	0	3	0
4	43	0.0	0.064027886182	1	0	2	0
4	44	0.0	0.054214751641	1	0	2	0
4	158	0.0	0.058731584151	1	1	1	0
4	47	0.0	0.064028327755	1	0	3	0
4	49	0.0	0.061809880711	1	0	2	0
4	162	0.0	0.058549625492	1	0	3	0
4	163	0.0	0.071672006853	1	0	1	0
4	52	0.0	0.054214447832	1	0	4	0
4	167	0.0	0.064028395259	1	0	3	0
4	60	0.0	0.063060464252	1	1	3	1
4	62	0.0	0.058731005151	1	0	4	0
4	170	0.0	0.054214485564	1	0	4	0
4	64	0.0	0.054214836282	1	0	6	0
4	195	0.0	0.061809966337	1	0	2	0
4	67	0.0	0.054214581884	1	0	4	0
4	173	0.0	0.054214661915	1	0	4	0
4	196	0.0	0.054214527512	1	0	5	0
4	71	0.0	0.058731266564	1	0	4	0
4	177	0.0	0.058731303252	1	0	4	0
4	89	0.0	0.054214319276	1	0	1	0
4	97	0.0	0.063060309703	1	1	4	1
4	178	0.0	0.054214698486	1	1	5	0
4	104	0.0	0.063060236784	1	0	4	0
4	109	0.0	0.054214632744	1	0	4	0
4	115	0.0	0.063060344489	1	0	4	0
4	116	0.0	0.054214443128	1	0	4	0
4	117	0.0	0.064028118302	1	0	3	0
4	120	0.0	0.054214761479	1	0	5	0
4	122	0.0	0.054214742306	1	0	4	0
4	186	0.0	0.06574417641	1	0	2	0
4	187	0.0	0.054214755864	1	0	3	0
4	129	0.0	0.064028203877	1	0	3	0
4	131	0.0	0.058731733713	1	0	3	0
4	135	0.0	0.058549303714	1	0	3	0
4	140	0.0	0.058731181556	1	0	4	0
4	141	0.0	0.058549543356	1	0	5	0
4	142	0.0	0.054214612337	1	0	5	0
5	135	NA 	 NA 	0	0	0	0
5	136	NA 	 NA 	0	0	0	0
5	142	NA 	 NA 	0	0	0	0
5	132	NA 	 NA 	0	0	0	0
5	37	NA 	 NA 	0	0	0	0
5	114	NA 	 NA 	0	0	0	0
5	122	NA 	 NA 	0	0	0	0
5	188	NA 	 NA 	0	0	0	0
5	196	0.0	0.054149212474	1	0	4	0
5	141	0.0	0.054149091762	1	0	6	0
5	97	0.0	0.063424268941	1	0	8	0
5	131	0.0	0.060990000985	1	0	6	0
5	201	0.0	0.155220852237	1	0	1	0
5	153	0.0	0.054149587638	1	0	4	0
5	29	0.0	0.054149780732	1	1	7	0
5	184	0.0	0.068665020889	1	1	1	0
5	13	0.0	0.059150965772	1	0	4	0
5	87	0.0	0.054149489704	1	0	3	0
5	203	0.0	0.054149415225	1	1	7	1
5	48	0.0	0.054149774871	1	1	4	0
5	100	0.0	0.054149212502	1	0	7	0
5	186	0.0	0.060989977909	1	0	5	0
5	67	0.0	0.059151331377	1	0	6	0
5	155	0.0	0.065250091578	1	1	2	0
5	93	0.0	0.060326557216	1	0	5	0
5	126	0.0	0.054149668826	1	0	3	0
5	36	0.0	0.059151433239	1	0	6	0
5	42	0.0	0.156141806934	1	1	1	0
5	82	0.0	0.060989841003	1	0	8	0
5	140	0.0	0.060990016924	1	0	4	0
5	171	0.0	0.054149566043	1	1	7	0
5	101	0.0	0.059151281915	1	0	6	0
5	157	0.0	0.156141678042	1	0	1	0
5	65	0.0	0.059151088699	1	0	7	0
5	18	0.0	0.15507001514	1	0	3	0
5	85	0.0	0.059151269852	1	0	7	0
5	158	0.0	0.054149427659	1	0	4	0
5	167	0.0	0.054149668898	1	1	2	0
5	11	0.0	0.066574165649	1	0	2	0
5	4	0.0	0.054149746144	1	0	6	0
5	185	0.0	0.155220989093	1	0	1	0
5	12	0.0	0.096757904226	1	0	3	0
5	163	0.0	0.054149792963	1	1	5	0
5	45	0.0	0.054149410502	1	1	7	3
5	68	0.0	0.054149511145	1	1	8	3
5	200	0.0	0.054149539383	1	1	8	3
5	110	0.0	0.063424152166	1	0	5	0
5	2	0.0	0.054149756022	1	1	8	3
5	38	0.0	0.156141619987	1	0	2	0
5	43	0.0	0.063424449132	1	0	3	0
5	96	0.0	0.06098991046	1	0	4	0
5	138	0.0	0.05915110525	1	0	6	0
5	94	0.0	0.054149584722	1	1	6	0
5	75	0.0	0.060989935779	1	0	7	0
5	152	0.0	0.060326885187	1	0	1	0
5	181	0.0	0.06032652501	1	0	3	0
5	113	0.0	0.054149388826	1	0	7	0
5	53	0.0	0.054149584247	1	1	6	2
5	102	0.0	0.05915133476	1	0	7	0
5	159	0.0	0.054149615957	1	0	4	0
5	121	0.0	0.054149745704	1	0	6	0
5	106	0.0	0.054149419221	1	1	8	3
5	78	0.0	0.054149412215	1	0	5	0
5	81	0.0	0.054149594945	1	1	8	0
5	134	0.0	0.059151179369	1	0	7	0
5	161	0.0	0.054149465927	1	0	4	0
5	168	0.0	0.060326475937	1	0	3	0
5	80	0.0	0.060990035719	1	0	6	0
5	7	0.0	0.059151184529	1	0	7	0
5	20	0.0	0.060990054805	1	0	6	0
5	174	0.0	0.060989943795	1	0	6	0
5	119	0.0	0.073796309004	1	0	2	0
5	123	0.0	0.054149103867	1	0	6	0
5	193	0.0	0.054149737491	1	0	6	0
5	172	0.0	0.063424193601	1	0	8	0
5	111	0.0	0.096757816839	1	0	3	0
5	148	0.0	0.054149790322	1	0	5	0
5	79	0.0	0.054149757199	1	0	6	0
5	120	0.0	0.059151204048	1	0	8	0
5	41	0.0	0.059151266139	1	0	6	0
5	91	0.0	0.063424528555	1	0	4	0
5	66	0.0	0.059151161154	1	0	6	0
5	125	0.0	0.062035286439	1	1	4	0
5	178	0.0	0.063106669351	1	0	5	0
5	52	0.0	0.063424625989	1	0	5	0
5	44	0.0	0.063424607514	1	0	5	0
5	57	0.0	0.059151303148	1	0	5	0
5	118	0.0	0.060989925997	1	0	5	0
5	124	0.0	0.0620352006	1	0	3	0
5	180	0.0	0.15614173646	1	1	1	0
5	26	0.0	0.059151005655	1	0	5	0
5	143	0.0	0.059151118591	1	0	5	0
5	116	0.0	0.054149469556	1	0	6	0
5	59	0.0	0.059151001457	1	0	6	0
5	24	0.0	0.054149758882	1	1	7	0
5	170	0.0	0.05414959891	1	0	4	0
5	71	0.0	0.062035209038	1	0	3	0
5	56	0.0	0.060326705325	1	0	4	0
5	3	0.0	0.060990056772	1	0	7	0
5	103	0.0	0.054149447591	1	1	3	0
5	129	0.0	0.054149445875	1	1	7	2
5	84	0.0	0.054149126717	1	0	6	0
5	88	0.0	0.068664663453	1	1	0	0
5	149	0.0	0.054149431939	1	1	5	0
5	112	0.0	0.054149776781	1	0	6	0
5	109	0.0	0.059150885302	1	0	5	0
5	127	0.0	0.060989899536	1	0	6	0
5	95	0.0	0.054149622045	1	1	3	0
5	39	0.0	0.059151446699	1	0	8	0
5	130	0.0	0.059151362036	1	0	6	0
5	50	0.0	0.054149836479	1	1	5	0
5	187	0.0	0.054149502968	1	1	8	1
5	198	0.0	0.054149733959	1	0	6	0
5	145	0.0	0.054149866697	1	0	5	0
5	90	0.0	0.05414949409	1	1	8	3
5	8	0.0	0.05414972568	1	0	4	0
5	166	0.0	0.06342459834	1	0	4	0
5	35	0.0	0.054149606088	1	0	9	0
5	47	0.0	0.054149264499	1	0	7	4
5	173	0.0	0.054149337024	1	0	5	0
5	98	0.0	0.054149276783	1	0	7	0
5	176	0.0	0.063424527813	1	0	5	0
5	191	0.0	0.073796409712	1	0	2	0
5	19	0.0	0.065249739728	1	0	5	0
5	190	0.0	0.060989563081	1	0	6	0
5	49	0.0	0.054149870139	1	1	7	3
5	28	0.0	0.059151137818	1	0	4	0
5	202	0.0	0.054149550897	1	0	5	0
5	195	0.0	0.065250011836	1	1	2	0
5	54	0.0	0.059151312478	1	0	7	0
5	128	0.0	0.059151112909	1	0	6	0
5	137	0.0	0.054149274381	1	0	6	0
5	76	0.0	0.059151168166	1	0	5	0
5	86	0.0	0.054149205068	1	0	4	0
5	5	0.0	0.054149849092	1	1	8	1
5	17	0.0	0.05915140238	1	0	7	0
5	69	0.0	0.062035265284	1	1	4	0
5	73	0.0	0.062035155476	1	0	4	0
5	139	0.0	0.156141393334	1	0	3	0
5	146	0.0	0.063424552267	1	0	5	0
5	144	0.0	0.059150953733	1	0	4	0
5	192	0.0	0.054149667256	1	0	4	0
5	156	0.0	0.063424279932	1	0	4	4
5	169	0.0	0.054149145257	1	0	6	0
5	10	0.0	0.156141561019	1	0	1	0
5	179	0.0	0.054149765661	1	0	6	0
5	162	0.0	0.060326751392	1	0	4	0
5	105	0.0	0.054149430183	1	0	7	0
5	147	0.0	0.054149614315	1	0	4	0
5	151	0.0	0.187216990817	1	0	1	0
5	34	0.0	0.073796255012	1	0	2	0
5	74	0.0	0.060326758709	1	0	2	0
5	22	0.0	0.060989748102	1	0	7	0
5	177	0.0	0.054149412098	1	0	5	0
5	164	0.0	0.065249991252	1	0	5	0
5	175	0.0	0.065249696754	1	0	5	0
5	21	0.0	0.060326940827	1	0	3	0
5	6	0.0	0.065249710902	1	1	1	0
5	64	0.0	0.15507011516	1	0	4	0
5	15	0.0	0.05414946274	1	0	6	0
5	55	0.0	0.054149778657	1	1	5	0
5	23	0.0	0.05414916828	1	0	6	0
5	0	0.0	0.060326772437	1	0	5	0
5	1	0.0	0.054149546706	1	1	8	1
5	9	0.0	0.060326717183	1	1	1	0
5	14	0.0	0.059151446725	1	0	8	0
5	16	0.0	0.060326632746	1	0	5	0
5	160	0.0	0.054149857087	1	1	7	0
5	25	0.0	0.06098989615	1	0	5	0
5	27	0.0	0.060989893641	1	0	7	0
5	30	0.0	0.05414961611	1	0	4	0
5	165	0.0	0.054149445635	1	0	6	0
5	31	0.0	0.054149830103	1	0	7	0
5	32	0.0	0.096757518525	1	0	2	0
5	33	0.0	0.059151162918	1	0	7	0
5	40	0.0	0.063424240857	1	0	4	0
5	46	0.0	0.060326663205	1	0	5	0
5	51	0.0	0.06524970404	1	1	1	0
5	58	0.0	0.059151068231	1	0	5	0
5	60	0.0	0.059150942517	1	0	4	0
5	61	0.0	0.054149759004	1	1	5	0
5	62	0.0	0.063424574859	1	0	3	0
5	63	0.0	0.063424048697	1	0	5	0
5	197	0.0	0.065249656458	1	0	3	0
5	70	0.0	0.065249746404	1	0	5	0
5	72	0.0	0.054149448535	1	1	3	0
5	77	0.0	0.059151346181	1	0	6	0
5	199	0.0	0.059151336612	1	0	7	0
5	182	0.0	0.063424584485	1	0	4	0
5	183	0.0	0.059151290357	1	0	5	0
5	83	0.0	0.065249898893	1	1	3	0
5	89	0.0	0.054149720459	1	2	6	3
5	92	0.0	0.060989673679	1	0	6	0
5	99	0.0	0.054149284418	1	0	6	0
5	104	0.0	0.06032680352	1	1	3	0
5	107	0.0	0.054149229956	1	1	6	2
5	108	0.0	0.05414952467	1	1	8	0
5	115	0.0	0.059151276329	1	0	5	0
5	117	0.0	0.059150983599	1	0	6	0
5	189	0.0	0.059151284401	1	0	6	0
5	133	0.0	0.06032681002	1	0	3	0
5	150	0.0	0.05915136974	1	0	7	0
5	194	0.0	0.059151309945	1	1	6	0
5	154	0.0	0.156141793533	1	0	2	0
6	145	NA 	 NA 	0	0	0	0
6	122	NA 	 NA 	0	0	0	0
6	63	NA 	 NA 	0	0	0	0
6	131	NA 	 NA 	0	0	0	0
6	104	NA 	 NA 	0	0	0	0
6	59	NA 	 NA 	0	0	0	0
6	128	NA 	 NA 	0	0	0	0
6	186	0.0	0.077913354616	1	0	4	0
6	57	0.0	0.077913398293	1	0	3	0
6	77	0.0	0.060118125325	1	0	5	0
6	127	0.0	0.054175574211	1	0	1	0
6	107	0.0	0.155091004706	1	0	1	0
6	45	NA 	 NA 	0	0	0	0
6	47	0.0	0.068525508525	1	0	1	0
6	16	0.0	0.060118261979	1	0	5	0
6	185	0.0	0.054175859996	1	0	2	0
6	191	0.0	0.054175744513	1	0	4	0
6	187	0.0	0.077913353639	1	0	4	0
6	82	0.0	0.06852561759	1	0	1	0
6	200	0.0	0.068525618334	1	0	1	0
6	41	NA 	 NA 	0	0	0	0
6	113	0.0	0.054175425175	1	0	2	0
6	30	0.0	0.155090681919	1	0	1	0
6	1	0.0	0.059940155068	1	0	3	0
6	117	0.0	0.054175634164	1	0	9	0
6	35	0.0	0.054175847332	1	0	5	0
6	158	0.0	0.062196291965	1	0	4	0
6	182	0.0	0.068525463615	1	0	2	0
6	28	0.0	0.068525655045	1	0	2	0
6	174	0.0	0.054175702761	1	0	5	0
6	177	0.0	0.05417559278	1	0	6	0
6	137	0.0	0.054175269825	1	0	6	0
6	52	0.0	0.06219652119	1	0	4	0
6	166	0.0	0.155090875772	1	0	1	0
6	0	0.0	0.054175707523	1	0	5	0
6	81	0.0	0.063267962206	1	0	2	0
6	84	0.0	0.15509107403	1	0	1	0
6	94	0.0	0.155404179833	1	1	0	0
6	24	0.0	0.059940477364	1	0	4	0
6	11	0.0	0.05994024066	1	0	1	0
6	8	0.0	0.054175818564	1	1	3	0
6	142	0.0	0.054175284982	1	0	5	0
6	139	0.0	0.054175687164	1	1	9	0
6	7	0.0	0.06219651775	1	0	3	0
6	197	0.0	0.062183440882	1	0	8	0
6	115	0.0	0.062183468973	1	0	8	0
6	26	0.0	0.355129745244	1	0	5	0
6	66	0.0	0.060117989438	1	0	10	0
6	130	0.0	0.054175773564	1	1	3	0
6	203	0.0	0.061150652441	1	0	5	0
6	56	0.0	0.054175097733	1	0	4	0
6	96	0.0	0.054175793599	1	0	5	0
6	134	0.0	0.05417570783	1	0	5	0
6	143	0.0	0.068525213086	1	0	2	0
6	165	0.0	4.9552755882	1	1	1	0
6	87	0.0	0.054175581371	1	0	4	0
6	154	0.0	0.05417543262	1	0	3	0
6	27	0.0	0.060118150508	1	0	6	0
6	67	0.0	0.054175792419	1	1	2	0
6	103	0.0	0.060118327456	1	0	6	0
6	118	0.0	0.054175482801	1	0	3	0
6	17	0.0	0.060118273657	1	0	7	0
6	111	0.0	0.054175606187	1	1	8	0
6	144	0.0	0.059940331344	1	0	4	0
6	161	0.0	0.060118285163	1	0	8	0
6	91	0.0	0.054175597606	1	0	5	0
6	92	0.0	0.054175633987	1	1	8	0
6	55	0.0	0.062196270359	1	0	4	0
6	15	0.0	0.062196545709	1	0	5	0
6	5	0.0	0.060118039277	1	0	7	0
6	76	0.0	0.062196582505	1	0	4	0
6	32	0.0	0.054175686439	1	1	9	0
6	201	0.0	0.054175579438	1	0	8	0
6	120	0.0	0.062196082059	1	0	3	0
6	43	0.0	0.054175282284	1	0	6	0
6	192	0.0	0.05417559924	1	1	6	0
6	72	0.0	0.059940489461	1	0	2	0
6	98	0.0	0.060118374204	1	0	3	0
6	10	0.0	0.054175374245	1	0	9	0
6	89	0.0	0.054175288038	1	0	6	0
6	86	0.0	0.054175428677	1	0	2	0
6	88	0.0	0.059940167048	1	0	1	0
6	68	0.0	0.054175601057	1	1	3	0
6	25	0.0	0.05994012665	1	0	2	0
6	37	0.0	0.060118219623	1	0	8	0
6	110	0.0	0.054175411714	1	0	4	0
6	202	0.0	0.060118369794	1	1	3	0
6	19	0.0	0.054175784276	1	1	8	0
6	106	0.0	0.065118674177	1	0	3	0
6	184	0.0	0.062196488754	1	0	3	0
6	9	0.0	0.060118039991	1	0	5	0
6	149	0.0	0.062196211249	1	0	4	0
6	121	0.0	0.064338873797	1	1	1	0
6	133	0.0	0.054175645946	1	0	5	0
6	102	0.0	0.054175770584	1	0	5	0
6	29	0.0	0.060117698851	1	0	8	0
6	157	0.0	0.054175675381	1	1	6	0
6	80	0.0	0.059940361184	1	0	4	0
6	44	0.0	0.054175708745	1	0	2	0
6	70	0.0	0.054175265108	1	0	7	0
6	125	0.0	0.054175731308	1	0	5	0
6	148	0.0	0.060117943443	1	0	10	0
6	18	0.0	0.06115075425	1	0	8	0
6	54	0.0	0.062183632753	1	0	4	0
6	40	0.0	0.062183105741	1	0	8	0
6	151	0.0	0.155090696932	1	1	0	0
6	75	0.0	0.059940277056	1	0	3	0
6	71	0.0	0.066493795595	1	0	3	0
6	61	0.0	0.068525311086	1	0	1	0
6	167	0.0	0.060118270487	1	0	8	0
6	129	0.0	0.155090707915	1	0	1	0
6	64	0.0	0.059940148403	1	0	3	0
6	141	0.0	0.060118348467	1	0	5	0
6	79	0.0	0.054175780736	1	0	4	0
6	22	0.0	0.054175429552	1	0	9	0
6	198	0.0	0.054175736125	1	1	4	1
6	183	0.0	0.060117911767	1	0	8	0
6	99	0.0	0.054175746399	1	0	4	0
6	42	0.0	0.060118318836	1	0	9	0
6	3	0.0	0.059940362005	1	0	3	0
6	175	0.0	0.054175551921	1	0	4	0
6	38	0.0	0.060117670655	1	0	9	0
6	138	0.0	0.06011780126	1	0	10	0
6	153	0.0	0.060118331198	1	0	9	0
6	34	0.0	0.060118003825	1	0	7	0
6	39	0.0	0.060118098966	1	0	8	0
6	124	0.0	0.054175753275	1	1	1	0
6	50	0.0	0.059940617906	1	1	2	0
6	156	0.0	0.062196422418	1	0	3	0
6	23	0.0	0.060118008045	1	0	7	0
6	62	0.0	0.054175625114	1	0	9	0
6	93	0.0	0.060118350916	1	0	9	0
6	164	0.0	0.054175871914	1	1	9	0
6	160	0.0	0.062183585713	1	0	3	0
6	190	0.0	0.068525405003	1	0	1	0
6	58	0.0	0.062183319263	1	0	6	0
6	90	0.0	0.06649388318	1	1	2	0
6	147	0.0	0.054175756445	1	0	3	0
6	168	0.0	0.05417563034	1	0	9	0
6	60	0.0	0.062196100274	1	0	3	0
6	169	0.0	0.059940413333	1	0	4	0
6	163	0.0	0.060118316716	1	0	6	0
6	126	0.0	0.068525324289	1	0	2	0
6	189	0.0	0.059940635527	1	1	2	0
6	178	0.0	0.054175295383	1	0	5	0
6	4	0.0	0.062196532623	1	0	4	0
6	51	0.0	0.054175571526	1	0	2	0
6	69	0.0	0.054175246614	1	0	5	0
6	65	0.0	0.062196433265	1	0	2	0
6	180	0.0	0.060117926679	1	0	9	0
6	53	0.0	0.059940624117	1	0	3	0
6	140	0.0	0.061150649402	1	0	4	0
6	31	0.0	0.08000386896	1	1	1	0
6	199	0.0	0.054175529797	1	0	6	0
6	100	0.0	0.066493734429	1	0	3	0
6	159	0.0	0.066494159197	1	1	3	0
6	119	0.0	5.05526409628	1	1	0	0
6	196	0.0	0.061150667607	1	0	7	0
6	188	0.0	0.054175297137	1	0	7	0
6	132	0.0	0.054175126815	1	0	3	0
6	20	0.0	0.062196629505	1	0	4	0
6	2	0.0	0.060118159737	1	0	7	0
6	6	0.0	0.062196648815	1	0	5	0
6	12	0.0	0.054175851744	1	0	4	0
6	13	0.0	0.054175809479	1	0	3	0
6	14	0.0	0.05417572788	1	0	5	0
6	170	0.0	0.062196364819	1	0	4	0
6	171	0.0	0.061150604312	1	0	3	0
6	21	0.0	0.061150695003	1	0	8	0
6	172	0.0	0.054175807486	1	0	2	0
6	173	0.0	0.060118058776	1	0	7	0
6	33	0.0	0.077913569322	1	0	4	0
6	36	0.0	0.068525370555	1	0	2	0
6	46	0.0	0.061150790305	1	0	5	0
6	48	0.0	0.060118047948	1	0	5	0
6	49	0.0	0.05417530833	1	0	7	0
6	176	0.0	0.054175762269	1	0	4	0
6	179	0.0	0.066493964928	1	1	2	0
6	181	0.0	0.060118372507	1	0	5	0
6	73	0.0	0.061150785258	1	0	5	0
6	74	0.0	0.054175361685	1	0	9	0
6	78	0.0	0.054175562578	1	0	4	0
6	83	0.0	0.077913725553	1	0	4	0
6	85	0.0	0.060117795985	1	0	6	0
6	95	0.0	0.060118260245	1	0	5	0
6	97	0.0	0.061150661145	1	0	6	0
6	101	0.0	0.068525783783	1	0	2	0
6	105	0.0	0.054175425207	1	0	3	0
6	108	0.0	0.059940345525	1	0	2	0
6	109	0.0	0.054175257095	1	0	6	0
6	112	0.0	0.06218310767	1	0	7	0
6	114	0.0	0.060118046964	1	0	8	0
6	116	0.0	0.059940395868	1	0	2	0
6	123	0.0	0.05417546883	1	0	3	0
6	135	0.0	0.054175731122	1	1	9	0
6	136	0.0	0.059939971641	1	0	3	0
6	193	0.0	0.054175844108	1	1	3	1
6	146	0.0	0.054175673957	1	0	5	0
6	150	0.0	0.06115084119	1	0	8	0
6	152	0.0	0.054175697918	1	0	9	0
6	155	0.0	0.062196620494	1	0	4	0
6	194	0.0	0.054175440379	1	0	3	0
6	195	0.0	0.060118196028	1	0	5	0
6	162	0.0	0.060118281532	1	0	7	0
7	26	NA 	 NA 	0	0	0	0
7	24	NA 	 NA 	0	0	0	0
7	187	NA 	 NA 	0	0	0	0
7	108	NA 	 NA 	0	0	0	0
7	125	NA 	 NA 	0	0	0	0
7	22	0.0	0.059680712187	1	1	1	0
7	118	0.0	0.059680097004	1	0	13	0
7	53	0.0	0.068870133553	1	0	2	0
7	25	0.0	0.054227594549	1	0	8	0
7	41	0.0	0.063957321618	1	0	6	0
7	102	0.0	0.054227095685	1	0	5	0
7	74	0.0	0.059771203446	1	0	7	0
7	185	0.0	0.062207932696	1	0	5	0
7	106	0.0	0.0596802424	1	0	9	0
7	103	0.0	0.054227736473	1	0	5	0
7	130	0.0	0.068870353533	1	0	2	0
7	33	0.0	0.06329200064	1	0	5	0
7	88	0.0	0.063957588859	1	0	4	0
7	177	0.0	0.063957616018	1	0	2	0
7	69	0.0	0.063957326927	1	0	4	0
7	150	0.0	0.054227573024	1	0	3	0
7	126	0.0	0.059680288793	1	0	9	0
7	19	0.0	0.05422763387	1	0	5	0
7	172	0.0	0.059680494164	1	0	7	0
7	99	0.0	0.054227620955	1	0	7	0
7	180	0.0	0.076042789727	1	1	3	1
7	54	0.0	0.05977170586	1	0	8	0
7	10	0.0	0.054227479048	1	1	9	1
7	113	0.0	0.068870230934	1	0	2	0
7	6	0.0	0.05422783054	1	1	3	1
7	105	0.0	0.063957432151	1	0	6	0
7	124	0.0	0.054227650812	1	0	7	0
7	175	0.0	0.054227274899	1	0	8	0
7	101	0.0	0.054227783733	1	2	8	3
7	129	0.0	0.066167929183	1	0	4	0
7	197	0.0	0.059771096842	1	0	4	0
7	89	0.0	0.054227780129	1	0	2	0
7	158	0.0	0.061960537881	1	0	11	0
7	119	0.0	0.05422752842	1	0	5	0
7	61	0.0	0.054227770428	1	1	10	2
7	52	0.0	0.076042505779	1	0	2	0
7	115	0.0	0.054227732475	1	0	3	0
7	1	0.0	0.059771662349	1	1	0	0
7	161	0.0	0.054227755394	1	1	10	1
7	45	0.0	0.059680540784	1	1	7	0
7	35	0.0	0.054227452892	1	0	8	0
7	75	0.0	0.059680680103	1	0	5	0
7	176	0.0	0.062207836347	1	0	3	0
7	120	0.0	0.063673836344	1	0	3	0
7	114	0.0	0.05422779637	1	0	11	0
7	195	0.0	0.059680128771	1	0	11	0
7	163	0.0	0.061961069669	1	0	3	0
7	4	0.0	0.059771571383	1	0	10	0
7	29	0.0	0.059680427078	1	0	6	0
7	79	0.0	0.054227733739	1	0	9	0
7	64	0.0	0.059680521762	1	0	8	0
7	84	0.0	0.054227440636	1	0	8	0
7	76	0.0	0.059680616724	1	0	8	0
7	171	0.0	0.059680105815	1	0	12	0
7	12	0.0	0.054227783801	1	1	10	0
7	191	0.0	0.059680330703	1	0	10	0
7	57	0.0	0.054227630712	1	1	9	0
7	173	0.0	0.059186615712	1	1	1	0
7	144	0.0	0.054227858852	1	1	11	0
7	111	0.0	0.099362252079	1	1	0	0
7	123	0.0	0.063957637621	1	0	2	0
7	100	0.0	0.054227597602	1	1	2	0
7	17	0.0	0.059680457627	1	0	7	0
7	156	0.0	0.063957515949	1	0	3	0
7	9	0.0	0.063957643607	1	0	4	0
7	3	0.0	0.054227424568	1	0	5	0
7	36	0.0	0.063957491468	1	0	3	0
7	112	0.0	0.054227312701	1	0	4	0
7	149	0.0	0.059680533148	1	1	7	0
7	196	0.0	0.059680091228	1	0	13	0
7	59	0.0	0.059680518396	1	0	7	0
7	40	0.0	0.059680632788	1	0	8	0
7	58	0.0	0.054227343028	1	0	8	0
7	56	0.0	0.059680403097	1	0	7	8
7	190	0.0	0.065777819527	1	0	8	0
7	85	0.0	0.063957632994	1	1	1	0
7	193	0.0	0.063957355664	1	0	6	0
7	86	0.0	0.059185919012	1	0	4	0
7	143	0.0	0.06616786313	1	0	4	0
7	186	0.0	0.062207862292	1	0	4	0
7	151	0.0	0.06220793153	1	0	4	0
7	16	0.0	0.066167772758	1	0	2	0
7	146	0.0	0.062207834255	1	0	4	0
7	13	0.0	0.054227618418	1	1	2	0
7	167	0.0	0.059680219765	1	0	8	0
7	8	0.0	0.059680193247	1	0	9	0
7	192	0.0	0.059771176744	1	0	6	0
7	170	0.0	0.054227582126	1	0	3	0
7	70	0.0	0.059680574279	1	0	8	0
7	164	0.0	0.054227812035	1	0	5	0
7	60	0.0	0.054227111178	1	0	5	0
7	117	0.0	0.059680662243	1	0	6	0
7	68	0.0	0.054227516554	1	0	8	0
7	121	0.0	0.065777844478	1	0	8	0
7	46	0.0	0.054227754217	1	1	6	0
7	110	0.0	0.068870170305	1	0	4	0
7	82	0.0	0.076042788899	1	1	3	0
7	44	0.0	0.054227760474	1	1	11	3
7	11	0.0	0.063957293241	1	0	3	0
7	49	0.0	0.054227273269	1	0	5	0
7	169	0.0	0.054227664379	1	0	5	8
7	168	0.0	0.059680223124	1	0	9	0
7	107	0.0	0.073297467155	1	0	2	0
7	81	0.0	0.063957381809	1	0	4	0
7	34	0.0	0.054227612273	1	1	2	0
7	96	0.0	0.062207933734	1	0	5	0
7	153	0.0	0.054227544452	1	1	8	0
7	7	0.0	0.066168358393	1	0	5	0
7	97	0.0	0.061960550236	1	0	11	0
7	178	0.0	0.068870173581	1	0	3	0
7	133	0.0	0.061960527747	1	0	11	0
7	109	0.0	0.054227092208	1	0	5	0
7	127	0.0	0.054227850597	1	0	5	0
7	135	0.0	0.06329197073	1	0	4	0
7	128	0.0	0.054227752676	1	1	10	1
7	72	0.0	0.061960874944	1	0	8	0
7	199	0.0	0.063291995879	1	0	5	0
7	194	0.0	0.054227441572	1	0	8	0
7	2	0.0	0.062207965084	1	0	6	0
7	15	0.0	0.066168014631	1	0	5	0
7	71	0.0	0.054227676344	1	0	3	0
7	201	0.0	0.054227501776	1	0	9	0
7	77	0.0	0.054227474906	1	0	8	0
7	27	0.0	0.054227658602	1	1	9	1
7	166	0.0	0.059680041815	1	0	13	0
7	139	0.0	0.067759627721	1	0	7	0
7	65	0.0	0.05968041568	1	0	7	0
7	80	0.0	0.059680312517	1	0	11	0
7	189	0.0	0.076042619101	1	0	2	0
7	31	0.0	0.062615934545	1	0	2	0
7	55	0.0	0.059680341172	1	0	10	0
7	90	0.0	0.062207880231	1	1	3	0
7	142	0.0	0.073297005562	1	0	4	0
7	98	0.0	0.066167804387	1	0	2	0
7	43	0.0	0.054227579769	1	0	4	0
7	165	0.0	0.059680586589	1	1	5	0
7	5	0.0	0.05422775068	1	1	10	3
7	122	0.0	0.054227810144	1	1	4	0
7	0	0.0	0.054227259782	1	0	8	0
7	116	0.0	0.054227427771	1	1	9	3
7	145	0.0	0.054227686509	1	0	9	0
7	23	0.0	0.063957532504	1	0	6	0
7	93	0.0	0.063292063973	1	0	5	0
7	104	0.0	0.054227761755	1	2	8	1
7	162	0.0	0.06395702107	1	0	3	0
7	131	0.0	0.054227499415	1	0	9	0
7	32	0.0	0.074142381976	1	1	2	0
7	148	0.0	0.054227843151	1	1	10	1
7	14	0.0	0.062207886189	1	0	8	0
7	18	0.0	0.063957626978	1	1	1	0
7	20	0.0	0.076042415453	1	0	2	0
7	21	0.0	0.061960571118	1	0	11	0
7	152	0.0	0.059680595405	1	0	5	0
7	200	0.0	0.073297408495	1	0	3	0
7	154	0.0	0.054227436414	1	1	7	0
7	155	0.0	0.062207874875	1	0	7	0
7	28	0.0	0.063956937912	1	0	3	0
7	30	0.0	0.05422771587	1	1	0	0
7	37	0.0	0.054227790877	1	1	5	0
7	38	0.0	0.059186008064	1	0	4	0
7	39	0.0	0.073297482173	1	0	2	0
7	157	0.0	0.062207894734	1	0	6	0
7	42	0.0	0.076042379414	1	1	1	0
7	47	0.0	0.059186272704	1	0	4	0
7	159	0.0	0.054227852582	1	1	7	0
7	48	0.0	0.062207898865	1	0	4	0
7	50	0.0	0.076042403338	1	1	2	1
7	51	0.0	0.066167895123	1	0	5	0
7	160	0.0	0.059680676241	1	0	8	0
7	62	0.0	0.06775959123	1	0	7	0
7	63	0.0	0.054227430942	1	0	8	0
7	66	0.0	0.061583622486	1	0	5	0
7	67	0.0	0.059680553917	1	0	7	0
7	198	0.0	0.063957343861	1	0	4	0
7	73	0.0	0.068870054727	1	0	4	0
7	174	0.0	0.05422724236	1	1	5	2
7	78	0.0	0.061583460436	1	0	3	0
7	83	0.0	0.059680638698	1	0	8	0
7	179	0.0	0.054227454874	1	0	8	0
7	87	0.0	0.062207905717	1	0	8	0
7	91	0.0	0.063957563531	1	0	6	0
7	92	0.0	0.076042728013	1	0	2	0
7	94	0.0	0.063957308136	1	0	3	0
7	95	0.0	0.054227764173	1	0	3	0
7	181	0.0	0.059680333269	1	0	7	0
7	182	0.0	0.054227773298	1	1	9	2
7	183	0.0	0.054227140336	1	0	5	0
7	184	0.0	0.054227776935	1	0	10	0
7	132	0.0	0.054227597474	1	1	9	0
7	134	0.0	0.054227603371	1	0	4	0
7	136	0.0	0.054227508012	1	1	9	3
7	137	0.0	0.059186310323	1	0	3	0
7	138	0.0	0.054227423328	1	1	7	0
7	140	0.0	0.068869997494	1	0	4	0
7	141	0.0	0.064719398072	1	0	2	0
7	188	0.0	0.054227807678	1	0	3	0
7	147	0.0	0.063957304176	1	0	3	0
8	93	NA 	 NA 	0	0	0	0
8	20	NA 	 NA 	0	0	0	0
8	144	NA 	 NA 	0	0	0	0
8	122	NA 	 NA 	0	0	0	0
8	131	NA 	 NA 	0	0	0	0
8	104	NA 	 NA 	0	0	0	0
8	186	NA 	 NA 	0	0	0	0
8	128	0.0	0.068472450941	1	0	4	0
8	1	0.0	0.06112782958	1	0	2	0
8	127	0.0	0.054201498278	1	0	5	0
8	57	0.0	0.155096098341	1	0	6	0
8	107	0.0	0.155188431882	1	1	3	0
8	185	0.0	0.061127681993	1	0	4	0
8	45	0.0	0.070895389582	1	1	0	0
8	47	0.0	0.065826934279	1	0	2	0
8	16	0.0	0.061331271858	1	0	5	0
8	82	0.0	0.065827024882	1	1	1	0
8	191	0.0	0.054201737209	1	1	4	0
8	187	0.0	0.158263979064	1	0	4	0
8	41	0.0	0.072904852567	1	1	2	0
8	77	0.0	0.061331317268	1	0	4	0
8	30	0.0	0.16719271041	1	0	4	0
8	52	0.0	0.064316565462	1	0	10	0
8	154	0.0	0.054201412172	1	0	7	0
8	113	0.0	0.054201444425	1	1	3	0
8	63	0.0	0.065826942287	1	0	2	0
8	5	0.0	0.070895365528	1	0	3	0
8	43	0.0	0.05420130263	1	0	8	0
8	117	0.0	0.054201634085	1	0	7	0
8	28	0.0	0.065827045483	1	0	3	0
8	158	0.0	0.064316324761	1	0	11	0
8	182	0.0	0.072904548709	1	0	2	0
8	174	0.0	0.054201703498	1	1	6	2
8	35	0.0	0.054201858714	1	0	6	0
8	137	0.0	0.054201263313	1	0	8	0
8	166	0.0	0.167192620612	1	0	4	0
8	81	0.0	0.072904566584	1	1	0	0
8	0	0.0	0.054201699811	1	0	5	0
8	24	0.0	0.061128189843	1	0	5	0
8	84	0.0	0.155188276918	1	1	3	0
8	139	0.0	0.054201725648	1	0	6	2
8	11	0.0	0.061127897603	1	0	2	0
8	89	0.0	0.054201287891	1	0	8	0
8	94	0.0	0.655051155211	1	0	2	0
8	8	0.0	0.054201813925	1	1	9	0
8	66	0.0	0.061331329961	1	1	3	0
8	142	0.0	0.054201280776	1	1	4	1
8	197	0.0	0.061331293059	1	0	4	0
8	7	0.0	0.064316588468	1	0	10	0
8	17	0.0	0.063271233345	1	0	9	0
8	19	0.0	0.054201816627	1	0	5	0
8	26	0.0	0.069615163166	1	0	2	0
8	56	0.0	0.054201097372	1	0	9	0
8	59	0.0	0.158263937706	1	0	4	0
8	111	0.0	0.054201602316	1	0	8	0
8	96	0.0	0.054201789969	1	0	9	0
8	130	0.0	0.054201801742	1	1	9	0
8	115	0.0	0.061331325347	1	1	3	0
8	165	0.0	0.069615658179	1	0	2	0
8	134	0.0	0.054201709519	1	0	5	0
8	143	0.0	0.065826586634	1	0	2	0
8	27	0.0	0.070894942496	1	0	2	0
8	15	0.0	0.064316589078	1	0	9	0
8	87	0.0	0.05420157691	1	1	8	1
8	67	0.0	0.054201786588	1	1	4	0
8	177	0.0	0.054201585427	1	0	6	0
8	125	0.0	0.054201552819	1	1	4	0
8	118	0.0	0.05420148231	1	0	9	0
8	202	0.0	0.054201776688	1	0	9	0
8	103	0.0	0.070895003762	1	0	1	0
8	55	0.0	0.063271192197	1	0	4	0
8	161	0.0	0.063271217697	1	0	8	0
8	91	0.0	0.054201597522	1	0	5	0
8	98	0.0	0.070895330644	1	0	3	0
8	86	0.0	0.054201417874	1	0	4	0
8	133	0.0	0.054201636654	1	1	9	0
8	76	0.0	0.064316631097	1	0	8	0
8	120	0.0	0.063271125999	1	0	7	0
8	88	0.0	0.061127828486	1	0	2	0
8	40	0.0	0.061330977281	1	0	8	0
8	203	0.0	0.054201580514	1	1	5	1
8	72	0.0	0.061128167913	1	0	5	0
8	32	0.0	0.05420169529	1	0	6	0
8	106	0.0	0.06431660808	1	0	5	0
8	184	0.0	0.064316534044	1	0	9	0
8	110	0.0	0.054201411457	1	0	8	0
8	102	0.0	0.054201779558	1	1	10	0
8	9	0.0	0.07089524888	1	0	4	0
8	37	0.0	0.06133106312	1	0	4	0
8	25	0.0	0.061127817849	1	0	3	0
8	68	0.0	0.054201596404	1	0	9	0
8	201	0.0	0.061331399473	1	0	4	0
8	192	0.0	0.054201848039	1	1	3	0
8	151	0.0	0.16719271078	1	0	4	0
8	92	0.0	0.054201625199	1	1	7	0
8	29	0.0	0.061331395272	1	1	2	0
8	80	0.0	0.061128083925	1	0	5	0
8	44	0.0	0.054201764302	1	1	5	2
8	129	0.0	0.167192696972	1	0	4	0
8	148	0.0	0.061331292032	1	0	4	0
8	124	0.0	0.054201716566	1	1	5	0
8	71	0.0	0.155095518045	1	0	4	0
8	121	0.0	0.655050970616	1	0	2	0
8	61	0.0	0.065826729112	1	0	2	0
8	75	0.0	0.061127987561	1	0	3	0
8	70	0.0	0.054201263693	1	1	7	1
8	167	0.0	0.061331324016	1	0	5	0
8	54	0.0	0.065353687161	1	0	5	0
8	18	0.0	0.063271307774	1	0	9	0
8	79	0.0	0.054201780862	1	1	9	0
8	141	0.0	0.070895372194	1	0	3	0
8	64	0.0	0.061127884493	1	0	4	0
8	183	0.0	0.063271300929	1	0	4	0
8	4	0.0	0.064316544013	1	0	5	0
8	157	0.0	0.05420161955	1	0	7	0
8	42	0.0	0.06133112004	1	0	4	0
8	175	0.0	0.054201602006	1	0	5	0
8	22	0.0	0.054201382325	1	0	9	0
8	69	0.0	0.054201246593	1	0	7	0
8	23	0.0	0.070895079018	1	0	2	0
8	58	0.0	0.054201844391	1	0	7	0
8	3	0.0	0.061128068768	1	0	3	0
8	99	0.0	0.054201731309	1	1	6	2
8	147	0.0	0.054201757398	1	0	10	0
8	198	0.0	0.054201755006	1	0	10	0
8	153	0.0	0.061331095001	1	0	4	0
8	149	0.0	0.063271167419	1	0	4	0
8	39	0.0	0.070895333807	1	0	4	0
8	38	0.0	0.06133139353	1	0	3	0
8	34	0.0	0.070895109201	1	0	4	0
8	100	0.0	0.071992780947	1	1	4	0
8	50	0.0	0.061128333536	1	1	2	1
8	90	0.0	0.155095531843	1	0	4	0
8	138	0.0	0.061331342675	1	0	3	0
8	190	0.0	0.065826831226	1	0	2	0
8	156	0.0	0.064316467855	1	0	6	0
8	60	0.0	0.063271143627	1	0	10	0
8	10	0.0	0.054201349732	1	0	9	0
8	62	0.0	0.054201617258	1	0	8	0
8	160	0.0	0.061331437817	1	0	5	0
8	189	0.0	0.065826376696	1	0	2	0
8	33	0.0	0.158264102431	1	1	2	0
8	164	0.0	0.054201862235	1	0	4	0
8	168	0.0	0.054201616893	1	0	8	0
8	2	0.0	0.070895239867	1	0	4	0
8	132	0.0	0.054201126615	1	0	8	0
8	163	0.0	0.070895021196	1	0	1	0
8	140	0.0	0.063270979285	1	0	12	0
8	172	0.0	0.054201788678	1	0	6	0
8	200	0.0	0.064316533261	1	0	6	0
8	65	0.0	0.064316471041	1	0	5	0
8	196	0.0	0.063271261555	1	0	10	0
8	126	0.0	0.065826677771	1	0	3	0
8	155	0.0	0.064316601534	1	0	5	0
8	159	0.0	0.155095838126	1	0	4	0
8	49	0.0	0.054201315586	1	0	8	0
8	180	0.0	0.061331339545	1	0	3	0
8	173	0.0	0.070895143849	1	0	5	0
8	53	0.0	0.063296813531	1	0	4	0
8	119	0.0	0.06961567414	1	0	3	0
8	169	0.0	0.061128117332	1	0	3	0
8	6	0.0	0.064316650662	1	0	9	0
8	12	0.0	0.061127844586	1	0	3	0
8	13	0.0	0.054201802546	1	1	10	0
8	14	0.0	0.054201728297	1	1	9	0
8	170	0.0	0.064316394671	1	0	11	0
8	171	0.0	0.063270947981	1	0	11	0
8	21	0.0	0.063271280005	1	0	9	3
8	31	0.0	0.199525057079	1	1	1	3
8	36	0.0	0.065826785214	1	0	2	0
8	46	0.0	0.063271081827	1	0	13	0
8	48	0.0	0.070895028167	1	0	2	0
8	176	0.0	0.054201747405	1	1	4	0
8	51	0.0	0.054201581724	1	0	5	0
8	178	0.0	0.054201293737	1	0	4	0
8	179	0.0	0.155095647922	1	1	2	0
8	181	0.0	0.071992646919	1	1	3	0
8	73	0.0	0.067439418789	1	0	6	0
8	74	0.0	0.054201361695	1	0	9	0
8	78	0.0	0.05420154806	1	0	4	0
8	199	0.0	0.054201478178	1	1	8	1
8	188	0.0	0.054201296248	1	0	7	0
8	83	0.0	0.199524975516	1	1	1	0
8	85	0.0	0.061331493226	1	0	4	0
8	95	0.0	0.071992562107	1	1	4	1
8	97	0.0	0.06327116463	1	0	10	0
8	101	0.0	0.065827162112	1	0	3	0
8	105	0.0	0.05420142698	1	0	8	0
8	108	0.0	0.061128018861	1	0	5	0
8	109	0.0	0.054201257192	1	0	5	0
8	112	0.0	0.061330958809	1	0	7	0
8	114	0.0	0.070895247407	1	0	3	0
8	116	0.0	0.061128070315	1	0	5	0
8	123	0.0	0.054201428395	1	0	4	1
8	135	0.0	0.054201634	1	0	8	0
8	136	0.0	0.06112767779	1	0	3	0
8	193	0.0	0.054201775323	1	1	9	0
8	145	0.0	0.061331371069	1	0	3	0
8	146	0.0	0.054201833628	1	0	4	0
8	150	0.0	0.064316483846	1	0	8	0
8	152	0.0	0.054201708792	1	0	6	0
8	194	0.0	0.054201443223	1	1	7	0
8	195	0.0	0.068472500872	1	0	5	0
8	162	0.0	0.063271074407	1	0	8	0
9	37	NA 	 NA 	0	0	0	0
9	87	NA 	 NA 	0	0	0	0
9	110	NA 	 NA 	0	0	0	0
9	169	NA 	 NA 	0	0	0	0
9	17	NA 	 NA 	0	0	0	0
9	198	NA 	 NA 	0	0	0	0
9	137	NA 	 NA 	0	0	0	0
9	152	NA 	 NA 	0	0	0	0
9	130	NA 	 NA 	0	0	0	0
9	54	NA 	 NA 	0	0	0	0
9	95	NA 	 NA 	0	0	0	0
9	97	NA 	 NA 	0	0	0	0
9	69	NA 	 NA 	0	0	0	0
9	5	NA 	 NA 	0	0	0	0
9	132	NA 	 NA 	0	0	0	0
9	9	0.0	0.074077508414	1	0	4	0
9	197	0.0	0.061422229664	1	0	2	0
9	76	0.0	0.05413643247	1	0	3	0
9	24	0.0	0.156119636265	1	0	2	0
9	28	0.0	0.06142175871	1	0	5	0
9	162	0.0	0.161294623814	1	1	0	0
9	173	0.0	0.060993478542	1	0	9	0
9	153	0.0	0.05413658171	1	1	6	0
9	64	0.0	0.064709463035	1	1	5	0
9	119	0.0	0.15508712224	1	0	5	0
9	71	0.0	0.054136759501	1	1	5	0
9	52	0.0	0.061421948236	1	0	4	0
9	85	0.0	0.074077329214	1	1	3	0
9	81	0.0	0.0647096744	1	0	6	0
9	107	0.0	0.060993486528	1	0	7	0
9	74	0.0	0.061422189766	1	0	6	0
9	114	0.0	0.061422228595	1	0	2	0
9	4	0.0	0.155112524575	1	0	3	0
9	99	0.0	0.061422139146	1	1	3	0
9	60	0.0	0.054136442455	1	0	3	0
9	184	0.0	0.063559894188	1	0	5	0
9	174	0.0	0.060993130282	1	0	7	0
9	32	0.0	0.155112326205	1	0	4	0
9	123	0.0	0.064709404989	1	0	6	0
9	178	0.0	0.061421706209	1	0	4	0
9	67	0.0	0.064709466021	1	1	5	0
9	116	0.0	0.054136475553	1	0	2	0
9	33	0.0	0.064709645145	1	0	6	0
9	126	0.0	0.157255491427	1	1	0	0
9	117	0.0	0.064709357258	1	0	5	0
9	154	0.0	0.158197108976	1	0	2	0
9	151	0.0	0.061422088914	1	0	5	0
9	40	0.0	0.065741354599	1	0	4	0
9	180	0.0	0.15511261245	1	0	2	0
9	138	0.0	0.060993410106	1	0	4	0
9	142	0.0	0.066570844839	1	0	6	0
9	131	0.0	0.054136846497	1	0	5	0
9	44	0.0	0.060993482823	1	0	10	0
9	161	0.0	0.066570983815	1	1	4	0
9	39	0.0	0.157255403052	1	0	2	0
9	48	0.0	0.064709657341	1	0	6	0
9	145	0.0	0.06142184324	1	0	3	0
9	93	0.0	0.063559963589	1	0	9	0
9	148	0.0	0.063577693465	1	0	3	0
9	43	0.0	0.063148963403	1	0	8	4
9	146	0.0	0.086222808555	1	1	1	0
9	38	0.0	0.054136832267	1	1	8	18
9	165	0.0	0.09701245135	1	1	3	0
9	127	0.0	0.054136594424	1	1	7	1
9	134	0.0	0.061421989495	1	0	4	0
9	20	0.0	0.060993639925	1	0	6	0
9	82	0.0	0.065741945724	1	0	3	0
9	109	0.0	0.060993559976	1	0	10	0
9	155	0.0	0.06099314524	1	0	6	0
9	16	0.0	0.054136491831	1	0	4	0
9	121	0.0	0.063560051932	1	0	8	0
9	65	0.0	0.060993529264	1	0	7	0
9	34	0.0	0.054136459141	1	0	8	0
9	45	0.0	0.054136751639	1	1	6	1
9	15	0.0	0.06099322077	1	0	6	0
9	31	0.0	0.054136586555	1	0	6	0
9	125	0.0	0.064709560182	1	1	6	0
9	58	0.0	0.054136851252	1	0	7	0
9	88	0.0	0.054136855681	1	0	7	0
9	108	0.0	0.064709571423	1	0	5	0
9	172	0.0	0.066571000997	1	0	5	0
9	91	0.0	0.054136265008	1	0	7	0
9	29	0.0	0.054136788183	1	1	6	1
9	23	0.0	0.054136573066	1	0	5	0
9	185	0.0	0.054136811966	1	0	4	0
9	94	0.0	0.06574200763	1	0	3	0
9	159	0.0	0.064709698049	1	0	6	0
9	183	0.0	0.0541368232	1	0	7	0
9	73	0.0	0.063577524618	1	0	5	0
9	175	0.0	0.054136574766	1	0	4	0
9	118	0.0	0.054136581999	1	1	9	1
9	135	0.0	0.074077256492	1	0	4	0
9	102	0.0	0.061421984572	1	0	3	0
9	101	0.0	0.097012117253	1	1	1	0
9	199	0.0	0.054136798638	1	1	5	2
9	201	0.0	0.054136804045	1	0	7	0
9	98	0.0	0.064709323171	1	0	5	0
9	90	0.0	0.054136246614	1	0	7	0
9	111	0.0	0.061421716221	1	0	3	0
9	195	0.0	0.060993561791	1	0	6	0
9	115	0.0	0.097012264213	1	1	3	0
9	25	0.0	0.054136222606	1	0	7	0
9	149	0.0	0.061421799973	1	0	3	0
9	186	0.0	0.060992973461	1	0	5	0
9	120	0.0	0.155112416022	1	0	4	0
9	3	0.0	0.060993236204	1	0	10	0
9	63	0.0	0.156119522875	1	0	3	0
9	7	0.0	0.060993017239	1	0	6	0
9	26	0.0	0.054136795867	1	1	4	0
9	182	0.0	0.060993229377	1	0	6	0
9	141	0.0	0.054136642621	1	0	8	0
9	80	0.0	0.054136808222	1	1	4	0
9	144	0.0	0.060993255259	1	0	10	0
9	21	0.0	0.054136713758	1	0	6	0
9	136	0.0	0.060993248943	1	0	8	0
9	168	0.0	0.054136795225	1	0	5	0
9	188	0.0	0.060993548019	1	0	8	0
9	189	0.0	0.060993280265	1	0	8	0
9	181	0.0	0.054136708945	1	1	6	0
9	147	0.0	0.054136609417	1	1	7	0
9	55	0.0	0.060993580184	1	0	10	0
9	46	0.0	0.097012776226	1	1	4	0
9	193	0.0	0.061421737139	1	0	4	0
9	187	0.0	0.060993472042	1	0	7	0
9	133	0.0	0.063559768956	1	0	6	0
9	104	0.0	0.156119615268	1	0	3	0
9	6	0.0	0.054136593394	1	0	9	0
9	86	0.0	0.06099330647	1	0	5	0
9	156	0.0	0.07407726061	1	0	4	0
9	105	0.0	0.054136332993	1	0	6	0
9	112	0.0	0.064709406504	1	0	7	0
9	163	0.0	0.07407770407	1	1	3	0
9	192	0.0	0.054136682449	1	1	8	1
9	89	0.0	0.054136641972	1	0	7	0
9	83	0.0	0.054136755488	1	0	8	0
9	51	0.0	0.155087090494	1	0	5	0
9	77	0.0	0.086222907234	1	1	1	0
9	167	0.0	0.05413686981	1	0	8	0
9	124	0.0	0.054136456963	1	0	3	0
9	177	0.0	0.054136604841	1	0	9	0
9	166	0.0	0.155150295525	1	0	2	4
9	41	0.0	0.063559551383	1	0	5	0
9	35	0.0	0.06356006225	1	0	7	0
9	92	0.0	0.060993441827	1	0	8	0
9	19	0.0	0.054136413957	1	1	1	2
9	196	0.0	0.061421501991	1	0	3	0
9	157	0.0	0.054136844251	1	0	7	0
9	140	0.0	0.054136638757	1	1	9	0
9	200	0.0	0.064709382242	1	0	6	0
9	203	0.0	0.054136754728	1	0	7	0
9	53	0.0	0.054136787886	1	0	7	0
9	100	0.0	0.061422135585	1	0	5	0
9	158	0.0	0.054136833602	1	1	4	0
9	50	0.0	0.074077667302	1	1	5	0
9	194	0.0	0.060993187699	1	0	8	0
9	129	0.0	0.054136463092	1	0	4	0
9	143	0.0	0.06142205321	1	0	6	0
9	59	0.0	0.064709803743	1	0	5	0
9	18	0.0	0.054136521459	1	1	8	0
9	2	0.0	0.054136823273	1	0	7	0
9	79	0.0	0.054136503013	1	0	5	0
9	27	0.0	0.097012392595	1	1	4	1
9	61	0.0	0.06355989013	1	0	5	0
9	47	0.0	0.054136229058	1	1	1	0
9	75	0.0	0.054136598333	1	0	4	0
9	106	0.0	0.060993537395	1	0	5	0
9	13	0.0	0.060993266372	1	0	10	0
9	170	0.0	0.054136273261	1	0	7	0
9	8	0.0	0.06470942834	1	0	7	0
9	62	0.0	0.064709507176	1	0	6	0
9	0	0.0	0.060993450186	1	0	6	0
9	1	0.0	0.054136501708	1	1	8	1
9	10	0.0	0.064709684345	1	0	6	0
9	11	0.0	0.054136791801	1	1	4	0
9	12	0.0	0.054136536463	1	0	3	0
9	190	0.0	0.054136677598	1	0	4	0
9	14	0.0	0.060993298704	1	0	8	0
9	160	0.0	0.054136678031	1	0	7	0
9	22	0.0	0.060993549814	1	0	5	0
9	30	0.0	0.06314890006	1	0	8	0
9	191	0.0	0.054136833417	1	0	7	0
9	36	0.0	0.060993583612	1	0	6	0
9	42	0.0	0.097012277906	1	1	3	0
9	164	0.0	0.064709676253	1	0	6	0
9	49	0.0	0.060993118573	1	0	7	0
9	56	0.0	0.054136760951	1	1	9	19
9	57	0.0	0.060993469385	1	0	4	0
9	171	0.0	0.074077652985	1	0	5	0
9	66	0.0	0.05413646791	1	0	4	0
9	68	0.0	0.054136589364	1	1	6	0
9	176	0.0	0.054136866359	1	0	7	0
9	70	0.0	0.097012372617	1	1	2	1
9	72	0.0	0.0647096687	1	0	6	0
9	202	0.0	0.060993317691	1	0	7	0
9	78	0.0	0.064709337107	1	0	5	0
9	84	0.0	0.06099328955	1	0	10	0
9	179	0.0	0.054136822592	1	0	7	0
9	96	0.0	0.054136576933	1	0	3	0
9	103	0.0	0.065741929848	1	1	2	0
9	113	0.0	0.054136268412	1	0	5	0
9	122	0.0	0.060993632617	1	0	9	0
9	128	0.0	0.063149008081	1	0	8	0
9	139	0.0	0.074077681207	1	1	3	0
9	150	0.0	0.05413677507	1	1	4	1
