0	31	NA 	 NA 	0	0	0	0
0	52	NA 	 NA 	0	0	0	0
0	35	NA 	 NA 	0	0	0	0
0	2	NA 	 NA 	0	0	0	0
0	21	0.0	0.054136518947	1	0	3	0
0	5	0.0	0.067952931393	1	1	2	0
0	56	0.0	0.062622912569	1	0	5	0
0	83	0.0	0.062622796696	1	1	2	0
0	32	0.0	0.054136245031	1	0	7	0
0	87	0.0	0.062622869675	1	0	6	0
0	48	0.0	0.06386335608	1	0	4	0
0	28	0.0	0.062622927782	1	0	6	0
0	81	0.0	0.054136610168	1	1	4	1
0	24	0.0	0.054136360353	1	1	4	1
0	68	0.0	0.054136865892	1	1	3	0
0	12	0.0	0.062622795342	1	0	6	0
0	57	0.0	0.054136479138	1	1	3	0
0	37	0.0	0.063863421034	1	0	4	0
0	66	0.0	0.054136391133	1	1	4	0
0	98	0.0	0.092590728419	1	1	4	1
0	59	0.0	0.067594453087	1	0	4	0
0	26	0.0	0.062622583772	1	0	6	0
0	91	0.0	0.054136559317	1	0	6	0
0	27	0.0	0.092590897881	1	1	2	1
0	64	0.0	0.061109141012	1	0	2	0
0	46	0.0	0.054136309077	1	0	6	0
0	47	0.0	0.092590998669	1	1	2	1
0	22	0.0	0.054136736994	1	2	3	1
0	1	0.0	0.092590834639	1	1	2	0
0	53	0.0	0.054136335519	1	1	6	2
0	89	0.0	0.064271465328	1	0	4	0
0	41	0.0	0.06759451508	1	0	3	0
0	69	0.0	0.092590923927	1	1	3	0
0	54	0.0	0.061109100178	1	0	7	0
0	40	0.0	0.062622785956	1	1	3	0
0	29	0.0	0.054136772237	1	1	4	0
0	4	0.0	0.061109100647	1	0	6	0
0	97	0.0	0.064271424948	1	0	2	0
0	23	0.0	0.061109189544	1	0	4	0
0	16	0.0	0.067952776891	1	0	2	0
0	39	0.0	0.054136715317	1	1	3	0
0	100	0.0	0.05413682047	1	0	4	0
0	58	0.0	0.05413631386	1	0	5	0
0	10	0.0	0.054136266417	1	0	8	0
0	75	0.0	0.062622472394	1	0	6	0
0	38	0.0	0.062622980757	1	0	5	0
0	49	0.0	0.064270886401	1	0	3	0
0	85	0.0	0.054136421782	1	0	5	0
0	60	0.0	0.05413673068	1	1	8	2
0	71	0.0	0.092590905127	1	1	2	1
0	20	0.0	0.061108760225	1	0	4	0
0	95	0.0	0.054136371753	1	0	6	0
0	13	0.0	0.054136631849	1	0	6	0
0	18	0.0	0.385893486069	1	1	0	0
0	17	0.0	0.067952493503	1	1	1	0
0	76	0.0	0.054136261581	1	0	5	0
0	36	0.0	0.061109078638	1	1	4	0
0	43	0.0	0.355156191729	1	0	2	0
0	70	0.0	0.062622587206	1	0	6	0
0	14	0.0	0.067594351106	1	0	4	0
0	72	0.0	0.063863590216	1	0	4	0
0	34	0.0	0.054136616841	1	1	6	0
0	8	0.0	0.061108797375	1	1	1	0
0	84	0.0	0.064271455819	1	1	2	0
0	63	0.0	0.054136531614	1	0	6	0
0	80	0.0	0.064271188859	1	0	3	0
0	7	0.0	0.066083397809	1	0	1	0
0	67	0.0	0.06759450075	1	0	3	0
0	61	0.0	0.064271230927	1	0	2	0
0	45	0.0	0.054136718668	1	1	3	0
0	11	0.0	0.35515613799	1	1	1	0
0	78	0.0	0.054136780892	1	1	5	1
0	50	0.0	0.054136792991	1	0	4	0
0	99	0.0	0.062622628481	1	0	6	0
0	51	0.0	0.054136840056	1	0	2	0
0	82	0.0	0.061109101055	1	0	6	0
0	19	0.0	0.064271394312	1	0	3	0
0	55	0.0	0.054136861227	1	1	4	0
0	42	0.0	0.061108801069	1	0	5	0
0	6	0.0	0.054136734281	1	0	2	0
0	79	0.0	0.0638636977	1	0	2	0
0	9	0.0	0.063863181341	1	0	3	0
0	0	0.0	0.061109139648	1	0	7	0
0	3	0.0	0.067594213306	1	0	3	0
0	15	0.0	0.061108916738	1	0	6	0
0	25	0.0	0.054136595013	1	1	2	0
0	30	0.0	0.067594174909	1	0	2	0
0	33	0.0	0.092591172665	1	1	3	0
0	86	0.0	0.067594413652	1	0	4	0
0	88	0.0	0.054136728463	1	0	5	0
0	44	0.0	0.063863622273	1	0	2	0
0	90	0.0	0.062622883309	1	0	5	0
0	62	0.0	0.061108920414	1	0	3	0
0	65	0.0	0.061109125093	1	0	7	0
0	73	0.0	0.061109084909	1	0	6	0
0	92	0.0	0.054136581811	1	2	6	2
0	93	0.0	0.079892291679	1	1	4	0
0	74	0.0	0.063863305933	1	0	3	0
0	94	0.0	0.054136812299	1	1	4	0
0	77	0.0	0.061108655622	1	0	5	0
0	96	0.0	0.061109201234	1	0	2	0
1	6	NA 	 NA 	0	0	0	0
1	96	NA 	 NA 	0	0	0	0
1	42	NA 	 NA 	0	0	0	0
1	71	NA 	 NA 	0	0	0	0
1	67	0.0	0.05413626254	1	1	2	0
1	23	0.0	0.054136605891	1	1	3	0
1	53	0.0	0.060592742273	1	1	2	0
1	55	0.0	0.054136309818	1	0	1	0
1	12	0.0	0.060592441317	1	0	5	0
1	68	0.0	0.062132390894	1	1	2	0
1	78	0.0	0.054136633316	1	1	3	1
1	70	0.0	0.073180088145	1	0	2	0
1	3	0.0	0.054136796678	1	0	7	0
1	85	0.0	0.060592667633	1	0	2	0
1	80	0.0	0.074212262281	1	0	1	0
1	77	0.0	0.072597191163	1	1	1	0
1	21	0.0	0.064090974092	1	1	3	0
1	76	0.0	0.06409084026	1	0	5	0
1	64	0.0	0.062132416955	1	0	3	0
1	87	0.0	0.054136689672	1	0	8	0
1	18	0.0	0.091559504723	1	1	3	0
1	51	0.0	0.062132377764	1	1	3	0
1	79	0.0	0.054136288926	1	0	3	0
1	7	0.0	0.062132249464	1	1	1	0
1	94	0.0	0.071537142738	1	0	5	0
1	1	0.0	0.062132586577	1	0	3	0
1	62	0.0	0.05413677702	1	0	4	0
1	13	0.0	0.060592694766	1	0	6	0
1	26	0.0	0.062132206041	1	0	4	0
1	40	0.0	0.091559438257	1	1	3	0
1	48	0.0	0.07385481452	1	0	1	0
1	37	0.0	0.0715372473	1	0	4	0
1	25	0.0	0.054136862443	1	0	4	0
1	63	0.0	0.073854855748	1	1	1	0
1	28	0.0	0.155133162292	1	0	3	0
1	61	0.0	0.083792548186	1	0	3	0
1	29	0.0	0.054136078031	1	0	3	0
1	24	0.0	0.054136718659	1	0	4	0
1	10	0.0	0.054136669179	1	1	2	0
1	92	0.0	0.054136756259	1	0	4	0
1	36	0.0	0.054136863409	1	0	5	0
1	19	0.0	0.062132345679	1	0	4	0
1	39	0.0	0.054136838057	1	0	6	0
1	49	0.0	0.054136589038	1	0	6	0
1	73	0.0	0.062132367074	1	0	4	0
1	0	0.0	0.064090604423	1	0	6	0
1	8	0.0	0.05413679869	1	1	3	0
1	59	0.0	0.060592284743	1	0	3	0
1	5	0.0	0.071537083196	1	0	6	0
1	27	0.0	0.060592188601	1	0	3	0
1	32	0.0	0.073180086443	1	0	2	0
1	47	0.0	0.071536746909	1	0	5	0
1	38	0.0	0.064091065255	1	0	8	0
1	60	0.0	0.054136374263	1	0	5	0
1	95	0.0	0.071537123632	1	0	5	0
1	33	0.0	0.073854566291	1	0	1	0
1	83	0.0	0.054136497747	1	0	8	0
1	69	0.0	0.062132391152	1	1	1	0
1	11	0.0	0.064091043167	1	0	10	0
1	41	0.0	0.054136263553	1	0	4	0
1	99	0.0	0.064091045524	1	0	3	0
1	45	0.0	0.071536959847	1	0	5	0
1	14	0.0	0.054136677946	1	0	6	0
1	30	0.0	0.064290228597	1	1	0	0
1	16	0.0	0.05413660912	1	0	5	0
1	20	0.0	0.07318013927	1	0	1	0
1	84	0.0	0.054136749073	1	1	3	0
1	50	0.0	0.05413663922	1	0	8	0
1	43	0.0	0.05413630709	1	0	3	0
1	2	0.0	0.062132388785	1	0	3	0
1	54	0.0	0.083792719762	1	0	5	0
1	89	0.0	0.054136599449	1	1	2	0
1	86	0.0	0.064090832051	1	0	4	0
1	97	0.0	0.064091022105	1	0	7	0
1	66	0.0	0.062132467829	1	0	3	0
1	56	0.0	0.083792703025	1	1	4	0
1	17	0.0	0.05413664626	1	0	6	0
1	74	0.0	0.062132244523	1	0	3	0
1	52	0.0	0.060592455255	1	0	5	0
1	44	0.0	0.054136798965	1	0	7	0
1	88	0.0	0.054136539153	1	0	4	0
1	4	0.0	0.091559346722	1	1	3	0
1	9	0.0	0.054136811497	1	0	6	0
1	15	0.0	0.065413834891	1	0	2	0
1	22	0.0	0.065136185047	1	0	7	0
1	31	0.0	0.064090945476	1	0	5	0
1	34	0.0	0.062132391057	1	1	2	0
1	35	0.0	0.083792052986	1	0	1	0
1	46	0.0	0.072596836602	1	1	1	0
1	98	0.0	0.054136624008	1	1	3	1
1	57	0.0	0.060592708284	1	0	5	0
1	58	0.0	0.064090924729	1	0	5	0
1	90	0.0	0.155133127272	1	0	3	0
1	65	0.0	0.062132465907	1	0	4	0
1	91	0.0	0.064090972334	1	0	5	0
1	93	0.0	0.064090582691	1	0	6	0
1	72	0.0	0.054136711209	1	1	5	0
1	75	0.0	0.07070488527	1	0	4	0
1	100	0.0	0.06409091393	1	0	5	0
1	81	0.0	0.054136740459	1	0	5	0
1	82	0.0	0.091559007088	1	1	3	0
2	48	NA 	 NA 	0	0	0	0
2	36	NA 	 NA 	0	0	0	0
2	49	0.0	0.155276334958	1	0	1	4
2	86	0.0	0.054175578955	1	0	5	0
2	76	0.0	0.059290325226	1	0	4	0
2	32	0.0	0.068006131604	1	0	1	0
2	71	0.0	0.054175810539	1	1	4	0
2	16	0.0	0.054175691678	1	1	1	0
2	23	0.0	0.068437548561	1	0	4	0
2	26	0.0	0.064664359848	1	1	1	0
2	43	0.0	0.05417556749	1	0	7	0
2	96	0.0	0.054175474206	1	0	2	0
2	94	0.0	0.054175607058	1	1	5	0
2	63	0.0	0.054175618997	1	0	4	0
2	55	0.0	0.155276374792	1	1	0	0
2	34	0.0	0.054175350749	1	0	5	0
2	69	0.0	0.054175854931	1	1	5	0
2	21	0.0	0.067326798962	1	0	4	0
2	19	0.0	0.068006385933	1	0	3	0
2	72	0.0	0.067327189955	1	0	4	0
2	5	0.0	0.054175447867	1	0	3	0
2	66	0.0	0.054175718074	1	0	5	0
2	98	0.0	0.069572014071	1	1	1	0
2	70	0.0	0.068006179777	1	0	2	0
2	41	0.0	0.064664296964	1	0	3	0
2	25	0.0	0.068006384072	1	0	2	0
2	56	0.0	0.068006359049	1	0	2	0
2	3	0.0	0.054175764279	1	0	4	0
2	75	0.0	0.054175591264	1	0	5	0
2	0	0.0	0.054175395665	1	0	4	0
2	93	0.0	0.089603946088	1	0	1	0
2	17	0.0	0.054175261435	1	0	5	0
2	53	0.0	0.054175699487	1	0	5	0
2	15	0.0	0.05417530304	1	0	6	0
2	11	0.0	0.063632038557	1	0	5	0
2	90	0.0	0.054175636444	1	1	6	0
2	97	0.0	0.068437600062	1	0	2	0
2	79	0.0	0.059290285054	1	0	4	0
2	78	0.0	0.059290505356	1	0	4	0
2	47	0.0	0.068006366826	1	0	2	4
2	89	0.0	0.067327138921	1	0	4	0
2	100	0.0	0.068006038984	1	0	2	0
2	95	0.0	0.059290150124	1	1	2	0
2	39	0.0	0.054175686168	1	0	4	0
2	82	0.0	0.054175424238	1	0	3	0
2	65	0.0	0.068437563067	1	0	2	0
2	18	0.0	0.078778286103	1	0	4	0
2	6	0.0	0.054175392098	1	1	3	0
2	80	0.0	0.067327132573	1	1	1	0
2	87	0.0	0.054175137531	1	0	6	0
2	28	0.0	0.05417558064	1	1	3	0
2	45	0.0	0.054175451825	1	0	7	0
2	9	0.0	0.068006166941	1	0	1	0
2	8	0.0	0.068006394938	1	0	3	0
2	33	0.0	0.068437422055	1	0	4	0
2	37	0.0	0.068006291991	1	0	2	0
2	51	0.0	0.155195627931	1	0	1	0
2	57	0.0	0.068437348669	1	0	4	0
2	42	0.0	0.068005742094	1	0	1	0
2	54	0.0	0.155276290554	1	0	1	0
2	83	0.0	0.059290379317	1	0	4	0
2	46	0.0	0.067327182272	1	0	4	0
2	77	0.0	0.059290597594	1	0	4	0
2	40	0.0	0.05929042875	1	0	3	0
2	61	0.0	0.059290679414	1	0	4	0
2	27	0.0	0.067327057713	1	0	4	0
2	31	0.0	0.067327039721	1	0	4	0
2	52	0.0	0.059290072763	1	1	3	0
2	1	0.0	0.059290271068	1	1	3	0
2	59	0.0	0.068437634939	1	1	2	0
2	7	0.0	0.068437613279	1	1	2	0
2	88	0.0	0.063632248947	1	0	4	0
2	68	0.0	0.06732679561	1	0	6	0
2	67	0.0	0.067326839611	1	0	6	0
2	85	0.0	0.05417561103	1	0	4	0
2	92	0.0	0.059290646427	1	1	1	0
2	20	0.0	0.067327069328	1	1	1	0
2	4	0.0	0.054175597682	1	0	7	0
2	2	0.0	0.064664409817	1	0	2	0
2	10	0.0	0.054175749278	1	0	4	0
2	12	0.0	0.068437621064	1	1	2	0
2	13	0.0	0.064664418348	1	1	1	0
2	14	0.0	0.059290366621	1	0	6	0
2	22	0.0	0.054175670595	1	0	6	0
2	24	0.0	0.054175498843	1	0	6	0
2	29	0.0	0.054175413115	1	0	7	0
2	30	0.0	0.063632129181	1	0	4	0
2	35	0.0	0.07877833238	1	0	2	0
2	38	0.0	0.155276459209	1	0	1	0
2	91	0.0	0.089603802217	1	0	1	0
2	44	0.0	0.068006245619	1	0	1	0
2	50	0.0	0.155276478464	1	0	1	0
2	58	0.0	0.078777954012	1	0	2	0
2	60	0.0	0.063631973862	1	0	4	0
2	62	0.0	0.054175078759	1	0	5	0
2	64	0.0	0.068437709711	1	0	2	0
2	73	0.0	0.068006201194	1	0	2	0
2	74	0.0	0.054175709155	1	0	8	0
2	81	0.0	0.063632028558	1	0	4	0
2	84	0.0	0.068437311992	1	0	4	0
2	99	0.0	0.068437677701	1	0	4	0
3	50	NA 	 NA 	0	0	0	0
3	41	NA 	 NA 	0	0	0	0
3	17	NA 	 NA 	0	0	0	0
3	3	0.0	0.064626872505	1	0	3	0
3	37	0.0	0.071334144425	1	0	4	0
3	14	0.0	0.063008400137	1	0	4	0
3	23	0.0	0.054201607555	1	0	7	0
3	83	0.0	0.059780410426	1	0	5	0
3	1	0.0	0.063008368767	1	0	3	0
3	30	0.0	0.063008405437	1	0	4	0
3	54	0.0	0.059780599831	1	0	2	0
3	72	0.0	0.064626987951	1	0	5	0
3	40	0.0	0.054201711878	1	1	3	0
3	43	0.0	0.059780653461	1	1	2	0
3	80	0.0	0.054201412341	1	0	3	0
3	61	0.0	0.085512960551	1	1	1	0
3	93	0.0	0.085513037963	1	0	2	0
3	95	0.0	0.054201781412	1	1	4	0
3	10	0.0	0.068056435292	1	0	2	0
3	81	0.0	0.054201434703	1	0	2	0
3	38	0.0	0.054201608545	1	0	4	1
3	77	0.0	0.063008134801	1	0	4	0
3	47	0.0	0.071334045363	1	0	4	0
3	8	0.0	0.066459103511	1	0	3	0
3	28	0.0	0.074914264715	1	0	3	0
3	62	0.0	0.063008531948	1	0	2	0
3	76	0.0	0.054201497562	1	0	3	0
3	87	0.0	0.063008538481	1	0	2	0
3	73	0.0	0.063008359336	1	1	1	0
3	60	0.0	0.07133376172	1	0	2	0
3	24	0.0	0.054201756857	1	1	4	0
3	34	0.0	0.054201189093	1	0	5	0
3	51	0.0	0.05420180012	1	0	4	0
3	18	0.0	0.054201768147	1	0	4	0
3	25	0.0	0.054201364944	1	0	2	0
3	79	0.0	0.054201256116	1	0	3	0
3	89	0.0	0.059780146791	1	0	3	0
3	0	0.0	0.059780363906	1	0	3	0
3	44	0.0	0.054201798082	1	0	3	0
3	94	0.0	0.054201461204	1	0	5	0
3	11	0.0	0.07133365219	1	0	1	0
3	59	0.0	0.059780686241	1	0	3	0
3	27	0.0	0.059780661463	1	0	3	0
3	19	0.0	0.063008205323	1	0	3	0
3	16	0.0	0.054201865638	1	0	3	0
3	75	0.0	0.054201764273	1	0	4	0
3	22	0.0	0.059780474351	1	1	2	0
3	57	0.0	0.063008372272	1	1	1	0
3	32	0.0	0.066458831484	1	1	0	0
3	63	0.0	0.0855134466	1	0	2	0
3	91	0.0	0.054201415604	1	0	3	0
3	86	0.0	0.063008230291	1	0	3	0
3	71	0.0	0.071333751143	1	0	2	0
3	84	0.0	0.054201819676	1	1	4	0
3	69	0.0	0.071334205955	1	0	3	0
3	7	0.0	0.054201827126	1	0	4	0
3	65	0.0	0.054201415557	1	0	5	0
3	36	0.0	0.064627071324	1	1	3	0
3	53	0.0	0.05978057213	1	0	4	0
3	58	0.0	0.054201527336	1	0	3	0
3	74	0.0	0.054201396134	1	0	3	0
3	92	0.0	0.071333803521	1	0	4	0
3	21	0.0	0.071334235277	1	0	4	0
3	78	0.0	0.05420176114	1	0	5	0
3	82	0.0	0.085513108075	1	0	2	0
3	67	0.0	0.054201719395	1	1	3	0
3	29	0.0	0.054201693048	1	0	4	0
3	55	0.0	0.063007974859	1	0	3	0
3	4	0.0	0.066459274937	1	0	1	0
3	90	0.0	0.054201332642	1	0	2	0
3	64	0.0	0.054201283813	1	0	3	0
3	13	0.0	0.064626709884	1	0	5	0
3	5	0.0	0.085513005944	1	1	1	0
3	12	0.0	0.054201276398	1	0	5	0
3	45	0.0	0.063008364892	1	0	4	0
3	88	0.0	0.054201437259	1	0	4	0
3	15	0.0	0.068056312871	1	0	2	0
3	9	0.0	0.054201615968	1	0	4	0
3	2	0.0	0.054201272124	1	0	4	0
3	68	0.0	0.070160121422	1	1	0	0
3	42	0.0	0.063008425775	1	0	4	0
3	31	0.0	0.05420115535	1	0	2	0
3	49	0.0	0.054201692188	1	1	3	0
3	39	0.0	0.054201640108	1	0	4	0
3	6	0.0	0.066458657261	1	0	1	0
3	97	0.0	0.064626409491	1	0	3	0
3	98	0.0	0.064626642112	1	0	3	0
3	20	0.0	0.059780483979	1	1	1	0
3	99	0.0	0.064626742699	1	0	3	0
3	26	0.0	0.06300849727	1	1	1	0
3	33	0.0	0.066928424813	1	1	0	0
3	85	0.0	0.063008165409	1	0	4	0
3	35	0.0	0.071333983269	1	0	4	0
3	46	0.0	0.064626674162	1	0	4	0
3	48	0.0	0.059780247898	1	0	5	0
3	52	0.0	0.054201638713	1	0	5	0
3	56	0.0	0.071333789264	1	0	1	0
3	66	0.0	0.064626912226	1	0	3	0
3	70	0.0	0.054201700937	1	0	4	0
3	96	0.0	0.066459167533	1	0	1	1
4	19	NA 	 NA 	0	0	0	0
4	65	NA 	 NA 	0	0	0	0
4	61	NA 	 NA 	0	0	0	0
4	57	NA 	 NA 	0	0	0	0
4	64	0.0	0.054149732722	1	0	7	0
4	70	0.0	0.061646236044	1	0	1	0
4	85	0.0	0.065392025489	1	0	4	0
4	14	0.0	0.06164594994	1	0	1	0
4	2	0.0	0.094835184456	1	0	3	0
4	69	0.0	0.091334592777	1	1	2	0
4	13	0.0	0.065391887242	1	0	3	0
4	63	0.0	0.061645986144	1	0	3	0
4	16	0.0	0.066427306665	1	0	2	0
4	31	0.0	0.099806726501	1	1	1	0
4	46	0.0	0.054149756268	1	1	3	0
4	4	0.0	0.054149374735	1	0	6	0
4	95	0.0	0.062807012184	1	0	4	0
4	7	0.0	0.062806955231	1	0	6	0
4	59	0.0	0.066427260889	1	1	0	0
4	68	0.0	0.054149760994	1	0	6	0
4	10	0.0	0.054149743455	1	0	7	0
4	91	0.0	0.065391999611	1	0	4	0
4	24	0.0	0.065391593715	1	0	3	0
4	38	0.0	0.094834992341	1	0	1	0
4	53	0.0	0.061646173826	1	0	5	0
4	11	0.0	0.094835092776	1	1	1	1
4	48	0.0	0.157227840256	1	1	0	0
4	98	0.0	0.062807206656	1	1	3	0
4	62	0.0	0.054149191469	1	0	5	0
4	92	0.0	0.054149434158	1	0	6	0
4	33	0.0	0.054149769211	1	0	7	0
4	54	0.0	0.054149775357	1	1	2	0
4	9	0.0	0.054149163517	1	0	5	0
4	86	0.0	0.054149604753	1	1	3	0
4	96	0.0	0.054149627374	1	0	5	0
4	29	0.0	0.062806704839	1	0	5	0
4	40	0.0	0.06280702565	1	0	4	0
4	73	0.0	0.054149756044	1	0	7	0
4	87	0.0	0.061646200171	1	0	3	0
4	34	0.0	0.054149761284	1	1	1	0
4	51	0.0	0.062807009844	1	0	3	0
4	50	0.0	0.155224988442	1	0	1	0
4	45	0.0	0.155224805079	1	0	2	0
4	74	0.0	0.091334541311	1	1	2	0
4	55	0.0	0.054149807257	1	1	3	0
4	20	0.0	0.054149090278	1	0	5	0
4	23	0.0	0.054149801857	1	1	3	0
4	99	0.0	0.054149361555	1	0	2	0
4	83	0.0	0.065392037767	1	0	4	0
4	3	0.0	0.155225075154	1	0	1	0
4	75	0.0	0.061646336937	1	0	1	0
4	93	0.0	0.064099245571	1	0	5	0
4	17	0.0	0.066437427063	1	1	0	0
4	35	0.0	0.06280687734	1	0	6	0
4	21	0.0	0.054149624246	1	1	5	0
4	30	0.0	0.064099350117	1	0	4	0
4	58	0.0	0.054149622422	1	0	6	0
4	8	0.0	0.062807115273	1	0	6	0
4	28	0.0	0.066427489132	1	0	2	0
4	72	0.0	0.0541495132	1	0	6	0
4	47	0.0	0.065392074312	1	0	3	0
4	27	0.0	0.062806784517	1	0	3	0
4	26	0.0	0.054149269544	1	1	4	0
4	36	0.0	0.054149637609	1	0	6	0
4	94	0.0	0.061645810816	1	0	2	0
4	88	0.0	0.054149237804	1	0	4	0
4	89	0.0	0.061646205541	1	1	2	0
4	66	0.0	0.054149586348	1	0	4	0
4	42	0.0	0.061646196464	1	0	2	0
4	52	0.0	0.062807067866	1	0	4	0
4	0	0.0	0.06539202451	1	0	3	0
4	39	0.0	0.054149410677	1	0	6	0
4	18	0.0	0.054149756283	1	1	4	0
4	76	0.0	0.064099481822	1	1	2	0
4	97	0.0	0.062806843219	1	0	6	0
4	37	0.0	0.054149818334	1	0	7	0
4	49	0.0	0.155225272523	1	1	0	0
4	80	0.0	0.066427076216	1	0	1	0
4	5	0.0	0.054149797881	1	0	4	0
4	56	0.0	0.054149581596	1	0	3	0
4	82	0.0	0.054149654694	1	0	7	0
4	84	0.0	0.064099335345	1	0	4	0
4	12	0.0	0.054149766636	1	0	7	0
4	60	0.0	0.155225139282	1	0	2	0
4	1	0.0	0.054149853739	1	0	6	0
4	90	0.0	0.054149629175	1	0	6	0
4	67	0.0	0.155224792984	1	0	2	0
4	78	0.0	0.054149495114	1	0	6	0
4	6	0.0	0.065392182031	1	0	3	0
4	15	0.0	0.155224913034	1	0	2	0
4	22	0.0	0.054149426515	1	0	3	0
4	25	0.0	0.091335023831	1	1	3	0
4	32	0.0	0.09483481574	1	1	0	1
4	41	0.0	0.054149645519	1	0	6	0
4	43	0.0	0.061646198968	1	0	2	0
4	44	0.0	0.09483513039	1	0	3	0
4	100	0.0	0.05414925568	1	0	4	0
4	71	0.0	0.05414927867	1	0	3	0
4	77	0.0	0.054149682726	1	0	5	0
4	79	0.0	0.062806686721	1	0	5	0
4	81	0.0	0.054149586716	1	0	7	0
5	49	NA 	 NA 	0	0	0	0
5	74	NA 	 NA 	0	0	0	0
5	76	NA 	 NA 	0	0	0	0
5	81	NA 	 NA 	0	0	0	0
5	3	NA 	 NA 	0	0	0	0
5	10	NA 	 NA 	0	0	0	0
5	55	NA 	 NA 	0	0	0	0
5	77	0.0	0.060064249435	1	0	6	0
5	38	0.0	0.062182853714	1	1	1	0
5	44	0.0	0.065092818479	1	0	3	0
5	7	0.0	0.061324740408	1	1	3	0
5	67	0.0	0.054136572397	1	0	8	0
5	95	0.0	0.060064543471	1	0	6	0
5	33	0.0	0.054136413526	1	0	5	0
5	26	0.0	0.054136482642	1	1	6	0
5	39	0.0	0.070418048737	1	0	3	0
5	78	0.0	0.155162205856	1	1	0	0
5	0	0.0	0.067285389846	1	0	2	0
5	5	0.0	0.054136837008	1	0	5	0
5	27	0.0	0.065092875279	1	0	3	0
5	34	0.0	0.061324363665	1	0	5	0
5	24	0.0	0.155162053913	1	0	1	0
5	29	0.0	0.067284904521	1	0	1	0
5	60	0.0	0.054136149812	1	0	6	0
5	94	0.0	0.062182580022	1	0	3	0
5	72	0.0	0.062182532947	1	0	4	0
5	68	0.0	0.060064584587	1	1	5	0
5	42	0.0	0.067285253755	1	0	1	0
5	89	0.0	0.06728538388	1	0	2	0
5	69	0.0	0.054136759294	1	1	4	0
5	54	0.0	0.054136746575	1	1	5	0
5	14	0.0	0.054136627105	1	0	4	0
5	31	0.0	0.065092505653	1	0	3	0
5	96	0.0	0.060064669055	1	0	3	0
5	20	0.0	0.054136812891	1	0	7	0
5	90	0.0	0.060064569513	1	0	8	0
5	18	0.0	0.061324410245	1	0	3	0
5	100	0.0	0.060064641045	1	0	8	0
5	11	0.0	0.054136133416	1	0	4	0
5	97	0.0	0.054136671404	1	0	4	0
5	28	0.0	0.067285324606	1	0	1	0
5	25	0.0	0.06728488913	1	0	1	0
5	57	0.0	0.060064551522	1	1	5	0
5	36	0.0	0.054136770651	1	1	5	0
5	16	0.0	0.061324496887	1	0	4	0
5	9	0.0	0.061324693896	1	0	4	0
5	17	0.0	0.060064064026	1	0	6	0
5	64	0.0	0.060064600016	1	1	5	0
5	15	0.0	0.069871072326	1	0	1	0
5	70	0.0	0.067285090983	1	0	2	0
5	98	0.0	0.060064568033	1	0	8	0
5	4	0.0	0.062182667742	1	0	3	0
5	58	0.0	0.060064353061	1	0	9	0
5	73	0.0	0.054136255762	1	0	3	0
5	66	0.0	0.054136126529	1	0	6	0
5	85	0.0	0.067284867764	1	0	3	0
5	51	0.0	0.070903877869	1	1	0	0
5	21	0.0	0.062182695372	1	0	5	0
5	8	0.0	0.060064039602	1	0	5	0
5	62	0.0	0.054136528265	1	1	8	0
5	91	0.0	0.054136451104	1	1	3	0
5	46	0.0	0.065092922092	1	0	3	0
5	80	0.0	0.071730256707	1	0	1	0
5	22	0.0	0.054136438332	1	0	2	0
5	65	0.0	0.067285208372	1	0	1	0
5	23	0.0	0.054136827774	1	1	3	0
5	52	0.0	0.061324640515	1	0	6	0
5	19	0.0	0.054136577894	1	1	2	1
5	35	0.0	0.054136599914	1	1	2	0
5	71	0.0	0.060064251566	1	0	7	0
5	59	0.0	0.054136577427	1	0	7	0
5	12	0.0	0.067284890096	1	0	3	0
5	86	0.0	0.054136741571	1	2	5	0
5	37	0.0	0.054136347485	1	0	7	0
5	6	0.0	0.069871030454	1	0	1	0
5	87	0.0	0.071730027331	1	1	0	0
5	92	0.0	0.065092772758	1	0	3	0
5	99	0.0	0.061324819807	1	0	3	0
5	50	0.0	0.061324391246	1	0	5	0
5	48	0.0	0.054136376368	1	0	8	0
5	93	0.0	0.061324491624	1	0	4	0
5	1	0.0	0.062182365657	1	0	3	0
5	56	NA 	 NA 	0	0	0	0
5	43	0.0	0.0541367647	1	1	5	0
5	45	0.0	0.061324375745	1	1	2	0
5	30	0.0	0.054136635634	1	0	8	0
5	88	0.0	0.061324895013	1	0	4	0
5	13	0.0	0.067285325596	1	0	1	0
5	82	0.0	0.06218242899	1	0	5	0
5	2	0.0	0.062182390598	1	0	4	0
5	83	0.0	0.07041831669	1	1	2	0
5	32	0.0	0.061324442152	1	0	5	0
5	40	0.0	0.061324705504	1	1	2	0
5	84	0.0	0.061324744292	1	0	3	0
5	41	0.0	0.065092805593	1	0	3	0
5	47	0.0	0.054136632175	1	1	2	2
5	53	0.0	0.054136689963	1	1	7	0
5	61	0.0	0.060064449715	1	0	8	0
5	63	0.0	0.054136796414	1	1	4	1
5	75	0.0	0.054136822918	1	0	8	0
5	79	0.0	0.070417922598	1	1	0	0
6	29	NA 	 NA 	0	0	0	0
6	18	NA 	 NA 	0	0	0	0
6	54	NA 	 NA 	0	0	0	0
6	1	NA 	 NA 	0	0	0	0
6	13	0.0	0.065226229484	1	1	0	0
6	88	0.0	0.054227647618	1	0	5	0
6	80	NA 	 NA 	0	0	0	0
6	70	0.0	0.060070278589	1	1	2	0
6	45	0.0	0.060070262342	1	0	3	0
6	71	0.0	0.054227438891	1	0	4	0
6	58	0.0	0.054227695691	1	0	5	0
6	47	0.0	0.059420153236	1	0	3	0
6	52	0.0	0.059419924436	1	1	2	0
6	16	0.0	0.05422785563	1	0	2	0
6	93	0.0	0.054227401219	1	0	2	0
6	64	0.0	0.054227797926	1	0	3	0
6	35	0.0	0.054227797087	1	0	3	0
6	60	0.0	0.061188533239	1	0	3	0
6	82	0.0	0.065226302993	1	0	2	0
6	39	0.0	0.054227350417	1	0	2	0
6	7	0.0	0.071281829476	1	0	2	0
6	33	0.0	0.067875948361	1	0	2	0
6	77	0.0	0.061187933393	1	0	2	0
6	73	0.0	0.065226059362	1	0	1	0
6	22	0.0	0.060070611932	1	0	3	0
6	75	0.0	0.054227422463	1	0	2	0
6	32	0.0	0.060069927339	1	0	3	0
6	3	0.0	0.071282044286	1	0	2	0
6	61	0.0	0.054227752579	1	0	5	0
6	42	0.0	0.054227140484	1	0	2	0
6	90	0.0	0.071281935014	1	0	1	0
6	98	0.0	0.054227629264	1	0	3	0
6	96	0.0	0.06007047561	1	0	3	0
6	50	0.0	0.061188062735	1	0	1	0
6	0	0.0	0.074048779375	1	1	0	0
6	37	0.0	0.054227290451	1	0	2	0
6	57	0.0	0.060070591176	1	0	3	0
6	85	0.0	0.054227420955	1	0	3	0
6	63	0.0	0.05422735583	1	0	3	0
6	23	0.0	0.060070257937	1	0	3	0
6	97	0.0	0.054227795808	1	0	3	0
6	94	0.0	0.054227871039	1	1	2	0
6	12	0.0	0.06007033214	1	0	4	0
6	84	0.0	0.054227278898	1	0	2	0
6	27	0.0	0.054227684567	1	0	5	0
6	62	0.0	0.054227764644	1	1	2	0
6	72	0.0	0.060070266313	1	0	4	0
6	67	0.0	0.054227519397	1	0	4	0
6	15	0.0	0.059420022152	1	0	2	0
6	10	0.0	0.061188225046	1	0	3	0
6	87	0.0	0.054227406028	1	0	5	0
6	86	0.0	0.067875684039	1	0	1	0
6	17	0.0	0.054227866219	1	0	5	0
6	56	0.0	0.061188380187	1	0	2	0
6	43	0.0	0.060069925019	1	0	4	0
6	48	0.0	0.06118860367	1	1	1	0
6	28	0.0	0.071281762051	1	0	1	0
6	53	0.0	0.061188075061	1	0	3	0
6	68	0.0	0.054227799551	1	0	6	0
6	2	0.0	0.059420280845	1	1	3	0
6	40	0.0	0.05422760565	1	0	3	0
6	4	0.0	0.054227775773	1	0	4	0
6	59	0.0	0.060070371299	1	0	3	0
6	83	0.0	0.061188531437	1	1	1	0
6	21	0.0	0.059420236594	1	0	4	0
6	20	0.0	0.060070473678	1	0	4	0
6	24	0.0	0.054227785594	1	0	3	0
6	51	0.0	0.05422709889	1	0	2	0
6	46	0.0	0.054227291938	1	0	2	0
6	81	0.0	0.054227590084	1	1	3	0
6	6	0.0	0.067875686741	1	0	2	0
6	92	0.0	0.060070460783	1	0	3	0
6	74	0.0	0.065225950002	1	0	1	0
6	69	0.0	0.054227756262	1	1	1	0
6	11	0.0	0.054227759356	1	0	2	0
6	25	0.0	0.054227850837	1	0	3	0
6	19	0.0	0.054227688358	1	0	3	0
6	36	0.0	0.060070496286	1	0	3	0
6	9	0.0	0.071281891937	1	1	0	0
6	49	0.0	0.059420141698	1	0	4	0
6	5	0.0	0.071131452929	1	0	2	0
6	8	0.0	0.054227428166	1	0	3	0
6	14	0.0	0.054227268116	1	0	2	0
6	89	0.0	0.06522644976	1	0	2	0
6	26	0.0	0.054227620887	1	0	5	0
6	30	0.0	0.091861452889	1	1	0	0
6	31	0.0	0.059420447014	1	0	4	0
6	34	0.0	0.060070347458	1	0	3	0
6	38	0.0	0.071281867369	1	0	1	0
6	41	0.0	0.060070513054	1	1	2	0
6	91	0.0	0.059420257263	1	1	2	0
6	44	0.0	0.059420324706	1	0	4	0
6	55	0.0	0.060070624352	1	0	3	0
6	65	0.0	0.060070458707	1	0	3	0
6	66	0.0	0.060070134939	1	0	5	0
6	99	0.0	0.065226522084	1	0	2	0
6	95	0.0	0.054227829571	1	0	4	0
6	76	0.0	0.054227801251	1	1	3	0
6	78	0.0	0.060070159295	1	0	5	0
6	79	0.0	0.070005788061	1	0	2	0
7	49	NA 	 NA 	0	0	0	0
7	18	NA 	 NA 	0	0	0	0
7	76	NA 	 NA 	0	0	0	0
7	74	NA 	 NA 	0	0	0	0
7	81	NA 	 NA 	0	0	0	0
7	3	NA 	 NA 	0	0	0	0
7	10	NA 	 NA 	0	0	0	0
7	55	0.0	0.054201843358	1	0	7	0
7	77	0.0	0.062743731681	1	0	4	0
7	38	0.0	0.059379363884	1	1	2	0
7	44	0.0	0.06299530612	1	0	4	0
7	95	0.0	0.062744028389	1	1	3	0
7	67	0.0	0.054201561956	1	0	6	0
7	7	0.0	0.075747895357	1	1	2	0
7	0	0.0	0.069587707584	1	0	4	0
7	33	0.0	0.054201413704	1	0	5	0
7	100	0.0	0.064608526557	1	0	5	0
7	26	0.0	0.054201499461	1	0	10	0
7	39	0.0	0.074020570479	1	0	3	0
7	27	0.0	0.062995440783	1	1	1	0
7	78	0.0	0.156121204248	1	0	1	0
7	29	0.0	0.06958736583	1	0	4	0
7	5	0.0	0.054201855103	1	1	3	0
7	24	0.0	0.156121125436	1	1	0	0
7	34	0.0	0.064608594956	1	0	5	0
7	60	0.0	0.054201162937	1	1	6	3
7	72	0.0	0.059379187481	1	0	3	0
7	94	0.0	0.059379130336	1	0	4	0
7	68	0.0	0.062744065956	1	0	4	0
7	42	0.0	0.069587859785	1	0	6	0
7	16	0.0	0.074702392152	1	0	4	0
7	101	0.0	0.062744133781	1	0	6	0
7	14	0.0	0.0542016629	1	1	7	3
7	25	0.0	0.069587452672	1	0	3	0
7	69	0.0	0.054201758335	1	1	4	3
7	31	0.0	0.062995060009	1	0	3	0
7	90	0.0	0.062744051505	1	0	6	0
7	96	0.0	0.062744151995	1	0	5	0
7	54	0.0	0.054201745099	1	2	5	1
7	89	0.0	0.06958771899	1	0	4	0
7	11	0.0	0.054201136534	1	1	4	0
7	28	0.0	0.069587718553	1	1	1	0
7	9	0.0	0.074702597362	1	0	4	0
7	36	0.0	0.054201770737	1	2	4	3
7	57	0.0	0.062744046136	1	0	4	0
7	15	0.0	7.55520361185	1	1	0	0
7	17	0.0	0.062743541277	1	0	4	0
7	20	0.0	0.054201807217	1	0	7	0
7	98	0.0	0.062744072474	1	0	7	0
7	70	0.0	0.06958736782	1	0	3	0
7	64	0.0	0.062744080952	1	1	2	0
7	66	0.0	0.054201127863	1	1	5	1
7	97	0.0	0.054201674276	1	1	5	1
7	73	0.0	0.054201255811	1	1	7	0
7	58	0.0	0.062743867032	1	0	3	0
7	85	0.0	0.069587487887	1	0	4	0
7	4	0.0	0.059379147175	1	0	6	0
7	59	0.0	0.05420149895	1	0	7	0
7	8	0.0	0.062743534446	1	0	4	0
7	21	0.0	0.059379346256	1	0	4	0
7	52	0.0	0.062995271759	1	1	6	0
7	51	0.0	0.062995446335	1	0	3	0
7	91	0.0	0.054201454251	1	1	5	3
7	65	0.0	0.069587710785	1	1	2	0
7	22	0.0	0.054201437151	1	1	10	1
7	23	0.0	0.05420183973	1	1	4	1
7	19	0.0	0.054201516171	1	2	6	1
7	80	0.0	0.062995311809	1	0	3	0
7	62	0.0	0.054201483978	1	0	10	0
7	71	0.0	0.062743742585	1	0	2	0
7	12	0.0	0.069587509976	1	0	5	0
7	35	0.0	0.054201583697	1	2	4	3
7	86	0.0	0.054201735356	1	1	5	0
7	37	0.0	0.054201367471	1	1	4	1
7	1	0.0	0.059378921377	1	0	2	0
7	6	0.0	0.074702611918	1	1	1	0
7	87	0.0	0.15515636834	1	0	3	0
7	48	0.0	0.054201386011	1	1	8	1
7	92	0.0	0.062995262635	1	0	4	0
7	93	0.0	0.074702326984	1	0	4	0
7	99	0.0	0.074702553326	1	0	4	0
7	53	0.0	0.054201718519	1	1	8	0
7	46	0.0	0.062995283894	1	0	4	0
7	50	0.0	0.064608549609	1	0	5	0
7	30	0.0	0.054201568797	1	1	6	0
7	56	0.0	0.086550962015	1	1	0	0
7	43	0.0	0.054201786482	1	0	5	0
7	45	0.0	0.064608675515	1	0	5	0
7	88	0.0	0.062995023147	1	0	6	0
7	82	0.0	0.059379002235	1	0	3	0
7	13	0.0	0.069587632132	1	0	3	0
7	2	0.0	0.059379060209	1	0	3	0
7	83	0.0	0.074020831663	1	1	2	0
7	32	0.0	0.064608510096	1	1	5	0
7	40	0.0	0.074702329181	1	0	4	0
7	84	0.0	0.074702440341	1	0	4	0
7	41	0.0	0.062995286866	1	0	4	0
7	47	0.0	0.054201642519	1	2	5	3
7	61	0.0	0.06274391092	1	0	3	0
7	63	0.0	0.054201797681	1	1	5	3
7	75	0.0	0.054201816741	1	0	6	0
7	79	0.0	0.074020407199	1	1	0	0
8	29	NA 	 NA 	0	0	0	0
8	28	NA 	 NA 	0	0	0	0
8	55	NA 	 NA 	0	0	0	0
8	59	NA 	 NA 	0	0	0	0
8	81	0.0	0.060915227486	1	1	3	0
8	25	0.0	0.081744912361	1	1	1	0
8	43	0.0	0.064495817946	1	1	2	0
8	6	0.0	0.071014349191	1	1	0	0
8	35	0.0	0.074732253717	1	0	3	0
8	46	0.0	0.074732221012	1	0	2	0
8	36	0.0	0.054149538556	1	0	3	0
8	91	0.0	0.097090443372	1	1	1	0
8	100	0.0	0.054149742267	1	0	5	0
8	30	0.0	0.054149648089	1	1	7	2
8	1	0.0	0.081745272489	1	0	3	0
8	76	0.0	0.155301731089	1	1	0	0
8	18	0.0	0.060915374203	1	0	5	0
8	73	0.0	0.062520015403	1	1	3	0
8	5	0.0	0.078570723999	1	0	2	0
8	49	0.0	0.555160010021	1	0	1	0
8	48	0.0	0.054149578329	1	0	10	0
8	85	0.0	0.06289134234	1	0	5	0
8	58	0.0	0.070645152561	1	0	5	0
8	62	0.0	0.054149665063	1	0	3	0
8	92	0.0	0.074732504301	1	0	4	0
8	54	0.0	0.062890939603	1	1	6	0
8	16	0.0	0.054149678231	1	0	7	0
8	9	0.0	0.064496006789	1	0	4	0
8	4	0.0	0.060915177593	1	0	4	0
8	88	0.0	0.05414930017	1	0	6	0
8	17	0.0	0.070645273003	1	0	1	0
8	63	0.0	0.060915394415	1	0	4	0
8	20	0.0	0.060915389037	1	0	3	0
8	57	0.0	0.054149814575	1	0	6	0
8	70	0.0	0.062891283179	1	1	5	0
8	32	0.0	0.071014515837	1	0	2	0
8	11	0.0	0.062891322068	1	0	7	0
8	53	0.0	0.074732507309	1	1	1	0
8	22	0.0	0.078571083377	1	0	2	0
8	71	0.0	0.070645027221	1	0	4	0
8	0	0.0	0.05414970569	1	1	4	0
8	84	0.0	0.054149615816	1	0	3	0
8	15	0.0	0.074732317646	1	0	3	0
8	26	0.0	0.05414970259	1	0	3	0
8	7	0.0	0.054149591324	1	1	6	0
8	72	0.0	0.060915210469	1	0	5	0
8	44	0.0	0.064495722622	1	0	3	0
8	79	0.0	0.054149657417	1	1	6	0
8	10	0.0	0.054149423051	1	0	4	0
8	60	0.0	0.054149621849	1	0	8	0
8	74	0.0	0.062891394998	1	0	8	0
8	12	0.0	0.054149296085	1	0	5	0
8	98	0.0	0.05414975692	1	0	5	0
8	37	0.0	0.054149700311	1	1	7	3
8	8	0.0	0.054149795541	1	1	1	0
8	75	0.0	0.060915430928	1	0	7	0
8	40	0.0	0.05414957157	1	1	6	3
8	21	0.0	0.062519860757	1	0	3	16
8	65	0.0	0.060915566001	1	0	4	0
8	51	0.0	0.054149852498	1	0	4	0
8	95	0.0	0.054149769404	1	1	4	0
8	50	0.0	0.07064533801	1	1	1	0
8	78	0.0	0.054149609122	1	1	6	3
8	56	0.0	0.060915540815	1	0	10	0
8	2	0.0	0.054149807578	1	0	3	0
8	80	0.0	0.062891471123	1	1	3	2
8	90	0.0	0.060915523389	1	0	4	0
8	96	0.0	0.060915580815	1	0	3	0
8	93	0.0	0.054149616997	1	0	4	0
8	69	0.0	0.060915561575	1	0	4	0
8	77	0.0	0.06449600371	1	0	4	0
8	38	0.0	0.064496083098	1	1	1	0
8	23	0.0	0.062519761838	1	1	1	0
8	61	0.0	0.054149371752	1	0	5	0
8	24	0.0	0.05414924983	1	0	6	0
8	99	0.0	0.054149259464	1	0	5	0
8	39	0.0	0.074732384203	1	0	2	0
8	68	0.0	0.078570536333	1	1	0	0
8	67	0.0	0.054149833548	1	1	6	3
8	66	0.0	0.05414913986	1	0	4	0
8	89	0.0	0.060915362002	1	0	4	0
8	64	0.0	0.054149381889	1	0	5	0
8	97	0.0	0.071014687122	1	1	0	0
8	94	0.0	0.054149433793	1	0	3	0
8	13	0.0	0.05414926765	1	0	5	0
8	47	0.0	0.05414959741	1	0	3	0
8	87	0.0	0.062891452408	1	0	4	0
8	82	0.0	0.062891088389	1	0	8	0
8	41	0.0	0.064495910806	1	0	3	0
8	45	0.0	0.074732212044	1	0	3	0
8	3	0.0	0.062519928217	1	0	4	0
8	42	0.0	0.071014824694	1	1	2	0
8	33	0.0	0.060915499337	1	0	3	0
8	52	0.0	0.0609156042	1	0	10	0
8	19	0.0	0.070645285976	1	0	6	0
8	14	0.0	0.054149434343	1	0	4	0
8	27	0.0	0.070644729518	1	0	4	0
8	31	0.0	0.054149605495	1	1	7	16
8	34	0.0	0.062891272623	1	0	6	0
8	83	0.0	0.06289144584	1	0	6	0
8	86	0.0	0.062891244244	1	1	6	0
9	66	NA 	 NA 	0	0	0	0
9	90	NA 	 NA 	0	0	0	0
9	20	NA 	 NA 	0	0	0	0
9	18	NA 	 NA 	0	0	0	0
9	63	0.0	0.155279538483	1	1	1	0
9	2	0.0	0.073102088863	1	0	1	0
9	57	0.0	0.068906890056	1	0	1	0
9	77	0.0	0.073101913122	1	0	1	0
9	78	0.0	0.06520524035	1	0	4	0
9	85	0.0	0.096050749204	1	0	4	0
9	9	0.0	0.054162632886	1	0	4	0
9	12	0.0	0.074316537527	1	1	1	0
9	62	0.0	0.074316765065	1	0	3	0
9	24	0.0	0.054162852981	1	0	5	0
9	4	0.0	0.060126271374	1	1	1	0
9	51	0.0	0.096050620079	1	0	2	0
9	30	0.0	0.054162247036	1	0	2	0
9	98	0.0	0.09605100845	1	0	3	0
9	21	0.0	0.054162494018	1	0	4	0
9	43	0.0	0.068906686701	1	0	2	0
9	15	0.0	0.065205339025	1	0	4	0
9	88	0.0	0.054162295388	1	0	5	0
9	82	0.0	0.054162695016	1	1	4	0
9	29	0.0	0.065204981935	1	0	3	0
9	75	0.0	0.05416259069	1	1	2	0
9	50	0.0	0.054162779236	1	0	4	0
9	16	0.0	0.054162425937	1	0	3	0
9	92	0.0	0.073101930632	1	1	0	0
9	47	0.0	0.063320454495	1	0	2	0
9	39	0.0	0.060126381628	1	0	4	0
9	100	0.0	0.155279515972	1	0	2	0
9	41	0.0	0.054162435312	1	0	1	0
9	3	0.0	0.05416273936	1	0	5	0
9	23	0.0	0.054162697619	1	1	2	0
9	58	0.0	0.096050863828	1	0	4	0
9	97	0.0	0.155279341374	1	0	2	0
9	64	0.0	0.054162386437	1	0	2	0
9	54	0.0	0.096051141034	1	0	4	0
9	31	0.0	0.073102127119	1	0	2	0
9	70	0.0	0.054162436979	1	0	5	0
9	73	0.0	0.054162652474	1	0	3	0
9	27	0.0	0.065205466174	1	1	2	0
9	48	0.0	0.054162490532	1	0	2	0
9	5	0.0	0.060126010845	1	0	2	0
9	71	0.0	0.073101903723	1	0	1	0
9	32	0.0	0.060126523464	1	0	4	0
9	35	0.0	0.063320343207	1	0	3	0
9	46	0.0	0.060126388968	1	0	4	0
9	53	0.0	0.097460417619	1	1	2	0
9	96	0.0	0.06520520393	1	0	4	0
9	99	0.0	0.054162484587	1	0	5	0
9	40	0.0	0.05416265566	1	0	3	0
9	38	0.0	0.065205045583	1	0	3	8
9	13	0.0	0.074316813133	1	0	3	0
9	87	0.0	0.087569356805	1	1	1	0
9	33	0.0	0.06520546953	1	0	4	0
9	42	0.0	0.054162758227	1	1	3	0
9	86	0.0	0.054162766573	1	0	5	0
9	76	0.0	0.054162446978	1	0	1	0
9	36	0.0	0.355363743274	1	1	0	0
9	45	0.0	0.074316669043	1	0	1	0
9	72	0.0	0.063320090094	1	0	2	0
9	56	0.0	0.065205424436	1	1	2	8
9	65	0.0	0.054162740122	1	0	5	0
9	79	0.0	0.054162473204	1	0	5	0
9	81	0.0	0.06520543319	1	0	2	0
9	84	0.0	0.05416285831	1	0	5	0
9	94	0.0	0.060126184968	1	0	2	0
9	25	0.0	0.065205134447	1	0	3	0
9	59	0.0	0.07431690728	1	0	3	0
9	26	0.0	0.054162853423	1	0	3	0
9	8	0.0	0.065205139203	1	0	3	0
9	93	0.0	0.054162766151	1	0	5	0
9	74	0.0	0.155279313178	1	1	1	0
9	68	0.0	0.155279711224	1	0	2	0
9	91	0.0	0.054162758611	1	0	4	0
9	28	0.0	0.054162419946	1	0	4	0
9	19	0.0	0.0652053652	1	0	4	0
9	61	0.0	0.068907007134	1	0	2	0
9	67	0.0	0.063319973562	1	0	2	0
9	6	0.0	0.054162817678	1	1	2	0
9	60	0.0	0.054162800312	1	0	3	0
9	0	0.0	0.060126329452	1	1	1	0
9	1	0.0	0.074316616683	1	0	3	0
9	7	0.0	0.07431701003	1	0	3	0
9	10	0.0	0.074316985478	1	0	3	0
9	11	0.0	0.054162543942	1	0	4	0
9	14	0.0	0.074316916672	1	0	1	0
9	17	0.0	0.063320284871	1	0	1	0
9	22	0.0	0.07431692725	1	0	3	0
9	34	0.0	0.060126156125	1	0	2	0
9	37	0.0	0.060126399052	1	0	2	0
9	44	0.0	0.06012611585	1	0	2	0
9	49	0.0	0.087569383037	1	1	2	0
9	52	0.0	0.054162390371	1	0	5	0
9	55	0.0	0.054162098442	1	0	3	0
9	69	0.0	0.054162238176	1	0	1	0
9	95	0.0	0.060126438527	1	0	2	0
9	80	0.0	0.060126065583	1	0	2	0
9	83	0.0	0.054162816402	1	0	4	0
9	89	0.0	0.065205432675	1	0	3	0
