0	189	NA 	 NA 	0	0	0	0
0	202	NA 	 NA 	0	0	0	0
0	76	NA 	 NA 	0	0	0	0
0	46	NA 	 NA 	0	0	0	0
0	196	NA 	 NA 	0	0	0	0
0	240	NA 	 NA 	0	0	0	0
0	257	NA 	 NA 	0	0	0	0
0	168	NA 	 NA 	0	0	0	0
0	195	NA 	 NA 	0	0	0	0
0	283	0.0	0.054175208744	1	0	5	0
0	239	0.0	0.076661671409	1	0	2	0
0	114	0.0	0.054175764115	1	0	3	0
0	176	0.0	0.071779544703	1	1	2	0
0	133	0.0	0.061640612053	1	0	4	0
0	262	0.0	0.061201582967	1	1	5	1
0	303	0.0	0.075958307824	1	0	3	0
0	151	0.0	0.061640143191	1	0	7	0
0	243	0.0	0.060940794875	1	0	9	0
0	256	0.0	0.054175672254	1	0	7	0
0	185	0.0	0.065084172183	1	0	7	0
0	92	0.0	0.061640671397	1	0	3	0
0	42	0.0	0.080078600219	1	0	1	1
0	207	0.0	0.054175581478	1	0	6	0
0	154	0.0	0.054175252714	1	0	4	0
0	91	0.0	0.060940762322	1	0	7	0
0	59	0.0	0.054175802041	1	0	7	0
0	96	0.0	0.054175845703	1	1	7	5
0	252	0.0	0.060941073615	1	0	8	0
0	124	0.0	0.054175490374	1	0	5	0
0	299	0.0	0.054175259242	1	1	5	0
0	244	0.0	0.064401888023	1	0	9	0
0	209	0.0	0.067187914946	1	0	6	0
0	67	0.0	0.060940665748	1	0	6	0
0	130	0.0	0.068458376674	1	0	8	0
0	147	0.0	0.064401914328	1	0	8	0
0	85	0.0	0.060940657004	1	0	7	0
0	242	0.0	0.068458495457	1	0	8	0
0	65	0.0	0.061201394781	1	0	8	0
0	304	0.0	0.066394272982	1	1	3	0
0	36	0.0	0.061201400997	1	0	10	0
0	84	0.0	0.060940679891	1	0	7	0
0	89	0.0	0.067187861962	1	0	6	0
0	132	0.0	0.06818096967	1	0	7	0
0	100	0.0	0.054175565626	1	1	7	1
0	79	0.0	0.060940631199	1	0	7	0
0	87	0.0	0.054175856835	1	0	9	0
0	138	0.0	0.060940606988	1	0	8	0
0	214	0.0	0.054175691537	1	0	6	0
0	211	0.0	0.071779508579	1	0	3	0
0	261	0.0	0.066511275719	1	0	1	0
0	37	0.0	0.054175656577	1	0	4	0
0	13	0.0	0.061200957403	1	0	7	0
0	267	0.0	0.076661758494	1	0	2	0
0	18	0.0	0.060941115914	1	0	2	0
0	11	0.0	0.064790179505	1	0	1	0
0	192	0.0	0.068180988942	1	0	8	0
0	236	0.0	0.064401877172	1	0	9	0
0	246	0.0	0.066511656037	1	0	5	0
0	45	0.0	0.054175429528	1	2	7	8
0	293	0.0	0.066511315964	1	0	2	7
0	222	0.0	0.054175671412	1	1	7	1
0	155	0.0	0.061201359417	1	0	9	0
0	148	0.0	0.054175584711	1	1	5	0
0	275	0.0	0.067187754469	1	0	8	0
0	295	0.0	0.054175646781	1	1	7	6
0	164	0.0	0.061640177017	1	0	6	0
0	203	0.0	0.05417542599	1	1	5	1
0	194	0.0	0.060940756417	1	0	4	0
0	160	0.0	0.05417544238	1	2	5	6
0	150	0.0	0.06094067198	1	0	3	0
0	43	0.0	0.061640469377	1	0	2	0
0	174	0.0	0.082002790885	1	1	3	0
0	112	0.0	0.06094070902	1	0	7	0
0	206	0.0	0.076661766915	1	0	3	0
0	260	0.0	0.054175774025	1	0	9	0
0	38	0.0	0.071779213763	1	0	5	0
0	245	0.0	0.06508413613	1	0	10	0
0	75	0.0	0.060940949768	1	0	8	0
0	156	0.0	0.061201632723	1	0	8	0
0	78	0.0	0.054175371663	1	0	6	0
0	229	0.0	0.060940759144	1	0	7	0
0	248	0.0	0.066511724532	1	0	1	0
0	127	0.0	0.05417526387	1	1	3	3
0	188	0.0	0.068181017586	1	0	7	0
0	2	0.0	0.05417579268	1	1	8	0
0	298	0.0	0.054175850477	1	0	7	0
0	7	0.0	0.064401628449	1	0	8	0
0	20	0.0	0.065084184363	1	0	7	0
0	118	0.0	0.061201648176	1	0	8	0
0	97	0.0	0.054175861139	1	0	6	0
0	121	0.0	0.06164042659	1	0	4	0
0	41	0.0	0.061201277957	1	0	9	0
0	226	0.0	0.054175571148	1	1	6	5
0	93	0.0	0.071779122785	1	1	1	0
0	157	0.0	0.054175448828	1	1	5	3
0	140	0.0	0.06120102545	1	0	10	0
0	297	0.0	0.068458478224	1	0	7	0
0	291	0.0	0.064401993358	1	0	7	0
0	12	0.0	0.066394144183	1	1	3	0
0	68	0.0	0.054175518824	1	0	5	0
0	165	0.0	0.066394028581	1	1	3	0
0	110	0.0	0.069157764785	1	0	7	0
0	29	0.0	0.054175830289	1	1	7	0
0	3	0.0	0.064051809301	1	1	4	0
0	81	0.0	0.054175596188	1	0	4	0
0	278	0.0	0.075958172822	1	0	1	0
0	129	0.0	0.05417533382	1	0	6	0
0	90	0.0	0.061201600131	1	0	9	0
0	190	0.0	0.06120138101	1	0	9	0
0	235	0.0	0.071779434544	1	1	2	0
0	48	0.0	0.054175763189	1	0	7	0
0	173	0.0	0.075958234512	1	1	0	0
0	115	0.0	0.054175608649	1	1	6	1
0	274	0.0	0.054175483064	1	0	5	0
0	172	0.0	0.065084126399	1	0	5	0
0	287	0.0	0.06094062847	1	0	8	0
0	228	0.0	0.054175342317	1	1	4	4
0	145	0.0	0.061640562836	1	0	2	0
0	223	0.0	0.064401895546	1	0	8	0
0	52	0.0	0.063744966227	1	0	3	0
0	170	0.0	0.054175508575	1	0	4	0
0	8	0.0	0.054175717745	1	1	9	0
0	183	0.0	0.05417548487	1	1	6	1
0	94	0.0	0.060940736911	1	0	4	0
0	131	0.0	0.066511759728	1	0	2	0
0	71	0.0	0.067148514883	1	0	3	0
0	26	0.0	0.061200956604	1	0	9	0
0	307	NA 	 NA 	0	0	0	0
0	149	0.0	0.054175624509	1	1	7	1
0	233	0.0	0.065084212624	1	0	7	0
0	103	0.0	0.066511874437	1	0	6	0
0	181	0.0	0.065084090468	1	0	9	0
0	101	0.0	0.054175786387	1	2	6	5
0	49	0.0	0.054175857523	1	1	6	1
0	61	0.0	0.054175089023	1	1	5	0
0	4	0.0	0.054175753257	1	2	8	4
0	143	0.0	0.05417576834	1	0	10	0
0	105	0.0	0.060940599095	1	0	3	0
0	53	0.0	0.054175633448	1	1	6	4
0	44	0.0	0.063744941572	1	0	3	0
0	56	0.0	0.066511752483	1	0	6	0
0	66	0.0	0.082002694371	1	1	3	0
0	218	0.0	0.054175777641	1	0	7	0
0	178	0.0	0.060940921427	1	0	4	0
0	216	0.0	0.054175467446	1	0	5	0
0	144	0.0	0.054175485693	1	1	6	5
0	271	0.0	0.061640578484	1	0	2	0
0	221	0.0	0.063744934478	1	0	1	0
0	182	0.0	0.069157522348	1	0	7	0
0	167	0.0	0.054175383529	1	2	7	8
0	285	0.0	0.054175781824	1	0	8	0
0	186	0.0	0.054175762658	1	0	7	0
0	24	0.0	0.054175765134	1	1	7	0
0	250	0.0	0.060940980313	1	0	6	1
0	279	0.0	0.05417566408	1	1	7	0
0	166	0.0	0.05417579408	1	1	5	1
0	184	0.0	0.061201313717	1	0	10	0
0	273	0.0	0.063744907346	1	0	2	0
0	57	0.0	0.061201544138	1	0	10	9
0	212	0.0	0.054175432015	1	1	6	1
0	277	0.0	0.060940726253	1	0	9	0
0	213	0.0	0.060940958599	1	0	7	0
0	117	0.0	0.05417515171	1	0	4	0
0	302	0.0	0.054175554533	1	2	8	6
0	83	0.0	0.071779339252	1	1	3	0
0	225	0.0	0.054175602373	1	0	8	0
0	35	0.0	0.054175613412	1	1	6	0
0	123	0.0	0.054175395341	1	0	7	0
0	197	0.0	0.054175796025	1	1	7	0
0	180	0.0	0.054175649598	1	1	8	4
0	193	0.0	0.071779020427	1	0	4	0
0	54	0.0	0.061201414277	1	0	9	0
0	191	0.0	0.054175274381	1	1	6	1
0	111	0.0	0.054175771467	1	1	4	0
0	217	0.0	0.061201631548	1	0	8	0
0	120	0.0	0.068458666783	1	1	4	0
0	199	0.0	0.063744984186	1	0	3	0
0	136	0.0	0.054175518771	1	0	5	0
0	39	0.0	0.060941035755	1	0	8	0
0	28	0.0	0.05417587193	1	0	6	0
0	17	0.0	0.060940705389	1	0	8	0
0	177	0.0	0.054175427771	1	1	5	6
0	280	0.0	0.054175791018	1	0	8	0
0	306	0.0	7.65624865591	1	1	0	0
0	247	0.0	0.054175754334	1	0	9	0
0	104	0.0	0.054175746615	1	0	7	0
0	19	0.0	0.068458290621	1	0	6	0
0	227	0.0	0.061640256761	1	0	4	0
0	5	0.0	0.061639975318	1	0	7	0
0	69	0.0	0.06094101344	1	0	7	0
0	231	0.0	0.061640475708	1	0	3	0
0	205	0.0	0.08007868913	1	0	1	0
0	141	0.0	0.075958279644	1	0	2	0
0	74	0.0	0.068125200185	1	0	4	0
0	21	0.0	0.076661714917	1	0	3	0
0	224	0.0	0.054175092875	1	0	6	0
0	10	0.0	0.071779371919	1	0	2	0
0	159	0.0	0.054175428237	1	1	6	6
0	108	0.0	0.060940752366	1	0	9	0
0	64	0.0	0.071779655716	1	0	3	0
0	259	0.0	0.054175826208	1	0	5	0
0	106	0.0	0.066511533641	1	0	5	0
0	288	0.0	0.076661656615	1	0	4	0
0	107	0.0	0.061640407351	1	0	2	0
0	22	0.0	0.060941101312	1	0	8	0
0	230	0.0	0.061201650647	1	0	7	0
0	282	0.0	0.067187826245	1	0	8	0
0	179	0.0	0.060941023957	1	0	5	0
0	201	0.0	0.054175614383	1	0	6	0
0	135	0.0	0.054175542515	1	0	6	0
0	296	0.0	0.054175866256	1	1	6	1
0	139	0.0	0.066511804703	1	0	6	0
0	0	0.0	0.061201484568	1	0	9	4
0	1	0.0	0.054175637745	1	0	6	0
0	6	0.0	0.061201614578	1	1	6	9
0	9	0.0	0.061201556582	1	0	9	0
0	14	0.0	0.060941007073	1	0	8	0
0	15	0.0	0.054175494359	1	1	4	0
0	16	0.0	0.061201423871	1	0	10	0
0	215	0.0	0.061639928196	1	0	6	0
0	23	0.0	0.054175432482	1	2	9	7
0	25	0.0	0.060941020165	1	0	8	0
0	219	0.0	0.067187970245	1	0	6	0
0	27	0.0	0.065084059257	1	0	8	0
0	30	0.0	0.054175596319	1	0	8	4
0	220	0.0	0.054175443556	1	1	5	1
0	31	0.0	0.054175818092	1	1	9	0
0	32	0.0	0.061201591478	1	1	5	0
0	33	0.0	0.061201402192	1	1	5	1
0	34	0.0	0.075958265043	1	0	2	0
0	40	0.0	0.061640270474	1	0	5	0
0	300	0.0	0.061201280937	1	0	9	0
0	47	0.0	0.054175126416	1	0	5	0
0	50	0.0	0.054175870069	1	1	7	2
0	51	0.0	0.06120161719	1	0	6	0
0	55	0.0	0.067148655179	1	0	4	0
0	58	0.0	0.061201104884	1	0	9	0
0	60	0.0	0.061200994264	1	0	8	0
0	62	0.0	0.061640591394	1	0	2	0
0	63	0.0	0.06164009814	1	0	4	0
0	284	0.0	0.061201622655	1	0	8	0
0	70	0.0	0.073417463118	1	0	7	0
0	72	0.0	0.054175521758	1	1	5	1
0	232	0.0	0.054175415098	1	1	6	3
0	234	0.0	0.054175747547	1	2	7	4
0	73	0.0	0.060940954103	1	0	4	0
0	301	0.0	0.061201362982	1	0	9	0
0	77	0.0	0.061201281658	1	0	8	0
0	286	0.0	0.061201434197	1	0	8	0
0	237	0.0	0.061640595332	1	0	5	0
0	238	0.0	0.061201259926	1	0	9	0
0	80	0.0	0.0609409288	1	0	3	0
0	241	0.0	0.060941033877	1	0	7	0
0	82	0.0	0.054175733739	1	0	8	0
0	86	0.0	0.069157685252	1	1	5	0
0	249	0.0	0.061201610523	1	0	10	0
0	88	0.0	0.072255040778	1	0	5	7
0	251	0.0	0.061201250114	1	0	7	0
0	253	0.0	0.054175505093	1	1	7	3
0	254	0.0	0.061640349657	1	0	4	0
0	255	0.0	0.054175843246	1	1	6	2
0	95	0.0	0.067187782149	1	0	7	0
0	98	0.0	0.054175711773	1	1	7	1
0	305	0.0	0.054175731308	1	0	7	0
0	258	0.0	0.061200879654	1	0	6	0
0	99	0.0	0.064051800802	1	0	3	0
0	102	0.0	0.054175146941	1	0	5	0
0	109	0.0	0.063744570056	1	0	6	0
0	289	0.0	0.061640479231	1	0	3	0
0	113	0.0	0.066394310129	1	0	7	0
0	263	0.0	0.061200987535	1	0	8	0
0	290	0.0	0.061200921186	1	0	7	0
0	116	0.0	0.054175489538	1	2	6	3
0	264	0.0	0.054175464737	1	2	7	4
0	119	0.0	0.054175576128	1	0	6	0
0	265	0.0	0.06094084677	1	0	5	0
0	266	0.0	0.054175854635	1	1	6	0
0	122	0.0	0.060940607979	1	0	8	0
0	125	0.0	0.054175821949	1	1	7	1
0	292	0.0	0.05417546058	1	1	5	2
0	126	0.0	0.071779222488	1	1	0	0
0	128	0.0	0.054175477784	1	1	5	6
0	268	0.0	0.065084199885	1	0	11	0
0	294	0.0	0.061201612654	1	0	10	0
0	134	0.0	0.054175790531	1	1	6	5
0	269	0.0	0.064401607937	1	0	8	0
0	137	0.0	0.054175751489	1	2	5	2
0	270	0.0	0.060940710096	1	0	4	0
0	272	0.0	0.066394323298	1	0	7	0
0	142	0.0	0.066511643732	1	0	2	0
0	146	0.0	0.060940638698	1	0	7	0
0	152	0.0	0.054175317116	1	0	6	0
0	153	0.0	0.054175326366	1	0	7	0
0	158	0.0	0.066511705598	1	0	5	0
0	161	0.0	0.054175181993	1	0	5	0
0	162	0.0	0.054175547292	1	0	5	0
0	163	0.0	0.071222659996	1	0	5	0
0	169	0.0	0.06120128258	1	0	10	12
0	171	0.0	0.061201200374	1	1	6	2
0	276	0.0	0.061201624284	1	0	9	0
0	175	0.0	0.054175812962	1	1	5	0
0	187	0.0	0.066394418705	1	0	4	0
0	198	0.0	0.061200904675	1	0	6	10
0	200	0.0	0.072255319107	1	0	4	0
0	204	0.0	0.075958294542	1	0	5	0
0	281	0.0	0.061201418432	1	0	8	0
0	208	0.0	0.08007851009	1	1	0	0
0	210	0.0	0.061640325765	1	0	4	0
1	144	NA 	 NA 	0	0	0	0
1	153	NA 	 NA 	0	0	0	0
1	155	NA 	 NA 	0	0	0	0
1	23	NA 	 NA 	0	0	0	0
1	75	NA 	 NA 	0	0	0	0
1	122	NA 	 NA 	0	0	0	0
1	98	NA 	 NA 	0	0	0	0
1	187	NA 	 NA 	0	0	0	0
1	42	NA 	 NA 	0	0	0	0
1	208	NA 	 NA 	0	0	0	0
1	236	NA 	 NA 	0	0	0	0
1	38	0.0	0.054136745076	1	1	5	1
1	62	0.0	0.092639375447	1	1	3	0
1	89	0.0	0.054136264781	1	1	2	3
1	292	0.0	0.063317410235	1	0	6	0
1	216	0.0	0.064336048993	1	0	4	0
1	65	0.0	0.067512679375	1	0	3	0
1	52	0.0	0.063317665794	1	0	7	0
1	106	0.0	0.159195801751	1	1	0	0
1	215	0.0	0.059654068012	1	0	7	0
1	150	0.0	0.062855602879	1	0	5	0
1	142	0.0	0.066682247014	1	0	2	0
1	243	0.0	0.063317311963	1	0	6	0
1	161	0.0	0.054136714706	1	0	6	0
1	298	0.0	0.05965426867	1	1	6	0
1	176	0.0	0.06285558514	1	0	2	0
1	140	0.0	0.063317659648	1	0	8	0
1	13	0.0	0.062855727859	1	0	3	0
1	9	0.0	0.155112273377	1	0	5	0
1	101	0.0	0.09263900696	1	1	2	0
1	245	0.0	0.070604845871	1	0	5	0
1	28	0.0	0.054136857141	1	1	6	4
1	214	0.0	0.062855656919	1	0	3	0
1	30	0.0	0.060764899492	1	0	4	0
1	51	0.0	0.062855579986	1	0	5	0
1	135	0.0	0.054136590354	1	0	6	0
1	151	0.0	0.155112367745	1	0	4	0
1	145	0.0	0.065395080904	1	0	5	0
1	133	0.0	0.066682096785	1	0	4	0
1	204	0.0	0.059654426652	1	0	3	0
1	129	0.0	0.066682296612	1	0	7	0
1	222	0.0	0.06331742197	1	0	5	0
1	181	0.0	0.062855560563	1	0	3	0
1	43	0.0	0.054136810364	1	1	6	2
1	99	0.0	0.063317483137	1	0	3	0
1	71	0.0	0.064336347363	1	0	7	0
1	205	0.0	0.054136584822	1	0	6	0
1	158	0.0	0.054136226995	1	1	2	3
1	198	0.0	0.066682347756	1	0	2	0
1	282	0.0	0.054136842249	1	1	6	7
1	263	0.0	0.063317171021	1	0	3	0
1	206	0.0	0.060764721384	1	0	4	0
1	113	0.0	0.054136297623	1	1	2	3
1	139	0.0	0.092638965636	1	1	2	0
1	210	0.0	0.059654438001	1	0	5	0
1	225	0.0	0.054136745115	1	1	6	2
1	134	0.0	0.064336370404	1	0	8	0
1	177	0.0	0.054136262021	1	1	6	5
1	143	0.0	0.059654220703	1	0	4	0
1	2	0.0	0.079437541508	1	0	1	0
1	223	0.0	0.064336296683	1	0	6	0
1	26	0.0	0.059654310498	1	0	3	0
1	41	0.0	0.0633172119	1	0	5	0
1	157	0.0	0.054136603799	1	1	2	0
1	274	0.0	0.063317237176	1	0	3	0
1	227	0.0	0.064336386527	1	0	8	0
1	184	0.0	0.065394995075	1	0	2	1
1	92	0.0	0.059654384421	1	0	4	0
1	218	0.0	0.070605290796	1	0	2	0
1	120	0.0	0.070605189387	1	1	4	0
1	232	0.0	0.092639137995	1	1	3	0
1	166	0.0	0.054136782087	1	0	4	0
1	185	0.0	0.054136127118	1	1	4	8
1	191	0.0	0.059654076125	1	0	7	0
1	31	0.0	0.064336478716	1	0	7	0
1	5	0.0	0.064336355399	1	0	7	0
1	230	0.0	0.063317599834	1	0	4	0
1	148	0.0	0.054136806149	1	1	4	0
1	302	0.0	0.063317589889	1	0	4	0
1	237	0.0	0.064336400545	1	0	7	0
1	56	0.0	0.054136352228	1	1	5	5
1	90	0.0	0.059654379408	1	0	5	0
1	212	0.0	0.059654113387	1	0	8	0
1	229	0.0	0.059654061554	1	0	7	0
1	53	0.0	0.054136502878	1	0	6	0
1	96	0.0	0.155112242496	1	0	4	0
1	146	0.0	0.06331743925	1	0	5	0
1	0	0.0	0.063317450597	1	0	3	0
1	114	0.0	0.063317204695	1	0	4	0
1	190	0.0	0.05413685896	1	0	4	0
1	40	0.0	0.054136596968	1	2	4	2
1	268	0.0	0.054136410513	1	1	7	7
1	149	0.0	0.06539500367	1	0	4	0
1	21	0.0	0.054136733742	1	0	4	0
1	118	0.0	0.067512655568	1	0	4	0
1	12	0.0	0.063317159357	1	0	4	0
1	167	0.0	0.054136603672	1	1	7	10
1	95	0.0	0.065395077104	1	0	3	0
1	246	0.0	0.054136704643	1	1	3	3
1	46	0.0	0.054136425313	1	1	4	10
1	103	0.0	0.05413644507	1	1	5	7
1	130	0.0	0.05413642333	1	0	4	0
1	11	0.0	0.054136350707	1	1	4	3
1	54	0.0	0.063316963296	1	0	3	0
1	175	0.0	0.054136638683	1	1	7	2
1	183	0.0	0.059654360772	1	0	4	0
1	36	0.0	0.062855593836	1	0	5	0
1	249	0.0	0.063317560198	1	0	4	0
1	6	0.0	0.054136547944	1	1	3	0
1	261	0.0	0.064336053362	1	0	6	0
1	73	0.0	0.054136150141	1	1	5	1
1	25	0.0	0.059654392698	1	1	5	0
1	259	0.0	0.074291525734	1	1	4	0
1	80	0.0	0.065395080743	1	0	2	0
1	85	0.0	0.064336354993	1	0	9	0
1	277	0.0	0.065395108481	1	0	5	0
1	289	0.0	0.079437932276	1	0	2	0
1	234	0.0	0.054136682022	1	0	3	0
1	256	0.0	0.054136698947	1	0	4	0
1	123	0.0	0.070605146901	1	0	5	0
1	16	0.0	0.054136817821	1	1	6	5
1	233	0.0	0.064336397885	1	0	8	0
1	213	0.0	0.063317413868	1	0	3	0
1	29	0.0	0.065395029676	1	0	4	0
1	69	0.0	0.066682312315	1	0	7	0
1	131	0.0	0.063317466739	1	0	5	0
1	178	0.0	0.092639318683	1	1	2	0
1	219	0.0	0.05413642963	1	0	4	0
1	78	0.0	0.092639316209	1	1	2	0
1	160	0.0	0.054136644745	1	0	4	0
1	119	0.0	0.054136592483	1	1	5	5
1	226	0.0	0.054136357821	1	1	5	7
1	255	0.0	0.070605182968	1	1	4	0
1	94	0.0	0.06645390564	1	1	5	0
1	265	0.0	0.054136413021	1	1	5	4
1	107	0.0	0.092639460983	1	1	2	0
1	231	0.0	0.059654378757	1	0	6	0
1	37	0.0	0.054136661407	1	0	6	0
1	262	0.0	0.054136731308	1	1	6	9
1	203	0.0	0.065395175239	1	0	3	0
1	67	0.0	0.064336362657	1	0	9	0
1	110	0.0	0.0541367922	1	0	5	0
1	301	0.0	0.060764779071	1	0	4	0
1	251	0.0	0.155112185463	1	0	4	0
1	15	0.0	0.054136801574	1	1	5	0
1	108	0.0	0.065395179555	1	0	5	0
1	260	0.0	0.064336392193	1	0	7	0
1	186	0.0	0.092639252095	1	1	2	0
1	173	0.0	0.054136811717	1	1	8	6
1	93	0.0	0.0666823369	1	1	3	0
1	179	0.0	0.054136397739	1	1	5	3
1	128	0.0	0.054136585552	1	0	4	0
1	20	0.0	0.060764756307	1	0	4	0
1	63	0.0	0.065395165985	1	0	5	4
1	267	0.0	0.063317463648	1	0	3	0
1	239	0.0	0.063317384639	1	0	6	0
1	162	0.0	0.065395090845	1	1	2	0
1	300	0.0	0.054136740852	1	0	4	0
1	278	0.0	0.054136394472	1	1	7	7
1	271	0.0	0.063317468113	1	0	3	2
1	279	0.0	0.054136572868	1	1	4	1
1	68	0.0	0.064336475215	1	0	8	0
1	299	0.0	0.054136855158	1	0	4	0
1	1	0.0	0.054136606774	1	1	6	2
1	288	0.0	0.063317612806	1	0	5	0
1	47	0.0	0.054136443889	1	0	2	0
1	257	0.0	0.054136848974	1	1	5	1
1	269	0.0	0.06076472137	1	0	5	4
1	165	0.0	0.054136778119	1	1	6	3
1	64	0.0	0.06433634625	1	0	9	0
1	182	0.0	0.05413662586	1	1	7	3
1	201	0.0	0.054136714117	1	1	6	4
1	82	0.0	0.079437748811	1	0	2	0
1	44	0.0	0.063317679432	1	0	8	0
1	156	0.0	0.054136859007	1	1	5	3
1	84	0.0	0.062855482215	1	0	3	0
1	163	0.0	0.063317331894	1	0	3	0
1	81	0.0	0.063317356822	1	0	4	0
1	171	0.0	0.070605035975	1	0	5	0
1	87	0.0	0.059654397705	1	0	6	0
1	8	0.0	0.063317499599	1	0	6	0
1	303	0.0	0.063317172062	1	0	5	0
1	304	0.0	0.065395083885	1	0	2	0
1	211	0.0	0.059654398348	1	0	6	0
1	24	0.0	0.054136645603	1	0	4	0
1	224	0.0	0.066682362723	1	0	4	0
1	275	0.0	0.062855415007	1	0	2	0
1	247	0.0	0.064336106707	1	0	6	0
1	159	0.0	0.054136582112	1	0	6	0
1	76	0.0	0.054136759004	1	0	6	0
1	258	0.0	0.066682353885	1	0	5	0
1	18	0.0	0.064336092929	1	0	4	0
1	58	0.0	0.054136386118	1	1	6	10
1	294	0.0	0.063317164718	1	0	4	0
1	296	0.0	0.067512683327	1	0	4	0
1	27	0.0	0.063317165228	1	0	5	0
1	253	0.0	0.065395062726	1	0	4	0
1	264	0.0	0.064336383598	1	0	7	0
1	74	0.0	0.054136422477	1	0	4	0
1	83	0.0	0.054136078713	1	1	5	3
1	121	0.0	0.054136833111	1	2	5	2
1	238	0.0	0.092639348603	1	1	3	0
1	147	0.0	0.066682383794	1	0	4	0
1	196	0.0	0.059654504561	1	0	4	0
1	3	0.0	0.155112250036	1	0	4	0
1	4	0.0	0.059654403459	1	0	6	0
1	197	0.0	0.054136631099	1	1	4	4
1	7	0.0	0.079437732589	1	0	1	0
1	10	0.0	0.054136804177	1	0	7	0
1	199	0.0	0.054136132768	1	1	4	7
1	14	0.0	0.054136329397	1	1	2	3
1	17	0.0	0.060764723055	1	0	5	0
1	19	0.0	0.054136755384	1	0	6	0
1	22	0.0	0.156144824696	1	0	2	0
1	32	0.0	0.059654409448	1	0	6	0
1	33	0.0	0.054136870127	1	0	9	0
1	34	0.0	0.06331754188	1	0	7	0
1	35	0.0	0.064336266373	1	0	5	0
1	39	0.0	0.054136553128	1	1	7	10
1	200	0.0	0.060764727459	1	0	5	0
1	202	0.0	0.054136484789	1	1	4	3
1	45	0.0	0.066682018282	1	0	5	0
1	48	0.0	0.062855561652	1	0	3	0
1	49	0.0	0.063317349535	1	0	6	0
1	50	0.0	0.06433641161	1	0	9	0
1	55	0.0	0.054136719297	1	1	5	0
1	57	0.0	0.062855591073	1	1	2	0
1	59	0.0	0.064336226546	1	0	6	0
1	207	0.0	0.05413679469	1	1	7	4
1	60	0.0	0.054136756217	1	0	5	0
1	209	0.0	0.054136329622	1	1	4	8
1	61	0.0	0.054136154913	1	1	3	6
1	66	0.0	0.064336387174	1	0	8	0
1	70	0.0	0.063317596102	1	0	6	0
1	72	0.0	0.079437551455	1	0	1	0
1	194	0.0	0.092639041705	1	1	2	1
1	272	0.0	0.054136176989	1	1	3	6
1	270	0.0	0.092639276806	1	1	2	0
1	77	0.0	0.066682309205	1	0	7	0
1	79	0.0	0.06076476645	1	0	4	0
1	217	0.0	0.066682052631	1	0	4	0
1	86	0.0	0.063317209288	1	0	4	0
1	220	0.0	0.054136739695	1	0	6	0
1	88	0.0	0.054136561279	1	0	5	0
1	221	0.0	0.063317296512	1	0	3	0
1	91	0.0	0.06433622737	1	0	6	0
1	97	0.0	0.092639423153	1	1	5	1
1	228	0.0	0.059654081112	1	0	4	0
1	295	0.0	0.063317187027	1	0	5	0
1	100	0.0	0.064336419936	1	0	8	0
1	102	0.0	0.064336488299	1	0	6	0
1	273	0.0	0.05413678015	1	2	5	7
1	104	0.0	0.070605159588	1	0	5	0
1	105	0.0	0.054136634406	1	0	6	0
1	276	0.0	0.063317313861	1	0	3	0
1	109	0.0	0.054136830257	1	0	6	0
1	235	0.0	0.070605158782	1	0	3	0
1	195	0.0	0.054136757199	1	1	4	0
1	111	0.0	0.064336040137	1	0	6	0
1	112	0.0	0.059654416583	1	0	6	1
1	240	0.0	0.155112665789	1	0	3	0
1	280	0.0	0.054136427771	1	0	4	0
1	115	0.0	0.054136829221	1	1	7	8
1	116	0.0	0.054136537376	1	0	6	0
1	117	0.0	0.054136605641	1	2	5	6
1	241	0.0	0.0596544252	1	0	6	0
1	281	0.0	0.059654396071	1	0	6	0
1	242	0.0	0.064336371586	1	0	6	0
1	244	0.0	0.063317520558	1	0	5	0
1	248	0.0	0.0541368517	1	1	7	2
1	283	0.0	0.059654574922	1	0	3	0
1	250	0.0	0.060764785413	1	0	4	0
1	284	0.0	0.063317520889	1	0	3	0
1	124	0.0	0.064336099197	1	0	6	0
1	285	0.0	0.062855575764	1	0	6	0
1	286	0.0	0.0666823086	1	0	5	2
1	287	0.0	0.079437520039	1	0	1	0
1	252	0.0	0.074291356832	1	1	4	0
1	254	0.0	0.064336123662	1	0	3	0
1	125	0.0	0.06285562515	1	0	5	0
1	126	0.0	0.059654202156	1	0	6	0
1	127	0.0	0.064336470691	1	0	8	0
1	290	0.0	0.063317411006	1	0	6	0
1	132	0.0	0.059654085798	1	0	7	0
1	136	0.0	0.060764735979	1	0	4	0
1	137	0.0	0.05413619976	1	1	2	5
1	138	0.0	0.074291456875	1	1	4	0
1	141	0.0	0.054136287924	1	1	5	3
1	152	0.0	0.155112519584	1	0	4	0
1	297	0.0	0.054136785016	1	0	7	0
1	154	0.0	0.06539499929	1	0	2	0
1	291	0.0	0.054136746399	1	1	7	7
1	164	0.0	0.054136738131	1	1	6	0
1	293	0.0	0.092639465312	1	1	5	0
1	168	0.0	0.054136751639	1	0	7	0
1	169	0.0	0.059654394127	1	0	6	0
1	170	0.0	0.054136808315	1	1	6	1
1	266	0.0	0.066682297393	1	0	5	0
1	172	0.0	0.05965439035	1	0	6	0
1	174	0.0	0.054136665879	1	1	7	5
1	180	0.0	0.063317697515	1	0	5	0
1	188	0.0	0.063317418447	1	0	6	0
1	189	0.0	0.054136666118	1	1	4	5
1	192	0.0	0.054136762014	1	1	7	6
1	193	0.0	0.064362729031	1	0	8	0
2	37	NA 	 NA 	0	0	0	0
2	67	NA 	 NA 	0	0	0	0
2	137	NA 	 NA 	0	0	0	0
2	256	NA 	 NA 	0	0	0	0
2	273	NA 	 NA 	0	0	0	0
2	197	NA 	 NA 	0	0	0	0
2	45	NA 	 NA 	0	0	0	0
2	188	NA 	 NA 	0	0	0	0
2	127	NA 	 NA 	0	0	0	0
2	77	NA 	 NA 	0	0	0	0
2	7	NA 	 NA 	0	0	0	0
2	95	NA 	 NA 	0	0	0	0
2	260	0.0	0.059927369274	1	0	7	0
2	169	0.0	0.059927553875	1	0	9	0
2	182	0.0	0.067130274201	1	0	3	0
2	71	0.0	0.062826102065	1	0	9	0
2	83	0.0	0.073271790129	1	0	3	0
2	153	0.0	0.054149569763	1	0	10	0
2	126	0.0	0.093631525461	1	1	0	0
2	48	0.0	0.06491668366	1	0	6	0
2	79	0.0	0.067130239699	1	0	5	0
2	173	0.0	0.073271847045	1	0	4	0
2	108	0.0	0.855137652719	1	0	3	0
2	115	0.0	0.073935083801	1	0	4	0
2	281	0.0	0.073935010307	1	0	5	0
2	276	0.0	0.064233133926	1	0	2	0
2	133	0.0	0.054149468569	1	0	11	0
2	275	0.0	0.073271726824	1	0	2	0
2	78	0.0	0.090823575887	1	1	2	0
2	242	0.0	0.062056990264	1	0	4	0
2	81	0.0	0.054149834613	1	0	12	0
2	283	0.0	0.054149545632	1	0	7	1
2	211	0.0	0.062826030767	1	0	9	0
2	172	0.0	0.063858392438	1	0	2	0
2	52	0.0	0.067130021421	1	0	2	0
2	263	0.0	0.062826291159	1	0	8	0
2	193	0.0	0.054149649638	1	0	10	0
2	288	0.0	0.064233152924	1	0	2	0
2	59	0.0	0.067129996935	1	0	3	0
2	41	0.0	0.060985757078	1	0	3	0
2	98	0.0	0.064233199839	1	0	2	0
2	208	0.0	0.054149788855	1	1	10	1
2	266	0.0	0.054149277289	1	1	6	6
2	297	0.0	0.054149422878	1	1	8	4
2	58	0.0	0.05992760282	1	0	9	0
2	299	0.0	0.067130021537	1	0	3	0
2	159	0.0	0.062825987511	1	0	6	0
2	271	0.0	0.062826267463	1	0	6	0
2	29	0.0	0.06713012373	1	0	4	2
2	31	0.0	0.054149624835	1	0	8	0
2	85	0.0	0.062057110825	1	0	6	0
2	279	0.0	0.059927524215	1	0	8	0
2	179	0.0	0.06282617548	1	0	10	0
2	66	0.0	0.067129850716	1	0	1	0
2	222	0.0	0.090823758225	1	1	2	0
2	80	0.0	0.054149763782	1	1	11	0
2	304	0.0	0.054149418699	1	1	6	6
2	248	0.0	0.05414952802	1	1	6	4
2	166	0.0	0.059927301979	1	0	9	0
2	148	0.0	0.062057018751	1	0	2	0
2	104	0.0	0.054149258767	1	1	5	4
2	233	0.0	0.059927191897	1	0	6	0
2	213	0.0	0.060985796654	1	0	4	0
2	217	0.0	0.054149590153	1	0	8	0
2	186	0.0	0.073934612658	1	0	5	0
2	74	0.0	0.067130329186	1	1	4	0
2	144	0.0	0.062826312074	1	0	8	0
2	36	0.0	0.054149355994	1	1	9	4
2	286	0.0	0.063858407499	1	1	0	0
2	171	0.0	0.062826068423	1	0	9	0
2	138	0.0	0.09082392863	1	1	3	1
2	224	0.0	0.054149572858	1	0	8	0
2	111	0.0	0.05414974507	1	2	9	7
2	51	0.0	0.054149226334	1	1	5	4
2	146	0.0	0.054149246613	1	1	5	4
2	90	0.0	0.054149588629	1	2	6	6
2	151	0.0	0.06282621157	1	0	9	0
2	13	0.0	0.062826181738	1	0	6	0
2	1	0.0	0.081627011731	1	0	1	0
2	269	0.0	0.05414953219	1	1	8	6
2	101	0.0	0.054149257113	1	1	9	10
2	129	0.0	0.054149451448	1	1	8	11
2	245	0.0	0.062056927742	1	0	4	0
2	177	0.0	0.054149458893	1	1	7	1
2	114	0.0	0.054149574273	1	1	7	4
2	202	0.0	0.067129807689	1	1	1	0
2	136	0.0	0.062826063189	1	0	9	0
2	152	0.0	0.06699526715	1	0	1	0
2	201	0.0	0.059927342843	1	0	5	0
2	91	0.0	0.081626931036	1	0	2	0
2	131	0.0	0.054149104734	1	1	7	4
2	20	0.0	0.054149787754	1	1	3	4
2	5	0.0	0.064916707293	1	0	6	0
2	65	0.0	0.054149851447	1	0	6	0
2	280	0.0	0.054149222632	1	1	5	10
2	212	0.0	0.067130229091	1	0	4	0
2	162	0.0	0.076988310676	1	0	4	0
2	227	0.0	0.054149644983	1	1	4	5
2	284	0.0	0.06098589888	1	0	3	0
2	11	0.0	0.054149760764	1	2	5	9
2	150	0.0	0.059927190021	1	0	5	0
2	63	0.0	0.073271603916	1	0	2	0
2	206	0.0	0.062826323064	1	0	3	0
2	47	0.0	0.081626789656	1	0	3	0
2	30	0.0	0.054149506618	1	0	8	0
2	221	0.0	0.054149142906	1	1	8	2
2	196	0.0	0.06712996027	1	0	3	0
2	139	0.0	0.062826004222	1	0	6	0
2	204	0.0	0.063858405658	1	0	7	0
2	88	0.0	0.063858413901	1	0	5	0
2	60	0.0	0.054149746919	1	1	10	0
2	145	0.0	0.073271466506	1	0	2	0
2	265	0.0	0.054149619073	1	1	5	4
2	250	0.0	0.059927264239	1	0	5	0
2	130	0.0	0.05414983322	1	0	7	0
2	84	0.0	0.054149497587	1	1	7	4
2	190	0.0	0.06713017426	1	0	8	0
2	155	0.0	0.073934811952	1	0	4	0
2	267	0.0	0.054149550818	1	1	5	11
2	239	0.0	0.054149858253	1	1	4	4
2	214	0.0	0.054149242423	1	1	9	3
2	4	0.0	0.059927289423	1	0	6	0
2	223	0.0	0.06282625188	1	0	4	0
2	174	0.0	0.064917002884	1	0	5	0
2	291	0.0	0.059927373555	1	0	7	0
2	109	0.0	0.054149773304	1	0	9	0
2	140	0.0	0.05992753384	1	0	9	0
2	27	0.0	0.07393440463	1	0	5	0
2	142	0.0	0.073934908085	1	0	4	0
2	132	0.0	0.07393494181	1	0	4	0
2	125	0.0	0.054149490303	1	1	8	5
2	272	0.0	0.054149617803	1	0	8	0
2	19	0.0	0.054149553255	1	1	4	4
2	194	0.0	0.067129967633	1	0	3	0
2	54	0.0	0.059927535406	1	0	6	0
2	209	0.0	0.067130227173	1	1	4	0
2	24	0.0	0.054149721288	1	1	10	0
2	92	0.0	0.059927447713	1	0	6	0
2	120	0.0	0.062826152782	1	0	5	0
2	270	0.0	0.073271517005	1	0	2	0
2	55	0.0	0.059927169473	1	0	5	0
2	251	0.0	0.054149481148	1	1	6	2
2	285	0.0	0.054149424365	1	0	6	0
2	178	0.0	0.090823323678	1	1	2	0
2	295	0.0	0.081626780151	1	1	1	0
2	3	0.0	0.054149338026	1	1	4	4
2	15	0.0	0.06713016475	1	0	3	0
2	64	0.0	0.064916698328	1	0	8	0
2	203	0.0	0.059927558216	1	0	4	0
2	156	0.0	0.05414952145	1	0	5	0
2	44	0.0	0.059927053161	1	0	6	0
2	268	0.0	0.054149126416	1	1	8	6
2	230	0.0	0.067130152516	1	0	3	0
2	187	0.0	0.054149111442	1	1	8	11
2	110	0.0	0.062056908295	1	0	3	0
2	241	0.0	0.06712979715	1	0	2	0
2	35	0.0	0.073934674764	1	0	6	0
2	99	0.0	0.059927146473	1	0	7	0
2	195	0.0	0.054149676951	1	1	6	0
2	161	0.0	0.05414973502	1	0	9	0
2	122	0.0	0.054149454255	1	1	9	0
2	93	0.0	0.062826251739	1	0	8	0
2	287	0.0	0.054149858302	1	1	10	0
2	225	0.0	0.067129967478	1	0	3	0
2	226	0.0	0.054149810228	1	0	8	0
2	234	0.0	0.054149636955	1	1	9	0
2	232	0.0	0.067130206047	1	0	4	0
2	175	0.0	0.067130209644	1	0	3	0
2	89	0.0	0.054149473333	1	1	7	3
2	261	0.0	0.059927501363	1	0	6	0
2	254	0.0	0.054149796645	1	0	8	0
2	255	0.0	0.059927546933	1	0	7	0
2	243	0.0	0.062826246766	1	0	10	0
2	68	0.0	0.067130338983	1	1	6	0
2	154	0.0	0.054149646665	1	1	6	6
2	26	0.0	0.054149856549	1	0	8	0
2	141	0.0	0.059927577561	1	0	5	0
2	107	0.0	0.060985903441	1	0	5	0
2	50	0.0	0.059927189784	1	0	7	0
2	157	0.0	0.06713001351	1	0	3	0
2	57	0.0	0.054149357281	1	1	5	10
2	237	0.0	0.05992742763	1	0	8	0
2	247	0.0	0.07393488701	1	0	4	0
2	123	0.0	0.054149636674	1	0	8	0
2	75	0.0	0.054149767181	1	2	5	3
2	191	0.0	0.059927398609	1	0	7	0
2	176	0.0	0.073935038876	1	1	3	0
2	210	0.0	0.059927523127	1	0	8	0
2	294	0.0	0.059927526736	1	0	8	0
2	18	0.0	0.073934513239	1	0	4	0
2	113	0.0	0.060985791179	1	0	4	0
2	22	0.0	0.054149251798	1	1	5	2
2	82	0.0	0.059927494878	1	0	6	0
2	300	0.0	0.073271497219	1	1	0	0
2	100	0.0	0.067129829312	1	0	2	0
2	143	0.0	0.0732715259	1	0	1	0
2	228	0.0	0.054149536901	1	0	8	0
2	73	0.0	0.054149152712	1	1	4	6
2	97	0.0	0.059927200394	1	0	7	0
2	76	0.0	0.067130103666	1	0	4	0
2	262	0.0	0.090823623898	1	1	3	0
2	112	0.0	0.054149503078	1	0	11	0
2	0	0.0	0.054149285268	1	1	8	4
2	2	0.0	0.059927467978	1	0	6	0
2	6	0.0	0.067129909563	1	0	3	0
2	8	0.0	0.054149431864	1	1	8	11
2	303	0.0	0.054149631797	1	0	7	0
2	198	0.0	0.062826165062	1	0	10	0
2	9	0.0	0.090823706046	1	1	3	1
2	10	0.0	0.067130107176	1	0	4	0
2	199	0.0	0.064233088416	1	0	1	0
2	12	0.0	0.062826047669	1	0	9	0
2	200	0.0	0.064917060679	1	0	5	0
2	14	0.0	0.067130167086	1	0	3	0
2	16	0.0	0.054149622471	1	0	6	0
2	17	0.0	0.054149596791	1	0	9	0
2	21	0.0	0.062826261851	1	0	4	0
2	23	0.0	0.059927427507	1	1	5	0
2	274	0.0	0.054149146934	1	1	8	11
2	25	0.0	0.067130073071	1	1	2	0
2	28	0.0	0.054149701007	1	0	10	0
2	205	0.0	0.064917094836	1	0	5	0
2	32	0.0	0.067129874749	1	0	3	0
2	33	0.0	0.054149837378	1	0	7	0
2	34	0.0	0.05992731944	1	0	5	0
2	207	0.0	0.073934614037	1	0	3	0
2	293	0.0	0.067129961333	1	0	3	0
2	38	0.0	0.059927393673	1	0	7	0
2	39	0.0	0.060985833213	1	0	3	0
2	40	0.0	0.05992707465	1	0	6	0
2	42	0.0	0.067129819273	1	0	2	0
2	43	0.0	0.06713033526	1	0	8	0
2	46	0.0	0.054149819559	1	0	8	0
2	49	0.0	0.054149450986	1	1	4	11
2	277	0.0	0.063858314262	1	0	6	0
2	215	0.0	0.054149594591	1	1	8	0
2	216	0.0	0.059926996645	1	0	6	0
2	278	0.0	0.073271540518	1	0	2	0
2	53	0.0	0.054149579737	1	0	7	0
2	218	0.0	0.060985853129	1	0	4	0
2	56	0.0	0.059927393865	1	0	7	0
2	296	0.0	0.062056967738	1	0	4	0
2	219	0.0	0.059927166418	1	0	6	0
2	220	0.0	0.059927334752	1	0	10	0
2	61	0.0	0.05414959741	1	1	4	6
2	62	0.0	0.054149591525	1	0	7	0
2	69	0.0	0.0739349669	1	0	4	0
2	70	0.0	0.05414980157	1	0	8	0
2	72	0.0	0.060985752619	1	0	4	0
2	229	0.0	0.07393461205	1	0	4	0
2	231	0.0	0.054149870128	1	1	5	3
2	86	0.0	0.059927453413	1	0	5	0
2	87	0.0	0.090823514954	1	1	2	0
2	235	0.0	0.059927256605	1	0	10	0
2	236	0.0	0.059927585508	1	0	6	0
2	238	0.0	0.067129986244	1	0	4	0
2	94	0.0	0.054149765189	1	1	11	1
2	282	0.0	0.073934740341	1	0	4	0
2	240	0.0	0.05992730178	1	0	6	0
2	96	0.0	0.054149461477	1	1	7	11
2	244	0.0	0.05414943893	1	1	4	5
2	102	0.0	0.07393479208	1	0	6	0
2	103	0.0	0.062057008686	1	0	4	0
2	105	0.0	0.054149280864	1	1	5	4
2	106	0.0	0.064916719461	1	0	5	0
2	246	0.0	0.059927209529	1	0	7	0
2	249	0.0	0.054149423331	1	1	4	4
2	252	0.0	0.059927586162	1	0	9	0
2	253	0.0	0.090823520471	1	1	1	0
2	116	0.0	0.059927361412	1	0	5	0
2	117	0.0	0.054149810035	1	1	11	6
2	257	0.0	0.073934623366	1	0	4	0
2	118	0.0	0.067129823107	1	0	1	0
2	119	0.0	0.067129985521	1	0	3	0
2	258	0.0	0.067130163345	1	0	3	0
2	259	0.0	0.081626773916	1	0	2	0
2	121	0.0	0.054149212491	1	1	8	0
2	289	0.0	0.062826243067	1	0	10	0
2	124	0.0	0.054149474509	1	0	8	0
2	301	0.0	0.062057058614	1	0	6	0
2	290	0.0	0.054149634	1	0	8	0
2	264	0.0	0.054149608712	1	0	11	0
2	128	0.0	0.090823933888	1	1	3	0
2	134	0.0	0.07393488458	1	0	4	0
2	135	0.0	0.064233169886	1	1	3	0
2	298	0.0	0.054149727715	1	0	10	0
2	147	0.0	0.059927579269	1	0	5	0
2	149	0.0	0.064916671943	1	0	6	0
2	158	0.0	0.054149168708	1	1	8	4
2	160	0.0	0.073934885985	1	0	4	0
2	163	0.0	0.05414973132	1	1	10	0
2	164	0.0	0.060985808162	1	0	4	0
2	165	0.0	0.054149817677	1	0	6	0
2	167	0.0	0.060985782725	1	0	4	0
2	168	0.0	0.064916984204	1	0	6	0
2	170	0.0	0.059927562313	1	0	9	0
2	180	0.0	0.073271720384	1	0	3	0
2	181	0.0	0.054149430073	1	1	4	4
2	183	0.0	0.067129838627	1	0	3	0
2	302	0.0	0.059927287555	1	0	6	0
2	184	0.0	0.07393463512	1	0	3	0
2	185	0.0	0.067130162876	1	0	3	0
2	292	0.0	0.059927557872	1	0	5	0
2	189	0.0	0.060985940245	1	0	4	0
2	192	0.0	0.054149601289	1	0	9	0
3	59	NA 	 NA 	0	0	0	0
3	134	NA 	 NA 	0	0	0	0
3	4	NA 	 NA 	0	0	0	0
3	50	NA 	 NA 	0	0	0	0
3	15	NA 	 NA 	0	0	0	0
3	219	NA 	 NA 	0	0	0	0
3	274	NA 	 NA 	0	0	0	0
3	86	NA 	 NA 	0	0	0	0
3	147	NA 	 NA 	0	0	0	0
3	90	NA 	 NA 	0	0	0	0
3	198	NA 	 NA 	0	0	0	0
3	110	NA 	 NA 	0	0	0	0
3	129	NA 	 NA 	0	0	0	0
3	126	0.0	0.063076397648	1	0	2	0
3	300	0.0	0.063076678633	1	0	2	0
3	85	0.0	0.054188776345	1	1	3	3
3	215	0.0	0.061188499754	1	0	7	0
3	67	0.0	0.155143049367	1	0	1	0
3	40	0.0	0.054188858262	1	1	4	5
3	237	0.0	0.054188274867	1	0	6	0
3	76	0.0	0.067546912219	1	0	6	0
3	117	0.0	0.155143001375	1	0	1	0
3	1	0.0	0.059862653347	1	0	4	0
3	163	0.0	0.05418825152	1	1	4	2
3	10	0.0	0.155142918207	1	0	2	0
3	81	0.0	0.091134401766	1	1	0	0
3	179	0.0	0.066462370803	1	0	7	0
3	35	0.0	0.054188330583	1	0	1	0
3	100	0.0	0.155143007059	1	0	3	0
3	97	0.0	0.059862444835	1	0	7	0
3	294	0.0	0.059862577942	1	0	5	0
3	125	0.0	0.054188764244	1	0	8	0
3	176	0.0	0.054188852945	1	1	5	4
3	252	0.0	0.063076957392	1	0	9	0
3	290	0.0	0.067546898847	1	0	5	0
3	263	0.0	0.060921045393	1	1	2	0
3	56	0.0	0.054188524645	1	1	4	5
3	188	0.0	0.059862730286	1	0	7	0
3	41	0.0	0.0541884346	1	0	5	0
3	71	0.0	0.059862692223	1	0	7	0
3	9	0.0	0.067507943684	1	0	1	0
3	128	0.0	0.063076614631	1	0	5	0
3	258	0.0	0.060920895438	1	0	5	0
3	37	0.0	0.061188285386	1	0	5	0
3	272	0.0	0.059862460527	1	0	8	0
3	226	0.0	0.255386793834	1	1	0	0
3	109	0.0	0.054188098367	1	0	3	0
3	79	0.0	0.059862519528	1	0	3	0
3	171	0.0	0.060920856729	1	0	3	0
3	279	0.0	0.155142987786	1	0	3	0
3	249	0.0	0.155143068481	1	0	2	0
3	44	0.0	0.07695155775	1	0	5	0
3	244	0.0	0.081465269644	1	1	1	0
3	182	0.0	0.060920895513	1	0	3	0
3	213	0.0	0.059862290397	1	0	8	0
3	173	0.0	0.155143012207	1	0	2	0
3	6	0.0	0.067546833043	1	1	3	0
3	167	0.0	0.059862233103	1	0	8	0
3	265	0.0	0.054188302513	1	0	4	0
3	18	0.0	0.059862615135	1	1	2	0
3	165	0.0	0.054188483288	1	1	3	3
3	180	0.0	0.059862642694	1	0	3	0
3	102	0.0	0.05418836168	1	0	6	0
3	83	0.0	0.061188320318	1	0	7	0
3	220	0.0	0.059862649742	1	0	7	0
3	287	0.0	0.063076884536	1	0	2	0
3	98	0.0	0.067615949733	1	0	4	0
3	196	0.0	0.063076915519	1	0	2	0
3	194	0.0	0.054188839507	1	1	4	0
3	281	0.0	0.054188586815	1	0	3	0
3	26	0.0	0.063076571429	1	0	1	0
3	162	0.0	0.054188750633	1	1	3	0
3	25	0.0	0.061188294282	1	0	6	0
3	260	0.0	0.063076680754	1	0	2	0
3	259	0.0	0.061188408791	1	0	7	0
3	137	0.0	0.054188640306	1	1	6	2
3	124	0.0	0.054188780991	1	2	3	3
3	122	0.0	0.054188111442	1	0	3	0
3	211	0.0	0.061188350456	1	0	5	0
3	282	0.0	0.155142942622	1	0	1	0
3	271	0.0	0.06118839645	1	0	5	0
3	49	0.0	0.054188584164	1	0	7	0
3	118	0.0	0.05418842887	1	2	1	2
3	131	0.0	0.067616394863	1	1	2	0
3	112	0.0	0.054188290602	1	0	4	6
3	183	0.0	0.059862697073	1	0	7	0
3	61	0.0	0.054188659425	1	0	9	0
3	243	0.0	0.061187964711	1	0	4	0
3	30	0.0	0.0541884598	1	1	3	4
3	8	0.0	0.054188461953	1	1	3	1
3	77	0.0	0.054188198076	1	0	3	0
3	174	0.0	0.054188638017	1	1	6	2
3	57	0.0	0.066462470465	1	0	7	0
3	195	0.0	0.061188117775	1	0	4	0
3	52	0.0	0.060920725806	1	0	3	0
3	146	0.0	0.054188346559	1	0	5	0
3	12	0.0	0.062324649224	1	0	5	0
3	299	0.0	0.054188287468	1	0	3	0
3	78	0.0	0.061188372022	1	0	7	0
3	255	0.0	0.063076967857	1	0	7	0
3	68	0.0	0.061188329341	1	0	5	0
3	216	0.0	0.054188303024	1	0	3	0
3	256	0.0	0.155142848797	1	0	1	0
3	205	0.0	0.062324652057	1	0	5	0
3	54	0.0	0.079270742366	1	0	1	0
3	141	0.0	0.062324655085	1	0	5	0
3	87	0.0	0.061188063659	1	0	6	0
3	33	0.0	0.059862247685	1	0	9	0
3	278	0.0	0.067615894997	1	0	4	0
3	75	0.0	0.059862668252	1	0	4	0
3	262	0.0	0.061188560189	1	0	5	0
3	153	0.0	0.059862534961	1	0	6	0
3	273	0.0	0.061188079313	1	0	5	0
3	130	0.0	0.067616031839	1	0	4	0
3	181	0.0	0.054188249634	1	0	6	0
3	103	0.0	0.067615899253	1	0	4	0
3	121	0.0	0.061188493823	1	0	8	0
3	149	0.0	0.060920912905	1	0	3	0
3	264	0.0	0.054188844566	1	0	6	0
3	60	0.0	0.054188756041	1	1	6	0
3	291	0.0	0.054188646733	1	0	10	0
3	285	0.0	0.155142915669	1	0	1	0
3	208	0.0	0.061188470712	1	0	8	0
3	283	0.0	0.059862271392	1	0	8	0
3	42	0.0	0.07695161702	1	0	4	0
3	202	0.0	0.059862381709	1	0	8	0
3	150	0.0	0.059862630565	1	0	7	0
3	214	0.0	0.15514291535	1	0	1	0
3	190	0.0	0.059862125127	1	0	9	0
3	185	0.0	0.054188755712	1	1	4	2
3	166	0.0	0.061188416591	1	0	8	0
3	248	0.0	0.054188112646	1	0	3	0
3	136	0.0	0.059861950613	1	0	10	0
3	298	0.0	0.155142989123	1	0	1	0
3	204	0.0	0.059862419351	1	0	6	0
3	296	0.0	0.059862319231	1	0	8	0
3	207	0.0	0.061187898703	1	0	4	0
3	242	0.0	0.066462483491	1	0	8	0
3	88	0.0	0.054188476833	1	0	3	0
3	155	0.0	0.06118835889	1	0	5	0
3	120	0.0	0.054188389695	1	0	5	0
3	192	0.0	0.155142893757	1	0	1	0
3	193	0.0	0.059862500755	1	0	7	0
3	106	0.0	0.054188357198	1	1	4	2
3	101	0.0	0.06754703306	1	0	5	0
3	189	0.0	0.054188604918	1	0	8	0
3	253	0.0	0.060920797657	1	0	2	0
3	233	0.0	0.071975869385	1	1	0	0
3	45	0.0	0.05418864858	1	0	5	0
3	286	0.0	0.059862534958	1	0	3	0
3	201	0.0	0.059862553356	1	0	7	0
3	203	0.0	0.061188103824	1	0	6	0
3	212	0.0	0.094406609624	1	1	1	0
3	275	0.0	0.054188597649	1	1	5	1
3	115	0.0	0.06118794916	1	0	4	0
3	95	0.0	0.067546565263	1	0	5	0
3	47	0.0	0.059862251991	1	0	8	0
3	168	0.0	0.059862447723	1	0	7	0
3	267	0.0	0.05418886141	1	1	9	0
3	28	0.0	0.05986230845	1	0	8	0
3	92	0.0	0.155142585676	1	0	2	0
3	142	0.0	0.054188432511	1	1	3	5
3	94	0.0	0.067615948787	1	0	2	0
3	31	0.0	0.059862209574	1	0	7	0
3	63	0.0	0.054188501786	1	0	7	0
3	119	0.0	0.067616420162	1	0	3	0
3	104	0.0	0.05986243136	1	0	7	0
3	96	0.0	0.064072131072	1	0	5	0
3	38	0.0	0.059862687268	1	0	3	0
3	53	0.0	0.054188413244	1	1	2	3
3	251	0.0	0.061188369381	1	0	6	0
3	261	0.0	0.06118812296	1	0	6	6
3	11	0.0	0.059862659717	1	0	7	0
3	3	0.0	0.054188866764	1	1	4	0
3	268	0.0	0.054188092945	1	0	3	0
3	239	0.0	0.054188735986	1	0	4	0
3	21	0.0	0.062324646781	1	0	4	0
3	250	0.0	0.067616019929	1	0	1	0
3	17	0.0	0.155142962093	1	0	3	0
3	64	0.0	0.05418840472	1	1	4	3
3	143	0.0	0.059862201999	1	0	6	0
3	266	0.0	0.054188274381	1	0	2	0
3	156	0.0	0.094406662899	1	1	1	0
3	164	0.0	0.061187924139	1	0	4	0
3	217	0.0	0.15514299456	1	0	1	0
3	14	0.0	0.067615874245	1	0	4	0
3	65	0.0	0.061187971595	1	0	4	0
3	123	0.0	0.066462419983	1	1	4	0
3	113	0.0	0.054188740888	1	0	7	0
3	238	0.0	0.054188747442	1	0	9	0
3	34	0.0	0.059862114281	1	0	9	0
3	209	0.0	0.054188601675	1	1	2	6
3	22	0.0	0.054188784248	1	1	4	1
3	36	0.0	0.054188826047	1	1	5	2
3	223	0.0	0.061188387646	1	0	5	0
3	151	0.0	0.062324565494	1	0	4	0
3	170	0.0	0.061188271988	1	0	5	0
3	227	0.0	0.054188430811	1	1	6	4
3	197	0.0	0.061188492966	1	0	5	0
3	16	0.0	0.054188870945	1	1	4	3
3	254	0.0	0.061188090313	1	0	6	0
3	19	0.0	0.054188704376	1	1	3	0
3	160	0.0	0.054188757685	1	0	7	0
3	39	0.0	0.059862276945	1	0	7	0
3	114	0.0	0.081465281995	1	1	1	0
3	292	0.0	0.060921033577	1	0	3	0
3	295	0.0	0.054188811632	1	1	3	0
3	13	0.0	0.054188733745	1	0	5	0
3	224	0.0	0.060920859359	1	0	5	0
3	0	0.0	0.061187994128	1	0	5	0
3	2	0.0	0.059862556299	1	0	4	0
3	5	0.0	0.054188811599	1	0	5	6
3	7	0.0	0.067615909912	1	0	4	0
3	20	0.0	0.054188454332	1	1	3	1
3	218	0.0	0.060920928951	1	0	3	0
3	23	0.0	0.054188701007	1	0	5	0
3	221	0.0	0.155142697715	1	0	2	0
3	24	0.0	0.067615968335	1	0	2	0
3	280	0.0	0.061187981741	1	0	4	0
3	222	0.0	0.059862569416	1	0	4	0
3	27	0.0	0.061188146626	1	0	5	0
3	29	0.0	0.054188474072	1	1	4	2
3	32	0.0	0.061188305289	1	0	6	0
3	43	0.0	0.064072085462	1	0	5	0
3	46	0.0	0.063076484576	1	0	3	0
3	48	0.0	0.054188608765	1	0	4	0
3	51	0.0	0.061188450406	1	0	5	0
3	55	0.0	0.155143039418	1	0	2	0
3	58	0.0	0.054188171191	1	1	3	5
3	62	0.0	0.063076969192	1	0	9	0
3	66	0.0	0.054188802829	1	0	7	0
3	225	0.0	0.061188411265	1	0	5	0
3	228	0.0	0.059862707589	1	0	3	0
3	229	0.0	0.059862075691	1	0	9	0
3	230	0.0	0.067616273645	1	0	3	0
3	69	0.0	0.054188608017	1	1	8	0
3	284	0.0	0.060920996745	1	1	1	0
3	231	0.0	0.067615958277	1	0	4	0
3	301	0.0	0.061188129643	1	0	6	0
3	232	0.0	0.054188126521	1	0	3	0
3	70	0.0	0.155143183284	1	0	3	0
3	234	0.0	0.06307653488	1	0	4	0
3	72	0.0	0.05418844871	1	0	5	0
3	235	0.0	0.063076755885	1	0	5	0
3	73	0.0	0.061188449575	1	0	7	0
3	236	0.0	0.062324684101	1	0	5	0
3	74	0.0	0.156188492771	1	1	1	0
3	80	0.0	0.060920873656	1	0	5	0
3	82	0.0	0.059862577611	1	1	2	0
3	84	0.0	0.054188587172	1	0	3	0
3	89	0.0	0.061188141035	1	0	4	0
3	240	0.0	0.067615922791	1	0	4	0
3	91	0.0	0.054188759275	1	0	9	0
3	93	0.0	0.054188423745	1	0	5	0
3	99	0.0	0.060920845741	1	0	6	0
3	241	0.0	0.067616311872	1	0	4	0
3	245	0.0	0.061188199235	1	0	5	0
3	288	0.0	0.054188490046	1	1	5	0
3	105	0.0	0.054188384807	1	0	5	0
3	107	0.0	0.05986254266	1	0	6	0
3	210	0.0	0.059862542489	1	0	6	0
3	246	0.0	0.059862459021	1	0	7	0
3	247	0.0	0.061188427483	1	0	7	0
3	108	0.0	0.067615948568	1	0	2	0
3	289	0.0	0.067616279521	1	0	4	0
3	111	0.0	0.061188482578	1	0	5	0
3	116	0.0	0.059862534125	1	0	6	0
3	257	0.0	0.061188372022	1	0	5	0
3	127	0.0	0.155143029137	1	0	1	0
3	297	0.0	0.155142940677	1	0	1	0
3	293	0.0	0.059862605888	1	0	7	0
3	132	0.0	0.063076571016	1	0	5	0
3	133	0.0	0.067546878247	1	1	5	0
3	135	0.0	0.054188110302	1	0	3	0
3	138	0.0	0.061188350448	1	0	7	0
3	139	0.0	0.062324634682	1	1	3	0
3	140	0.0	0.054188680865	1	0	5	0
3	144	0.0	0.054188147508	1	1	3	4
3	145	0.0	0.054188246588	1	0	6	0
3	148	0.0	0.061188564319	1	0	6	0
3	152	0.0	0.054188534295	1	1	2	2
3	269	0.0	0.155143341957	1	0	3	0
3	154	0.0	0.059862199831	1	0	8	0
3	157	0.0	0.155143061984	1	0	1	0
3	158	0.0	0.061188475176	1	0	5	0
3	159	0.0	0.059862224746	1	0	8	0
3	161	0.0	0.06118819392	1	0	5	0
3	270	0.0	0.054188723129	1	0	4	0
3	169	0.0	0.067546500758	1	0	7	0
3	172	0.0	0.059862540715	1	0	4	0
3	175	0.0	0.054188867259	1	2	3	2
3	177	0.0	0.155142611233	1	0	2	0
3	178	0.0	0.061188316642	1	0	4	0
3	184	0.0	0.067546837745	1	1	3	0
3	186	0.0	0.155142966485	1	0	1	0
3	187	0.0	0.061188405587	1	0	7	0
3	191	0.0	0.155143301869	1	0	1	0
3	276	0.0	0.054188474503	1	0	7	0
3	199	0.0	0.067615931402	1	0	4	0
3	200	0.0	0.060920931954	1	0	2	0
3	277	0.0	0.067546869196	1	1	3	0
3	206	0.0	0.155142645296	1	0	2	0
4	40	NA 	 NA 	0	0	0	0
4	80	NA 	 NA 	0	0	0	0
4	204	NA 	 NA 	0	0	0	0
4	113	NA 	 NA 	0	0	0	0
4	20	NA 	 NA 	0	0	0	0
4	29	NA 	 NA 	0	0	0	0
4	164	NA 	 NA 	0	0	0	0
4	111	NA 	 NA 	0	0	0	0
4	98	NA 	 NA 	0	0	0	0
4	71	NA 	 NA 	0	0	0	0
4	106	NA 	 NA 	0	0	0	0
4	200	0.0	0.054149648829	1	1	3	0
4	150	0.0	0.09421653361	1	0	8	0
4	73	0.0	0.054149661981	1	0	5	0
4	35	0.0	0.063333208671	1	0	6	0
4	154	0.0	0.054149496344	1	0	8	0
4	16	0.0	0.063333048916	1	0	10	0
4	304	0.0	0.061500186335	1	0	3	0
4	59	0.0	0.063333306162	1	0	7	0
4	68	0.0	0.072063952486	1	0	2	0
4	123	0.0	0.058247022359	1	0	6	0
4	260	0.0	0.060280332098	1	0	4	0
4	5	0.0	0.058246640094	1	0	9	0
4	254	0.0	0.054149742809	1	1	12	1
4	183	0.0	0.086150995121	1	1	3	0
4	142	0.0	0.054149303696	1	1	4	2
4	269	0.0	0.096171952453	1	1	5	1
4	210	0.0	0.072064005769	1	0	3	0
4	82	0.0	0.060280084323	1	0	11	0
4	206	0.0	0.054149498598	1	0	11	0
4	70	0.0	0.060280432526	1	0	4	0
4	27	0.0	0.058246988271	1	0	10	0
4	251	0.0	0.063333030345	1	0	10	0
4	265	0.0	0.054149290531	1	1	5	2
4	273	0.0	0.05824720366	1	0	5	0
4	54	0.0	0.086150875234	1	1	3	0
4	141	0.0	0.054149407964	1	0	12	0
4	299	0.0	0.072064016862	1	0	3	0
4	165	0.0	0.058247060285	1	0	8	0
4	230	0.0	0.058246730865	1	0	8	0
4	116	0.0	0.054149857343	1	1	5	0
4	72	0.0	0.058247183745	1	0	7	0
4	91	0.0	0.059370471412	1	0	5	0
4	231	0.0	0.09138170886	1	1	2	0
4	96	0.0	0.086150334234	1	0	4	0
4	79	0.0	0.061767693622	1	0	9	0
4	171	0.0	0.086150976495	1	0	9	0
4	92	0.0	0.054149733483	1	0	12	0
4	270	0.0	0.05414977981	1	0	10	0
4	185	0.0	0.054149414532	1	1	9	1
4	101	0.0	0.05414968031	1	0	14	0
4	139	0.0	0.054149805684	1	0	7	0
4	6	0.0	0.063333042048	1	0	8	0
4	63	0.0	0.054149756426	1	1	8	0
4	168	0.0	0.063333313318	1	0	7	0
4	77	0.0	0.054149281835	1	0	6	20
4	223	0.0	0.054149452364	1	0	14	0
4	148	0.0	0.060280122114	1	0	9	0
4	126	0.0	0.054149416386	1	0	9	0
4	99	0.0	0.059370383767	1	0	5	0
4	84	0.0	0.063333403953	1	0	4	0
4	290	0.0	0.091381913721	1	1	2	0
4	216	0.0	0.086151009778	1	0	8	0
4	199	0.0	0.063333261114	1	0	5	0
4	176	0.0	0.072064107814	1	0	3	0
4	53	0.0	0.061767571798	1	0	9	0
4	62	0.0	0.059370236841	1	0	5	0
4	76	0.0	0.058246980724	1	0	7	0
4	105	0.0	0.054149509566	1	0	10	0
4	236	0.0	0.072064034292	1	0	5	0
4	297	0.0	0.091381678554	1	1	3	2
4	78	0.0	0.06333324751	1	0	8	0
4	114	0.0	0.054149810238	1	0	7	0
4	160	0.0	0.054149411604	1	0	7	0
4	128	0.0	0.072063984065	1	0	3	0
4	9	0.0	0.054149750534	1	1	10	0
4	102	0.0	0.054149851763	1	1	9	0
4	47	0.0	0.072063688315	1	0	2	0
4	229	0.0	0.072063829404	1	0	3	0
4	44	0.0	0.054149758991	1	0	6	0
4	191	0.0	0.05414983581	1	1	9	0
4	32	0.0	0.054149691791	1	1	10	1
4	253	0.0	0.058247150678	1	0	7	0
4	120	0.0	0.054149468701	1	0	10	0
4	14	0.0	0.05414954426	1	0	11	0
4	194	0.0	0.054149745791	1	0	7	0
4	158	0.0	0.054149819679	1	0	10	0
4	177	0.0	0.058247153141	1	0	4	0
4	195	0.0	0.072064213208	1	1	4	1
4	259	0.0	0.059370496234	1	0	5	0
4	205	0.0	0.054149855586	1	0	9	0
4	133	0.0	0.059370278505	1	0	5	0
4	125	0.0	0.061767709688	1	0	9	0
4	212	0.0	0.155076136973	1	0	5	0
4	241	0.0	0.054149551573	1	0	10	0
4	198	0.0	0.059370413051	1	0	6	0
4	215	0.0	0.054149833228	1	0	10	0
4	124	0.0	0.065411083461	1	0	4	0
4	274	0.0	0.060280141959	1	0	9	0
4	64	0.0	0.054149559565	1	0	6	0
4	38	0.0	0.06028012158	1	0	11	0
4	182	0.0	0.059370395727	1	0	5	0
4	30	0.0	0.054149501055	1	0	6	3
4	300	0.0	0.054149582118	1	1	11	0
4	221	0.0	0.058246872172	1	0	6	0
4	258	0.0	0.05824688964	1	0	6	0
4	21	0.0	0.096171859619	1	0	7	0
4	153	0.0	0.059370314701	1	0	5	0
4	56	0.0	0.058247072195	1	0	4	0
4	61	0.0	0.058247066781	1	0	8	0
4	155	0.0	0.054149596964	1	1	6	2
4	103	0.0	0.05937057247	1	1	3	0
4	301	0.0	0.054149597911	1	0	7	0
4	152	0.0	0.054149562781	1	0	10	0
4	151	0.0	0.054149274932	1	0	12	0
4	233	0.0	0.061767608025	1	0	9	0
4	296	0.0	0.061767596845	1	0	9	0
4	24	0.0	0.060280026577	1	0	9	0
4	3	0.0	0.054149427531	1	0	9	0
4	115	0.0	0.065411012449	1	0	4	0
4	278	0.0	0.054149541339	1	0	13	0
4	88	0.0	0.054149257005	1	0	6	0
4	239	0.0	0.060279977493	1	0	12	0
4	112	0.0	0.060280395854	1	1	5	0
4	268	0.0	0.054149713119	1	0	7	0
4	122	0.0	0.054149789265	1	0	6	0
4	42	0.0	0.058247079256	1	0	7	0
4	227	0.0	0.059370556236	1	0	5	0
4	289	0.0	0.058246925477	1	0	6	0
4	202	0.0	0.058246989045	1	0	3	0
4	83	0.0	0.054149755894	1	0	6	0
4	282	0.0	0.058247026182	1	0	7	0
4	181	0.0	0.058246621059	1	0	7	0
4	157	0.0	0.054149753326	1	1	10	0
4	118	0.0	0.054149593628	1	1	9	4
4	275	0.0	0.05414951393	1	0	11	0
4	279	0.0	0.058246552764	1	0	6	0
4	74	0.0	0.07206371492	1	0	2	0
4	94	0.0	0.054149683217	1	0	14	0
4	277	0.0	0.0541497908	1	1	10	1
4	174	0.0	0.061500220727	1	0	3	0
4	66	0.0	0.061500197044	1	0	3	0
4	12	0.0	0.086150678601	1	1	6	0
4	18	0.0	0.08615099817	1	0	10	0
4	75	0.0	0.054149337059	1	0	11	0
4	242	0.0	0.058246850534	1	0	6	0
4	127	0.0	0.054149689509	1	0	5	0
4	159	0.0	0.054149761558	1	0	12	0
4	104	0.0	0.063333072989	1	0	8	0
4	19	0.0	0.054149412311	1	0	10	0
4	67	0.0	0.058247148033	1	0	7	0
4	235	0.0	0.059370430156	1	0	5	0
4	33	0.0	0.054149607963	1	0	13	0
4	137	0.0	0.058246842592	1	0	6	20
4	178	0.0	0.072063768588	1	0	3	0
4	134	0.0	0.086150970465	1	0	9	0
4	303	0.0	0.054149602269	1	0	12	0
4	255	0.0	0.054149806461	1	1	9	0
4	179	0.0	0.058246948432	1	0	6	0
4	2	0.0	0.086150954366	1	0	9	0
4	188	0.0	0.054149798988	1	0	8	0
4	7	0.0	0.058246596038	1	0	7	0
4	143	0.0	0.054149682187	1	1	6	0
4	213	0.0	0.054149578407	1	1	11	1
4	256	0.0	0.086150789212	1	0	9	0
4	291	0.0	0.061767778206	1	0	8	0
4	276	0.0	0.058246991832	1	0	10	0
4	246	0.0	0.155075889349	1	0	4	0
4	144	0.0	0.058246782067	1	0	8	0
4	257	0.0	0.061767610352	1	0	9	0
4	207	0.0	0.058246570899	1	0	7	0
4	147	0.0	0.054149788857	1	0	10	0
4	131	0.0	0.054149800992	1	1	5	0
4	293	0.0	0.058247044449	1	0	11	0
4	209	0.0	0.054149865137	1	0	4	0
4	86	0.0	0.063333120223	1	0	6	0
4	173	0.0	0.086150898785	1	0	4	0
4	228	0.0	0.054149729103	1	0	5	0
4	252	0.0	0.058247127005	1	0	7	0
4	45	0.0	0.058246808341	1	0	7	0
4	121	0.0	0.058246745708	1	0	5	0
4	146	0.0	0.072064015821	1	0	3	0
4	34	0.0	0.086150546341	1	1	3	0
4	295	0.0	0.058246667959	1	0	4	0
4	166	0.0	0.059370402852	1	0	5	0
4	248	0.0	0.054149276823	1	0	13	0
4	264	0.0	0.058247119831	1	0	7	2
4	10	0.0	0.058246839176	1	0	5	0
4	220	0.0	0.086151029998	1	0	10	0
4	95	0.0	0.059370442371	1	0	5	0
4	108	0.0	0.05824714644	1	0	3	0
4	190	0.0	0.072063704493	1	0	2	0
4	136	0.0	0.060280139888	1	0	11	0
4	180	0.0	0.094216692539	1	0	7	0
4	60	0.0	0.060280355216	1	0	9	0
4	55	0.0	0.059370501761	1	0	5	0
4	8	0.0	0.091381756126	1	1	3	2
4	189	0.0	0.058246670291	1	0	8	0
4	167	0.0	0.072063858071	1	0	5	0
4	250	0.0	0.05824663539	1	0	9	0
4	90	0.0	0.061767629367	1	0	9	0
4	110	0.0	0.054149624826	1	1	4	4
4	109	0.0	0.05414907819	1	0	12	0
4	140	0.0	0.060280449913	1	0	4	0
4	69	0.0	0.054149483796	1	0	4	0
4	219	0.0	0.058247025824	1	0	6	0
4	46	0.0	0.058247132354	1	0	5	0
4	184	0.0	0.086150868073	1	0	10	0
4	267	0.0	0.05414979158	1	0	7	0
4	285	0.0	0.054149524709	1	0	11	1
4	25	0.0	0.059370329414	1	0	5	0
4	58	0.0	0.054149585837	1	1	7	3
4	284	0.0	0.060280348881	1	1	3	0
4	0	0.0	0.054149794822	1	0	3	0
4	1	0.0	0.05414981457	1	1	9	0
4	4	0.0	0.060280503639	1	0	10	0
4	11	0.0	0.060402762861	1	0	4	0
4	13	0.0	0.060280482702	1	0	8	0
4	15	0.0	0.05937044402	1	0	5	0
4	208	0.0	0.063333283864	1	0	5	0
4	17	0.0	0.072064120119	1	1	5	1
4	280	0.0	0.054149719824	1	1	11	4
4	22	0.0	0.063333236252	1	0	5	0
4	23	0.0	0.091382004013	1	1	2	0
4	26	0.0	0.054149380643	1	0	11	0
4	28	0.0	0.07206356862	1	0	3	0
4	211	0.0	0.06176773469	1	0	9	0
4	281	0.0	0.072064073566	1	1	3	0
4	214	0.0	0.061767696913	1	0	7	0
4	31	0.0	0.086150344479	1	0	4	0
4	217	0.0	0.061767770616	1	0	9	0
4	36	0.0	0.054149616887	1	0	10	0
4	218	0.0	0.086150984051	1	0	9	0
4	37	0.0	0.054149821902	1	1	11	1
4	39	0.0	0.072063838602	1	0	2	0
4	41	0.0	0.063333401966	1	0	6	0
4	222	0.0	0.091382060955	1	1	3	2
4	43	0.0	0.054149762014	1	1	10	0
4	48	0.0	0.054149132217	1	0	11	0
4	49	0.0	0.072063700381	1	0	2	0
4	224	0.0	0.05824702229	1	0	9	0
4	50	0.0	0.054149718556	1	1	10	4
4	51	0.0	0.155076189827	1	0	4	0
4	225	0.0	0.063333341774	1	0	6	0
4	52	0.0	0.059370530871	1	0	5	0
4	57	0.0	0.060280284371	1	0	10	0
4	226	0.0	0.054149778179	1	1	10	0
4	283	0.0	0.255095998538	1	0	4	0
4	65	0.0	0.058247217094	1	0	6	0
4	302	0.0	0.05414962936	1	1	13	0
4	232	0.0	0.058246920116	1	0	7	0
4	234	0.0	0.060280119838	1	0	8	0
4	81	0.0	0.0602801039	1	0	10	0
4	85	0.0	0.094216534981	1	0	9	0
4	237	0.0	0.058246825314	1	0	6	0
4	238	0.0	0.054149770749	1	1	5	0
4	87	0.0	0.054149597594	1	1	12	0
4	89	0.0	0.072064097323	1	0	4	0
4	286	0.0	0.096171985953	1	1	4	0
4	240	0.0	0.063333168431	1	0	5	0
4	243	0.0	0.054149709444	1	1	9	0
4	93	0.0	0.054149720001	1	1	11	0
4	244	0.0	0.072064147886	1	0	3	0
4	245	0.0	0.072063746506	1	0	3	0
4	287	0.0	0.063333204813	1	0	5	0
4	97	0.0	0.096171926334	1	1	4	2
4	247	0.0	0.156148307546	1	0	1	0
4	100	0.0	0.060280504801	1	0	4	0
4	288	0.0	0.054149606476	1	1	6	1
4	249	0.0	0.058247016137	1	0	5	0
4	107	0.0	0.054149855681	1	0	8	0
4	292	0.0	0.156148366801	1	0	1	0
4	117	0.0	0.060280321198	1	0	4	0
4	119	0.0	0.054149854163	1	0	8	0
4	294	0.0	0.060280020831	1	0	8	0
4	129	0.0	0.059370389507	1	0	5	0
4	130	0.0	0.054149254756	1	0	5	0
4	132	0.0	0.054149861854	1	0	9	0
4	261	0.0	0.054149549649	1	0	11	0
4	135	0.0	0.054149481741	1	0	10	0
4	262	0.0	0.072064061608	1	0	6	0
4	263	0.0	0.072064013271	1	1	2	1
4	138	0.0	0.072063787283	1	0	3	0
4	266	0.0	0.054149859581	1	1	10	1
4	298	0.0	0.065411144613	1	0	3	0
4	145	0.0	0.054149654017	1	0	13	0
4	149	0.0	0.058246487651	1	0	6	0
4	156	0.0	0.059370327649	1	0	6	0
4	161	0.0	0.156148268148	1	0	1	0
4	162	0.0	0.07206375195	1	0	2	0
4	163	0.0	0.054149818096	1	1	10	1
4	271	0.0	0.059370506196	1	0	7	0
4	169	0.0	0.054149648065	1	1	9	4
4	170	0.0	0.05414921341	1	0	4	0
4	172	0.0	0.054149751672	1	0	7	0
4	175	0.0	0.060280360494	1	1	3	0
4	272	0.0	0.072064199658	1	1	3	0
4	186	0.0	0.054149764035	1	1	6	2
4	187	0.0	0.058246842971	1	0	7	0
4	192	0.0	0.058247026389	1	0	6	0
4	193	0.0	0.058247169611	1	1	4	0
4	196	0.0	0.063333016193	1	0	10	0
4	197	0.0	0.06040276407	1	0	6	0
4	201	0.0	0.05824701847	1	0	5	0
4	203	0.0	0.072063897869	1	0	2	0
5	82	NA 	 NA 	0	0	0	0
5	161	NA 	 NA 	0	0	0	0
5	184	NA 	 NA 	0	0	0	0
5	120	NA 	 NA 	0	0	0	0
5	81	NA 	 NA 	0	0	0	0
5	137	NA 	 NA 	0	0	0	0
5	37	NA 	 NA 	0	0	0	0
5	112	NA 	 NA 	0	0	0	0
5	131	NA 	 NA 	0	0	0	0
5	83	NA 	 NA 	0	0	0	0
5	135	0.0	0.058822647963	1	0	7	0
5	1	0.0	0.067405600194	1	0	2	0
5	126	0.0	0.655155647341	1	0	2	0
5	134	0.0	0.065933302141	1	0	8	0
5	33	0.0	0.075366810839	1	0	4	0
5	140	0.0	0.06372641928	1	0	6	0
5	50	0.0	0.058822657587	1	0	4	0
5	205	0.0	0.074165225394	1	0	2	0
5	193	0.0	0.058822542331	1	0	7	0
5	72	0.0	0.054188106093	1	0	6	0
5	80	0.0	0.06617580743	1	1	1	0
5	286	0.0	0.067405736936	1	1	1	0
5	144	0.0	0.065933343735	1	0	9	0
5	236	0.0	0.067405471012	1	0	2	0
5	108	0.0	0.060733421819	1	0	2	0
5	232	0.0	0.062667771132	1	0	4	0
5	260	0.0	0.066175782156	1	0	2	0
5	252	0.0	0.058601397034	1	0	4	0
5	272	0.0	0.054188361825	1	0	9	0
5	41	0.0	0.054188829769	1	1	7	2
5	159	0.0	0.054188807754	1	0	7	0
5	145	0.0	0.054188871892	1	0	3	0
5	204	0.0	0.05418863506	1	0	4	0
5	188	0.0	0.054188177526	1	0	8	0
5	160	0.0	0.058822377876	1	0	6	0
5	295	0.0	0.062667925997	1	0	3	0
5	128	0.0	0.054188770362	1	0	3	0
5	65	0.0	0.058601282963	1	0	3	0
5	122	0.0	0.061779116571	1	1	0	1
5	8	0.0	0.058601115285	1	0	5	0
5	269	0.0	0.054188301491	1	0	12	0
5	43	0.0	0.058601422367	1	0	3	0
5	277	0.0	0.061557533353	1	0	8	0
5	288	0.0	0.058822508925	1	0	8	0
5	86	0.0	0.065933127634	1	0	8	0
5	242	0.0	0.05418841455	1	0	5	0
5	301	0.0	0.067405759023	1	1	1	0
5	75	0.0	0.054188711223	1	1	4	2
5	45	0.0	0.058822629063	1	0	6	0
5	220	0.0	0.060732918001	1	1	5	0
5	156	0.0	0.054188662341	1	0	6	2
5	107	0.0	0.054188538183	1	1	6	1
5	292	0.0	0.065933448516	1	0	5	0
5	179	0.0	0.054188862515	1	1	8	0
5	244	0.0	0.054188386241	1	1	3	0
5	5	0.0	0.054188571233	1	0	7	0
5	10	0.0	0.062667838783	1	0	4	0
5	276	0.0	0.074165603732	1	0	4	0
5	74	0.0	0.054188738772	1	1	2	0
5	146	0.0	0.058822531044	1	0	7	0
5	158	0.0	0.054188271733	1	0	10	0
5	13	0.0	0.054188774697	1	1	8	0
5	175	0.0	0.054188429728	1	1	4	5
5	186	0.0	0.054188515864	1	0	10	0
5	287	0.0	0.06740581177	1	0	4	0
5	267	0.0	0.067405358782	1	0	1	0
5	123	0.0	0.066176242271	1	0	4	0
5	285	0.0	0.058822273255	1	0	6	0
5	153	0.0	0.061779099515	1	1	2	2
5	61	0.0	0.054188777847	1	0	3	0
5	280	0.0	0.074165569534	1	0	4	0
5	113	0.0	0.054188196667	1	0	4	6
5	11	0.0	0.058601246383	1	0	5	0
5	19	0.0	0.060733312248	1	0	8	0
5	194	0.0	0.054188445132	1	1	10	4
5	66	0.0	0.060733288852	1	0	5	0
5	93	0.0	0.058601245403	1	0	5	0
5	103	0.0	0.067405904397	1	0	4	0
5	148	0.0	0.05860115723	1	0	5	0
5	176	0.0	0.058822663494	1	1	3	0
5	241	0.0	0.062667979523	1	0	3	0
5	143	0.0	0.054188630232	1	1	6	0
5	254	0.0	0.05860142859	1	0	1	0
5	64	0.0	0.060733233856	1	0	2	0
5	155	0.0	0.065933081547	1	0	13	10
5	4	0.0	0.066176177158	1	0	3	0
5	223	0.0	0.061779161945	1	1	0	1
5	149	0.0	0.066176266821	1	1	3	0
5	166	0.0	0.054188515711	1	0	11	0
5	12	0.0	0.054188780894	1	1	6	4
5	202	0.0	0.065933381444	1	0	6	0
5	24	0.0	0.0661762688	1	0	5	0
5	31	0.0	0.054188422903	1	0	5	0
5	235	0.0	0.062667962871	1	0	3	0
5	294	0.0	0.058822257477	1	0	10	0
5	42	0.0	0.065933183376	1	0	10	0
5	46	0.0	0.058822436421	1	0	9	0
5	191	0.0	0.071221911626	1	0	7	0
5	251	0.0	0.06155753461	1	0	7	9
5	15	0.0	0.065933255828	1	0	8	0
5	91	0.0	0.058822481157	1	0	7	0
5	219	0.0	0.058822521502	1	0	6	0
5	95	0.0	0.054188331609	1	1	9	7
5	157	0.0	0.054188844251	1	1	7	2
5	281	0.0	0.054188757198	1	1	8	6
5	20	0.0	0.054188639872	1	0	7	0
5	300	0.0	0.074165586441	1	0	4	0
5	100	0.0	0.07628262622	1	0	6	0
5	271	0.0	0.058601447746	1	0	3	0
5	117	0.0	0.060732950662	1	0	3	0
5	133	0.0	0.054188760084	1	0	4	0
5	234	0.0	0.054188571705	1	0	7	0
5	189	0.0	0.065933173222	1	0	13	0
5	245	0.0	0.054188584334	1	0	10	0
5	229	0.0	0.054188755157	1	1	5	0
5	29	0.0	0.079147685315	1	0	3	0
5	261	0.0	0.060733051729	1	0	8	0
5	181	0.0	0.058822265264	1	0	8	0
5	165	0.0	0.054188597189	1	0	8	0
5	207	0.0	0.058822192	1	0	6	0
5	237	0.0	0.05882244735	1	0	9	0
5	250	0.0	0.060732928609	1	0	7	0
5	59	0.0	0.058821933236	1	0	6	8
5	293	0.0	0.066175925843	1	0	4	0
5	7	0.0	0.058821996232	1	0	6	0
5	238	0.0	0.058822512661	1	0	6	0
5	185	0.0	0.06617628987	1	0	7	0
5	124	0.0	0.060733080608	1	0	6	0
5	138	0.0	0.054188597962	1	1	8	0
5	121	0.0	0.054188810106	1	1	8	1
5	297	0.0	0.058822468615	1	0	6	0
5	77	0.0	0.058822447171	1	0	7	0
5	119	0.0	0.058822377491	1	0	5	0
5	18	0.0	0.054188113891	1	0	7	0
5	110	0.0	0.054188708831	1	1	5	0
5	23	0.0	0.054188599695	1	0	8	0
5	265	0.0	0.05860142965	1	0	5	0
5	125	0.0	0.054188592143	1	0	9	0
5	132	0.0	0.058822143449	1	0	6	0
5	70	0.0	0.065933456277	1	0	5	0
5	116	0.0	0.054188571499	1	1	8	6
5	213	0.0	0.065933600454	1	0	6	0
5	255	0.0	0.058601266821	1	0	5	0
5	115	0.0	0.058601470168	1	0	6	0
5	230	0.0	0.054188866862	1	1	11	0
5	39	0.0	0.058601110588	1	0	7	0
5	164	0.0	0.058822357027	1	0	6	0
5	102	0.0	0.067405251402	1	0	3	0
5	17	0.0	0.058822459913	1	0	6	0
5	151	0.0	0.079148135823	1	1	3	0
5	171	0.0	0.058601290885	1	0	3	0
5	192	0.0	0.054188424534	1	1	7	2
5	218	0.0	0.054188572875	1	0	9	0
5	228	0.0	0.060733258265	1	0	6	0
5	52	0.0	0.060733262216	1	0	2	0
5	71	0.0	0.054188450109	1	1	6	0
5	68	0.0	0.066175776403	1	0	3	0
5	217	0.0	0.058822450839	1	0	7	0
5	200	0.0	0.060732931188	1	1	4	0
5	289	0.0	0.067405380901	1	0	2	0
5	78	0.0	0.054188707574	1	1	9	6
5	136	0.0	0.054188822229	1	1	9	4
5	21	0.0	0.065933147826	1	0	9	0
5	127	0.0	0.054188749198	1	1	8	7
5	197	0.0	0.076282554595	1	0	2	0
5	142	0.0	0.065933603128	1	0	7	0
5	302	0.0	0.076282501483	1	0	3	0
5	266	0.0	0.054188770646	1	0	5	0
5	104	0.0	0.07628264652	1	0	2	0
5	275	0.0	0.067405167574	1	0	3	0
5	6	0.0	0.062667928357	1	0	3	0
5	56	0.0	0.054188427771	1	1	7	18
5	182	0.0	0.065932970716	1	0	9	0
5	152	0.0	0.058601419222	1	0	5	0
5	224	0.0	0.058822129189	1	0	6	0
5	264	0.0	0.06155760044	1	0	6	0
5	180	0.0	0.058822572209	1	0	5	0
5	195	0.0	0.058601490721	1	0	3	0
5	172	0.0	0.05418886196	1	1	9	2
5	27	0.0	0.054188499417	1	1	8	6
5	198	0.0	0.054188815275	1	1	6	0
5	60	0.0	0.05882254744	1	0	5	0
5	99	0.0	0.06617569179	1	0	1	0
5	196	0.0	0.054188610555	1	1	8	4
5	284	0.0	0.054188479974	1	1	9	3
5	141	0.0	0.058822120228	1	0	7	0
5	97	0.0	0.058601064851	1	0	3	0
5	90	0.0	0.058822273299	1	0	9	0
5	222	0.0	0.058601417168	1	0	5	0
5	249	0.0	0.054188752449	1	1	6	6
5	163	0.0	0.054188636604	1	0	12	0
5	89	0.0	0.054188843306	1	1	6	2
5	0	0.0	0.060733384515	1	0	4	0
5	2	0.0	0.062668013571	1	0	4	0
5	203	0.0	0.058601101281	1	0	2	0
5	3	0.0	0.058601026003	1	0	5	0
5	9	0.0	0.054188848085	1	1	5	0
5	14	0.0	0.05418860551	1	1	8	0
5	16	0.0	0.05418880157	1	1	5	0
5	22	0.0	0.054188291695	1	0	11	0
5	25	0.0	0.054188815651	1	0	5	0
5	26	0.0	0.05418865446	1	1	6	0
5	206	0.0	0.054188810228	1	1	5	0
5	28	0.0	0.065933116008	1	0	5	14
5	30	0.0	0.058822199376	1	0	7	0
5	208	0.0	0.065933236826	1	0	8	0
5	32	0.0	0.05882244377	1	0	7	0
5	209	0.0	0.05418851321	1	1	9	2
5	34	0.0	0.065933641078	1	1	5	0
5	35	0.0	0.058822217719	1	0	6	0
5	36	0.0	0.058822558362	1	0	13	0
5	38	0.0	0.058822461409	1	0	8	0
5	40	0.0	0.054188454172	1	1	6	7
5	210	0.0	0.062668044875	1	0	3	0
5	211	0.0	0.054188552695	1	0	8	0
5	44	0.0	0.054188599896	1	0	4	0
5	47	0.0	0.054188540528	1	1	4	6
5	48	0.0	0.058822347592	1	0	6	0
5	49	0.0	0.054188760913	1	0	7	0
5	51	0.0	0.054188310078	1	0	12	0
5	212	0.0	0.054188326855	1	0	12	0
5	214	0.0	0.065933633669	1	1	4	0
5	215	0.0	0.079148043653	1	0	3	0
5	273	0.0	0.05418828442	1	0	13	0
5	53	0.0	0.067405417798	1	0	2	0
5	216	0.0	0.060733112801	1	0	3	0
5	274	0.0	0.079147755048	1	0	3	0
5	54	0.0	0.054188472165	1	1	9	7
5	55	0.0	0.05418876421	1	0	5	0
5	57	0.0	0.06593364365	1	0	4	0
5	58	0.0	0.065933044329	1	0	10	0
5	221	0.0	0.054188680908	1	1	9	5
5	62	0.0	0.074165418806	1	0	3	0
5	63	0.0	0.058822612114	1	0	14	0
5	225	0.0	0.054188759004	1	1	9	1
5	67	0.0	0.065933007778	1	0	12	0
5	226	0.0	0.065933555847	1	1	4	0
5	227	0.0	0.079147981498	1	0	1	0
5	69	0.0	0.05418882394	1	0	4	0
5	73	0.0	0.058822547442	1	0	11	0
5	231	0.0	0.054188729329	1	0	5	0
5	76	0.0	0.065933293681	1	0	9	0
5	79	0.0	0.054188549737	1	0	6	0
5	298	0.0	0.076282599035	1	0	2	0
5	84	0.0	0.054188525952	1	1	9	2
5	85	0.0	0.054188808272	1	0	9	0
5	233	0.0	0.065932971987	1	0	9	0
5	87	0.0	0.058822135133	1	0	6	0
5	88	0.0	0.058822125744	1	0	6	0
5	278	0.0	0.06073335559	1	0	4	0
5	92	0.0	0.054188701007	1	1	8	6
5	239	0.0	0.065933203525	1	0	14	0
5	94	0.0	0.065932977323	1	0	9	0
5	240	0.0	0.058822062337	1	0	7	0
5	279	0.0	0.054188661145	1	1	9	2
5	303	0.0	0.076282430905	1	0	3	0
5	96	0.0	0.065932908298	1	0	11	0
5	243	0.0	0.067405484814	1	0	5	0
5	98	0.0	0.062668033575	1	1	3	0
5	246	0.0	0.058601277475	1	0	4	0
5	101	0.0	0.054188302764	1	0	10	0
5	282	0.0	0.074165512482	1	0	3	0
5	105	0.0	0.054188634528	1	0	7	0
5	106	0.0	0.058822635385	1	0	15	0
5	247	0.0	0.065933465106	1	0	7	0
5	109	0.0	0.05418883236	1	0	9	0
5	111	0.0	0.065933038892	1	0	11	0
5	248	0.0	0.061779139637	1	0	3	0
5	114	0.0	0.054188733739	1	1	11	5
5	118	0.0	0.054188772416	1	1	10	0
5	296	0.0	0.060732935623	1	0	5	0
5	201	0.0	0.060732942002	1	0	5	0
5	291	0.0	0.074165565117	1	0	4	0
5	299	0.0	0.067405590459	1	0	2	0
5	253	0.0	0.054188274381	1	0	13	0
5	283	0.0	0.058601221264	1	0	4	0
5	256	0.0	0.054188754334	1	1	11	2
5	257	0.0	0.054188666205	1	1	4	4
5	258	0.0	0.054188855681	1	1	10	5
5	259	0.0	0.074165231996	1	0	4	0
5	262	0.0	0.054188438058	1	1	6	7
5	129	0.0	0.058822145742	1	0	6	0
5	263	0.0	0.058822468745	1	0	8	0
5	130	0.0	0.065932944662	1	0	9	0
5	304	NA 	 NA 	0	0	0	0
5	139	0.0	0.067405415464	1	0	4	0
5	147	0.0	0.058822291702	1	0	9	0
5	150	0.0	0.054188607052	1	1	8	0
5	154	0.0	0.058822477006	1	0	9	0
5	162	0.0	0.054188296348	1	0	13	0
5	268	0.0	0.074938372616	1	0	1	0
5	167	0.0	0.060733046216	1	0	3	0
5	168	0.0	0.066175816271	1	0	2	0
5	169	0.0	0.054188395512	1	0	9	16
5	170	0.0	0.071221914687	1	0	4	0
5	173	0.0	0.07493840558	1	0	1	0
5	174	0.0	0.065933154393	1	0	9	0
5	270	0.0	0.065933137025	1	0	8	0
5	177	0.0	0.065933158911	1	0	8	0
5	178	0.0	0.065933563472	1	0	7	0
5	183	0.0	0.054188589324	1	0	9	0
5	187	0.0	0.06593316836	1	0	9	0
5	290	0.0	0.054188720227	1	1	6	0
5	190	0.0	0.058601422393	1	0	5	0
5	199	0.0	0.060733284789	1	0	6	0
6	37	NA 	 NA 	0	0	0	0
6	156	NA 	 NA 	0	0	0	0
6	34	NA 	 NA 	0	0	0	0
6	73	NA 	 NA 	0	0	0	0
6	117	NA 	 NA 	0	0	0	0
6	63	NA 	 NA 	0	0	0	0
6	101	NA 	 NA 	0	0	0	0
6	256	NA 	 NA 	0	0	0	0
6	247	NA 	 NA 	0	0	0	0
6	232	NA 	 NA 	0	0	0	0
6	188	NA 	 NA 	0	0	0	0
6	45	NA 	 NA 	0	0	0	0
6	127	NA 	 NA 	0	0	0	0
6	7	NA 	 NA 	0	0	0	0
6	79	NA 	 NA 	0	0	0	0
6	153	NA 	 NA 	0	0	0	0
6	77	NA 	 NA 	0	0	0	0
6	169	0.0	0.060213497358	1	0	7	0
6	182	0.0	0.095262657094	1	1	1	0
6	71	0.0	0.05984922356	1	0	7	0
6	126	0.0	0.07008410407	1	1	0	0
6	83	0.0	0.066651770991	1	0	2	0
6	48	0.0	0.064434525282	1	0	4	0
6	108	0.0	0.064434647148	1	0	2	0
6	115	0.0	0.068005797561	1	0	2	0
6	260	0.0	0.060213547441	1	0	7	0
6	173	0.0	0.066651758034	1	1	1	0
6	89	0.0	0.054201871022	1	0	6	0
6	186	0.0	0.065673864637	1	0	3	0
6	276	0.0	0.066651754714	1	0	3	0
6	78	0.0	0.066651813001	1	1	2	0
6	275	0.0	0.095262824961	1	1	1	0
6	98	0.0	0.079150500246	1	0	2	0
6	281	0.0	0.061979251553	1	0	4	0
6	133	0.0	0.054201464918	1	0	6	0
6	283	0.0	0.054201543013	1	0	6	0
6	130	0.0	0.061979149604	1	0	4	0
6	81	0.0	0.054201845887	1	0	7	0
6	172	0.0	0.061979242055	1	0	3	0
6	263	0.0	0.059849490205	1	0	5	0
6	212	0.0	0.059849134711	1	0	8	0
6	41	0.0	0.072116139197	1	1	2	0
6	52	0.0	0.089726826657	1	0	4	0
6	301	0.0	0.054201725129	1	0	6	0
6	279	0.0	0.060213460194	1	0	7	0
6	65	0.0	0.054201858401	1	0	5	0
6	193	0.0	0.054201665476	1	0	6	0
6	271	0.0	0.059849260649	1	0	4	0
6	104	0.0	0.054201154766	1	0	5	0
6	269	0.0	0.054201504368	1	1	5	3
6	266	0.0	0.054201280123	1	0	6	0
6	303	0.0	0.054201397353	1	1	3	3
6	159	0.0	0.061978862809	1	0	3	0
6	85	0.0	0.062317056923	1	1	3	0
6	214	0.0	0.072116076748	1	0	3	0
6	223	0.0	0.079150157597	1	0	2	0
6	304	0.0	0.090824460015	1	1	2	0
6	92	0.0	0.06021346547	1	0	7	0
6	179	0.0	0.059849462326	1	1	5	0
6	138	0.0	0.079150084243	1	0	2	0
6	249	0.0	0.054201529913	1	0	6	0
6	243	0.0	0.062316914043	1	0	5	0
6	29	0.0	0.060577448031	1	0	6	0
6	288	0.0	0.066651742035	1	0	3	0
6	241	0.0	0.054201747987	1	1	5	1
6	166	0.0	0.06021317594	1	0	6	0
6	31	0.0	0.054201624366	1	0	6	0
6	208	0.0	0.054201741596	1	0	8	0
6	144	0.0	0.05984951475	1	0	5	0
6	80	0.0	0.054201811186	1	0	9	0
6	132	0.0	0.065674038417	1	0	1	0
6	286	0.0	0.059849443333	1	0	4	0
6	74	0.0	0.060577386254	1	0	6	0
6	95	0.0	0.05420180311	1	0	5	0
6	129	0.0	0.054201462164	1	0	4	0
6	215	0.0	0.054201277907	1	1	2	0
6	151	0.0	0.059849454683	1	0	7	0
6	298	0.0	0.054201316336	1	0	4	0
6	66	0.0	0.089726843788	1	0	4	0
6	174	0.0	0.064434397119	1	0	3	0
6	90	0.0	0.05420164247	1	0	6	0
6	194	0.0	0.065674059064	1	0	4	0
6	148	0.0	0.063349114919	1	0	5	0
6	152	0.0	0.065688120083	1	0	3	0
6	51	0.0	0.05420123289	1	1	5	3
6	11	0.0	0.054201768785	1	1	7	2
6	84	0.0	0.054201423891	1	0	9	0
6	190	0.0	0.065673665038	1	0	4	0
6	1	0.0	0.068005970271	1	0	2	0
6	38	0.0	0.060213452983	1	0	7	0
6	177	0.0	0.054201458953	1	0	5	0
6	209	0.0	0.060577361139	1	0	5	0
6	58	0.0	0.065673652241	1	0	4	0
6	60	0.0	0.054201694104	1	0	8	0
6	306	0.0	0.060213312369	1	0	10	0
6	246	0.0	0.06021359106	1	0	10	0
6	136	0.0	0.059849250639	1	0	7	0
6	240	0.0	0.0542017682	1	1	5	2
6	308	0.0	35.3553900395	1	1	0	0
6	162	0.0	0.068005718029	1	0	1	0
6	91	0.0	0.068005945145	1	0	1	0
6	220	0.0	0.060213052225	1	0	7	0
6	111	0.0	0.054201747573	1	1	5	1
6	20	0.0	0.054201790961	1	1	4	2
6	13	0.0	0.061979136135	1	1	4	0
6	5	0.0	0.06443470292	1	0	6	0
6	250	0.0	0.054201414773	1	1	5	0
6	47	0.0	0.068005837798	1	0	1	0
6	36	0.0	0.054201111442	1	0	4	0
6	300	0.0	0.075016034522	1	0	1	0
6	206	0.0	0.059849353795	1	0	4	0
6	305	0.0	0.060213509802	1	0	8	0
6	280	0.0	0.054201221631	1	0	7	0
6	150	0.0	0.060213191129	1	0	6	0
6	273	0.0	0.060213149953	1	0	7	0
6	146	0.0	0.054201246312	1	1	6	2
6	268	0.0	0.054201126416	1	0	4	0
6	210	0.0	0.065674032372	1	0	4	0
6	155	0.0	0.068005660004	1	1	2	0
6	267	0.0	0.054201541541	1	0	8	0
6	30	0.0	0.054201471508	1	0	5	0
6	222	0.0	0.054201138707	1	0	4	0
6	76	0.0	0.084625456371	1	1	2	0
6	291	0.0	0.060213337516	1	0	10	0
6	204	0.0	0.059849539603	1	0	5	0
6	139	0.0	0.06197889335	1	0	3	0
6	272	0.0	0.054201616046	1	0	7	0
6	251	0.0	0.060213238984	1	0	7	0
6	88	0.0	0.059849471431	1	0	4	0
6	284	0.0	0.063349075901	1	0	4	0
6	265	0.0	0.054201624755	1	1	8	0
6	242	0.0	0.089726928091	1	0	4	0
6	270	0.0	0.060213645494	1	0	5	0
6	55	0.0	0.060213181012	1	0	2	0
6	145	0.0	0.060213510276	1	0	7	0
6	28	0.0	0.064446266799	1	0	4	0
6	238	0.0	0.064446313977	1	0	4	0
6	225	0.0	0.054201510251	1	0	5	0
6	114	0.0	0.05420157526	1	0	10	0
6	54	0.0	0.063348971981	1	0	3	0
6	125	0.0	0.054201568656	1	0	8	0
6	255	0.0	0.064446471874	1	0	4	0
6	195	0.0	0.054201723123	1	1	5	0
6	109	0.0	0.054201787468	1	1	7	0
6	19	0.0	0.054201503025	1	0	6	0
6	3	0.0	0.054201331585	1	0	5	0
6	27	0.0	0.0605773115	1	0	6	0
6	142	0.0	0.060577456912	1	0	3	0
6	233	0.0	0.084625448371	1	0	2	0
6	107	0.0	0.060213535157	1	0	9	0
6	224	0.0	0.061979211425	1	0	4	0
6	261	0.0	0.060213503342	1	0	6	0
6	15	0.0	0.075016568982	1	0	4	0
6	67	0.0	0.060577558202	1	0	2	0
6	140	0.0	0.060213481586	1	0	7	0
6	120	0.0	0.061979032908	1	0	4	0
6	26	0.0	0.054201659375	1	0	7	0
6	178	0.0	0.066651443135	1	1	4	0
6	122	0.0	0.054201425524	1	0	6	0
6	64	0.0	0.064434465322	1	0	8	0
6	99	0.0	0.060213142254	1	0	8	0
6	110	0.0	0.060213569233	1	0	9	0
6	171	0.0	0.054201703543	1	0	8	0
6	196	0.0	0.054201792208	1	0	4	0
6	228	0.0	0.054201837075	1	0	3	0
6	202	0.0	0.089726938956	1	0	4	0
6	231	0.0	0.075016486395	1	0	4	0
6	24	0.0	0.054201755472	1	0	7	0
6	93	0.0	0.059849460591	1	0	8	0
6	175	0.0	0.060213568113	1	0	6	0
6	226	0.0	0.089727186107	1	0	4	0
6	176	0.0	0.060577473245	1	0	3	0
6	123	0.0	0.05420163671	1	0	6	0
6	244	0.0	0.054201823754	1	1	4	0
6	35	0.0	0.065673795401	1	0	4	0
6	213	0.0	0.084625475249	1	1	2	0
6	68	0.0	0.065673675231	1	0	4	0
6	235	0.0	0.054201637055	1	0	9	0
6	227	0.0	0.054201810228	1	0	7	0
6	287	0.0	0.054201820791	1	0	10	0
6	17	0.0	0.054201592954	1	1	7	0
6	75	0.0	0.054201765485	1	0	5	0
6	191	0.0	0.064446268628	1	0	4	0
6	157	0.0	0.060213641336	1	0	6	0
6	211	0.0	0.060213458487	1	0	7	0
6	22	0.0	0.054201253344	1	0	7	0
6	16	0.0	0.054201710374	1	1	4	1
6	82	0.0	0.05420186286	1	0	5	0
6	285	0.0	0.054201431885	1	0	5	0
6	299	0.0	0.075016418108	1	0	4	0
6	161	0.0	0.054201733987	1	0	6	0
6	18	0.0	0.060577304859	1	0	6	0
6	112	0.0	0.054201504631	1	0	7	0
6	113	0.0	0.060213603378	1	0	4	0
6	252	0.0	0.054201472509	1	0	9	0
6	154	0.0	0.054201795001	1	1	6	0
6	297	0.0	0.054201396565	1	0	4	0
6	248	0.0	0.06800548713	1	0	2	0
6	277	0.0	0.059849289968	1	0	5	0
6	181	0.0	0.05420142338	1	0	7	0
6	282	0.0	0.060577330097	1	1	3	0
6	257	0.0	0.068005854433	1	0	3	0
6	198	0.0	0.059849514624	1	0	6	0
6	203	0.0	0.060213569912	1	0	6	0
6	143	0.0	0.075016557582	1	0	4	0
6	100	0.0	0.089726911632	1	0	4	0
6	69	0.0	0.065674016438	1	0	2	0
6	262	0.0	0.066651248772	1	0	3	0
6	0	0.0	0.054201276057	1	1	2	0
6	2	0.0	0.064446377486	1	0	3	0
6	4	0.0	0.060213257916	1	0	8	0
6	6	0.0	0.065674111055	1	0	4	0
6	8	0.0	0.054201419251	1	1	3	1
6	197	0.0	0.054201842923	1	0	6	0
6	9	0.0	0.066651893271	1	0	4	0
6	10	0.0	0.060577501689	1	0	6	0
6	199	0.0	0.063349146652	1	0	5	0
6	12	0.0	0.059849169052	1	0	9	0
6	200	0.0	0.064434440952	1	0	3	0
6	14	0.0	0.075016590861	1	0	4	0
6	21	0.0	0.061979214154	1	0	5	0
6	201	0.0	0.06021329183	1	0	9	0
6	23	0.0	0.060213468697	1	0	7	0
6	274	0.0	0.054201146934	1	0	3	0
6	25	0.0	0.060213637579	1	0	5	0
6	205	0.0	0.064434501645	1	0	3	0
6	32	0.0	0.0897272745	1	0	4	0
6	33	0.0	0.060212964519	1	0	8	0
6	295	0.0	0.060213283752	1	0	8	0
6	207	0.0	0.068005998403	1	0	3	0
6	293	0.0	0.089727223852	1	0	4	0
6	39	0.0	0.065688144387	1	0	3	0
6	40	0.0	0.060213113818	1	0	6	0
6	42	0.0	0.089726965497	1	0	4	0
6	43	0.0	0.065673688168	1	0	5	0
6	44	0.0	0.060212980922	1	0	6	0
6	46	0.0	0.054201819558	1	0	7	0
6	49	0.0	0.05420144118	1	0	7	0
6	216	0.0	0.05420159908	1	0	8	0
6	217	0.0	0.060213135133	1	0	6	0
6	50	0.0	0.060213125748	1	0	6	0
6	278	0.0	0.075016165069	1	0	3	0
6	53	0.0	0.054201578869	1	0	5	0
6	218	0.0	0.054201617841	1	1	4	2
6	219	0.0	0.063349027886	1	0	4	0
6	56	0.0	0.060213450357	1	0	7	0
6	57	0.0	0.054201398067	1	0	6	0
6	302	0.0	0.062316903409	1	0	7	0
6	59	0.0	0.075016542338	1	0	4	0
6	221	0.0	0.060213547447	1	0	6	0
6	61	0.0	0.054201618878	1	0	8	0
6	62	0.0	0.054201589325	1	0	5	0
6	229	0.0	0.054201556156	1	1	4	0
6	70	0.0	0.05420180157	1	1	6	0
6	72	0.0	0.072116013399	1	0	4	0
6	296	0.0	0.054201098388	1	0	4	0
6	230	0.0	0.06057730613	1	0	7	0
6	307	0.0	0.05420159741	1	0	9	0
6	234	0.0	0.060213129972	1	0	6	0
6	86	0.0	0.06231685731	1	0	4	0
6	87	0.0	0.066651290453	1	0	1	0
6	236	0.0	0.060213206159	1	0	8	0
6	237	0.0	0.060213574259	1	0	4	0
6	239	0.0	0.06567403559	1	0	4	0
6	94	0.0	0.059849468981	1	1	5	0
6	96	0.0	0.054201476705	1	0	6	0
6	97	0.0	0.060213136113	1	0	6	0
6	294	0.0	0.060213459674	1	0	7	0
6	245	0.0	0.054201430641	1	0	7	0
6	102	0.0	0.065673902143	1	0	2	0
6	103	0.0	0.062316918998	1	0	4	0
6	105	0.0	0.054201305133	1	0	6	0
6	106	0.0	0.064434615937	1	0	4	0
6	253	0.0	0.060213509504	1	0	7	0
6	254	0.0	0.066651415893	1	0	1	0
6	116	0.0	0.06021334261	1	0	8	0
6	118	0.0	0.089727017573	1	0	4	0
6	119	0.0	0.089727175481	1	0	4	0
6	258	0.0	0.075016547336	1	0	4	0
6	259	0.0	0.068005818619	1	0	1	0
6	121	0.0	0.054201224685	1	1	3	2
6	289	0.0	0.059849597778	1	1	5	0
6	124	0.0	0.054201458492	1	1	3	0
6	290	0.0	0.054201634	1	1	5	1
6	264	0.0	0.05420167871	1	0	6	0
6	128	0.0	0.060213658878	1	0	6	0
6	131	0.0	0.054201104249	1	0	5	0
6	134	0.0	0.068005539066	1	0	2	0
6	135	0.0	0.062317019633	1	0	3	0
6	137	0.0	0.060213349718	1	0	8	0
6	141	0.0	0.060213552445	1	0	4	0
6	147	0.0	0.060213592606	1	0	6	0
6	149	0.0	0.064434590411	1	0	4	0
6	158	0.0	0.054201168708	1	0	3	0
6	160	0.0	0.060577380445	1	0	3	0
6	163	0.0	0.05420178585	1	0	8	0
6	164	0.0	0.065688143595	1	0	3	0
6	165	0.0	0.05420181785	1	0	6	0
6	167	0.0	0.079150195308	1	0	3	0
6	168	0.0	0.059849600779	1	0	4	0
6	170	0.0	0.060213462855	1	0	7	0
6	180	0.0	0.066651914966	1	1	1	0
6	183	0.0	0.089726851307	1	0	4	0
6	184	0.0	0.068006099976	1	0	3	0
6	185	0.0	0.075016525949	1	0	4	0
6	187	0.0	0.054201280796	1	0	7	0
6	292	0.0	0.060213492217	1	0	5	0
6	189	0.0	0.062316923884	1	0	5	0
6	192	0.0	0.054201607414	1	0	8	0
7	183	NA 	 NA 	0	0	0	0
7	167	NA 	 NA 	0	0	0	0
7	172	NA 	 NA 	0	0	0	0
7	43	NA 	 NA 	0	0	0	0
7	86	NA 	 NA 	0	0	0	0
7	152	NA 	 NA 	0	0	0	0
7	103	NA 	 NA 	0	0	0	0
7	107	0.0	0.071835987081	1	0	2	0
7	11	0.0	0.054136817935	1	1	7	2
7	40	0.0	0.063137311697	1	0	3	0
7	147	0.0	0.059315959815	1	0	2	0
7	99	0.0	0.06313698005	1	0	8	0
7	156	0.0	0.063136941051	1	0	4	0
7	188	0.0	0.061830607364	1	0	7	0
7	18	0.0	0.078121903055	1	0	2	0
7	202	0.0	0.060785439213	1	0	7	0
7	262	0.0	0.067222161673	1	0	8	0
7	204	0.0	0.054136816713	1	1	5	2
7	270	0.0	0.060785312743	1	0	10	0
7	100	0.0	0.060785114656	1	0	7	0
7	30	0.0	0.054136770525	1	0	5	0
7	255	0.0	0.054136816809	1	0	6	0
7	138	0.0	0.060785069491	1	0	6	0
7	248	0.0	0.069615277557	1	0	2	0
7	196	0.0	0.054136401457	1	0	4	0
7	253	0.0	0.062876276539	1	0	5	0
7	163	0.0	0.060785538902	1	0	10	0
7	13	0.0	0.063137015946	1	0	3	0
7	182	0.0	0.0593161713	1	0	1	0
7	134	0.0	0.16021785546	1	0	4	0
7	126	0.0	0.060785041919	1	0	6	0
7	229	0.0	0.054136533264	1	0	5	0
7	5	0.0	0.060785192065	1	0	9	0
7	17	0.0	0.054136436512	1	0	5	0
7	16	0.0	0.054136671974	1	1	6	2
7	48	0.0	0.059316256831	1	0	1	0
7	231	0.0	0.060785041348	1	0	6	0
7	29	0.0	0.054136240752	1	1	4	1
7	246	0.0	0.054136463513	1	0	7	0
7	300	0.0	0.054136657966	1	0	6	0
7	258	0.0	0.054136832151	1	1	3	0
7	64	0.0	0.059315988941	1	0	5	0
7	228	0.0	0.0631367664	1	0	5	0
7	199	0.0	0.054136414594	1	1	2	2
7	125	0.0	0.065018489019	1	0	3	0
7	224	0.0	0.054136256482	1	0	3	0
7	33	0.0	0.054136819668	1	1	8	1
7	78	0.0	0.060785435682	1	0	8	0
7	37	0.0	0.059315906057	1	0	2	0
7	263	0.0	0.06287624426	1	0	5	0
7	272	0.0	0.063137254265	1	0	10	0
7	45	0.0	0.073979336851	1	1	1	0
7	10	0.0	0.054136490258	1	0	7	0
7	87	0.0	0.155142068547	1	0	3	0
7	273	0.0	0.059315958801	1	0	5	0
7	24	0.0	0.054136789897	1	0	5	0
7	42	0.0	0.067222399412	1	0	4	0
7	210	0.0	0.078122130577	1	0	5	0
7	230	0.0	0.0607852362	1	0	6	0
7	67	0.0	0.063137006468	1	0	6	0
7	44	0.0	0.065018580566	1	0	3	0
7	162	0.0	0.155315228323	1	0	2	0
7	214	0.0	0.060785599989	1	0	8	0
7	294	0.0	0.059315912725	1	0	3	0
7	189	0.0	0.070471136205	1	0	3	0
7	130	0.0	0.067221960124	1	1	9	0
7	209	0.0	0.155315278409	1	0	2	0
7	60	0.0	0.06313713282	1	0	4	0
7	242	0.0	0.054136766906	1	1	6	0
7	184	0.0	0.054136842159	1	1	9	1
7	46	0.0	0.054136418189	1	0	4	0
7	259	0.0	0.05931617686	1	0	3	0
7	0	0.0	0.054136750801	1	1	7	0
7	75	0.0	0.069615224529	1	0	3	0
7	169	0.0	0.062875869232	1	0	5	0
7	260	0.0	0.167228807825	1	1	1	0
7	244	0.0	0.155141973	1	0	3	0
7	76	0.0	0.054136112605	1	0	2	0
7	254	0.0	0.065018575052	1	0	4	0
7	251	0.0	0.05413663167	1	0	3	0
7	85	0.0	0.064980285111	1	0	6	0
7	133	0.0	0.080225345321	1	1	3	0
7	104	0.0	0.054136225403	1	0	2	0
7	82	0.0	0.054136489516	1	0	5	0
7	35	0.0	0.060785081185	1	0	8	0
7	281	0.0	0.063934493528	1	0	3	0
7	220	0.0	0.063136927823	1	0	4	0
7	92	0.0	0.054136636639	1	0	5	0
7	295	0.0	0.065018441978	1	1	2	0
7	211	0.0	0.062876226573	1	0	6	0
7	81	0.0	0.06313687141	1	0	7	0
7	177	0.0	0.054136129632	1	0	2	0
7	7	0.0	0.060785436058	1	0	7	0
7	173	0.0	0.067222382996	1	0	4	0
7	2	0.0	0.06078547485	1	0	8	0
7	84	0.0	0.054136825694	1	0	8	0
7	83	0.0	0.063137272115	1	0	3	0
7	70	0.0	0.054136705836	1	1	6	1
7	250	0.0	0.054136343464	1	0	5	0
7	19	0.0	0.0650185435	1	1	3	0
7	193	0.0	0.05413683572	1	1	4	0
7	145	0.0	0.054136640215	1	0	7	0
7	252	0.0	0.054136782924	1	0	8	0
7	206	0.0	0.063137316152	1	1	5	0
7	8	0.0	0.054136473333	1	0	5	0
7	187	0.0	0.054136572843	1	0	6	0
7	234	0.0	0.063136944522	1	0	4	0
7	283	0.0	0.063136972194	1	0	4	0
7	297	0.0	0.060785535566	1	0	8	0
7	38	0.0	0.059316070418	1	0	4	0
7	299	0.0	0.069615096718	1	0	3	0
7	233	0.0	0.054136759668	1	0	5	0
7	72	0.0	0.060785131211	1	0	8	0
7	170	0.0	0.062875870144	1	0	6	0
7	95	0.0	0.065018568792	1	1	2	0
7	143	0.0	0.05413674753	1	1	6	2
7	207	0.0	0.054136175934	1	0	2	0
7	153	0.0	0.078122029928	1	0	4	0
7	142	0.0	0.065018547016	1	1	3	0
7	185	0.0	0.079193201192	1	0	4	0
7	180	0.0	0.060785445043	1	0	8	0
7	110	0.0	0.054136625198	1	1	6	2
7	240	0.0	0.060785557847	1	0	7	0
7	109	0.0	0.054136774025	1	0	4	0
7	132	0.0	0.054136527899	1	0	9	0
7	191	0.0	0.054136773167	1	2	3	0
7	1	0.0	0.070471148503	1	0	3	0
7	23	0.0	0.054136774395	1	1	5	0
7	161	0.0	0.054136293465	1	0	4	0
7	56	0.0	0.060785566031	1	0	8	0
7	155	0.0	0.067221994371	1	0	11	0
7	168	0.0	0.054136832101	1	1	6	0
7	80	0.0	0.054136459045	1	0	8	0
7	27	0.0	0.071835978621	1	0	2	0
7	289	0.0	0.160217883965	1	0	4	0
7	221	0.0	0.069615382122	1	0	3	0
7	116	0.0	0.059316168191	1	0	3	0
7	31	0.0	0.054136246613	1	0	2	0
7	124	0.0	0.155141899424	1	0	3	0
7	96	0.0	0.060785157153	1	0	9	0
7	290	0.0	0.060785250262	1	0	9	0
7	28	0.0	0.059315841751	1	0	3	0
7	141	0.0	0.059316371013	1	0	5	0
7	102	0.0	0.054136468519	1	1	3	3
7	115	0.0	0.054136122931	1	0	2	0
7	3	0.0	0.054136735871	1	0	6	0
7	59	0.0	0.155314851882	1	0	2	0
7	69	0.0	0.05413644834	1	0	4	0
7	144	0.0	0.054136303182	1	1	3	2
7	6	0.0	0.054136291537	1	0	4	0
7	49	0.0	0.06274584902	1	0	3	0
7	117	0.0	0.05413638538	1	0	5	0
7	129	0.0	0.054136461477	1	0	5	0
7	15	0.0	0.054136592154	1	0	7	0
7	164	0.0	0.060785104461	1	0	7	0
7	159	0.0	0.069615020568	1	0	3	0
7	236	0.0	0.054136188611	1	0	2	0
7	139	0.0	0.060785100617	1	0	6	0
7	52	0.0	0.070471364165	1	0	3	0
7	105	0.0	0.054136602269	1	0	4	0
7	175	0.0	0.060785400809	1	0	9	0
7	151	0.0	0.054136413845	1	1	3	2
7	239	0.0	0.054136607938	1	0	4	0
7	280	0.0	0.054136719749	1	0	6	0
7	58	0.0	0.067222336173	1	0	4	0
7	90	0.0	0.160217922596	1	0	4	0
7	291	0.0	0.054136450699	1	0	5	0
7	208	0.0	0.067222084255	1	0	9	0
7	150	0.0	0.063137199934	1	0	3	0
7	195	0.0	0.05931603744	1	0	6	0
7	41	0.0	0.060785501084	1	0	10	0
7	108	0.0	0.060785252888	1	0	6	0
7	200	0.0	0.062745772501	1	0	4	0
7	247	0.0	0.054136631143	1	0	4	0
7	298	0.0	0.054136484105	1	0	5	0
7	34	0.0	0.060785276745	1	0	7	0
7	97	0.0	0.059316226125	1	0	3	0
7	219	0.0	0.0672222786	1	1	3	0
7	275	0.0	0.054136553791	1	0	5	0
7	286	0.0	0.0541362688	1	0	4	0
7	66	0.0	0.060785121669	1	0	6	0
7	160	0.0	0.062745911064	1	1	2	0
7	217	0.0	0.155315179378	1	0	3	0
7	68	0.0	0.054136823328	1	1	7	0
7	292	0.0	0.054136410511	1	1	2	2
7	20	0.0	0.065018189082	1	0	2	0
7	73	0.0	0.062876158629	1	0	5	0
7	114	0.0	0.054136725339	1	0	8	0
7	54	0.0	0.054136840579	1	0	6	0
7	296	0.0	0.060785248521	1	0	9	0
7	55	0.0	0.063137122399	1	0	6	0
7	305	0.0	0.05931604288	1	0	5	0
7	174	0.0	0.060785619706	1	0	5	0
7	94	0.0	0.054136464765	1	0	5	0
7	264	0.0	0.054136646364	1	0	6	0
7	26	0.0	0.05931618064	1	0	1	0
7	127	0.0	0.067222288881	1	1	3	0
7	303	0.0	0.054136811375	1	0	5	0
7	238	0.0	0.059315983695	1	0	5	0
7	9	0.0	0.067222407318	1	0	4	0
7	47	0.0	0.054136773714	1	1	7	0
7	266	0.0	0.054136223012	1	0	3	0
7	65	0.0	0.054136747921	1	1	6	0
7	265	0.0	0.060785490991	1	0	9	0
7	215	0.0	0.054136568826	1	0	6	0
7	88	0.0	0.054136526167	1	0	6	0
7	123	0.0	0.054136734738	1	0	5	0
7	178	0.0	0.054136441072	1	0	4	0
7	278	0.0	0.054136346587	1	0	6	0
7	279	0.0	0.05413665801	1	0	6	0
7	249	0.0	0.060785464765	1	0	7	0
7	304	0.0	0.067221948644	1	0	9	0
7	4	0.0	0.065018557527	1	0	4	0
7	12	0.0	0.070471342207	1	0	3	0
7	201	0.0	0.054136814358	1	2	5	3
7	14	0.0	0.059316091918	1	0	5	0
7	21	0.0	0.067221952648	1	0	9	0
7	22	0.0	0.070470937675	1	0	4	0
7	25	0.0	0.062745951574	1	0	4	0
7	203	0.0	0.054136623503	1	0	4	0
7	205	0.0	0.054136440091	1	1	3	3
7	301	0.0	0.060785454189	1	0	9	0
7	32	0.0	0.06274575264	1	0	4	0
7	36	0.0	0.063137249499	1	0	3	0
7	198	0.0	0.059316012431	1	0	6	0
7	212	0.0	0.065018520929	1	1	2	0
7	213	0.0	0.054136147253	1	0	2	0
7	39	0.0	0.062876353493	1	0	5	0
7	50	0.0	0.062876250837	1	0	7	0
7	51	0.0	0.065017990947	1	0	3	0
7	53	0.0	0.054136628388	1	0	8	0
7	216	0.0	0.054136730975	1	1	7	3
7	218	0.0	0.059316116938	1	0	5	0
7	57	0.0	0.054136627897	1	1	6	2
7	222	0.0	0.067222387306	1	0	4	0
7	61	0.0	0.063137123136	1	0	6	0
7	62	0.0	0.06078547829	1	0	10	0
7	223	0.0	0.063137127626	1	0	8	0
7	63	0.0	0.080225414361	1	1	3	0
7	225	0.0	0.060785581712	1	0	8	0
7	226	0.0	0.065018600039	1	0	4	0
7	227	0.0	0.079193214249	1	0	5	0
7	71	0.0	0.060785185457	1	0	6	0
7	302	0.0	0.060785580072	1	0	6	0
7	74	0.0	0.062876411864	1	0	5	0
7	77	0.0	0.059316166982	1	0	7	0
7	79	0.0	0.062875867284	1	0	7	0
7	232	0.0	0.063137169633	1	0	10	0
7	89	0.0	0.067222146404	1	0	8	0
7	235	0.0	0.060785573964	1	0	8	0
7	282	0.0	0.067222306419	1	1	3	0
7	91	0.0	0.067221975428	1	0	7	0
7	93	0.0	0.155315200924	1	0	3	0
7	237	0.0	0.062876294369	1	0	7	0
7	98	0.0	0.054136865022	1	1	4	1
7	101	0.0	0.065018204931	1	0	3	0
7	241	0.0	0.155314899231	1	0	3	0
7	106	0.0	0.060785500756	1	0	7	0
7	284	0.0	0.059316141959	1	0	7	0
7	285	0.0	0.054136808215	1	0	6	0
7	243	0.0	0.067222204965	1	0	7	0
7	111	0.0	0.065018112013	1	0	3	0
7	112	0.0	0.060785589681	1	0	8	0
7	245	0.0	0.067222289714	1	0	4	0
7	113	0.0	0.070470941234	1	0	4	0
7	118	0.0	0.054136197522	1	0	2	0
7	119	0.0	0.062876172483	1	0	5	0
7	120	0.0	0.054136560512	1	1	6	2
7	121	0.0	0.063137223485	1	0	3	0
7	287	0.0	0.054136502969	1	0	5	0
7	288	0.0	0.155315034856	1	1	2	0
7	122	0.0	0.054136597594	1	0	4	0
7	256	0.0	0.059316292053	1	0	5	0
7	257	0.0	0.062876168931	1	0	5	0
7	128	0.0	0.070471308253	1	0	3	0
7	131	0.0	0.062876299139	1	0	5	0
7	261	0.0	0.054136289598	1	0	5	0
7	135	0.0	0.054136126419	1	0	2	0
7	136	0.0	0.069615195462	1	0	2	0
7	137	0.0	0.06722196401	1	0	10	0
7	267	0.0	0.060785519652	1	0	9	0
7	140	0.0	0.054136525568	1	0	5	0
7	268	0.0	0.06078554048	1	0	7	0
7	269	0.0	0.059316192387	1	0	3	0
7	146	0.0	0.060785511186	1	0	7	0
7	148	0.0	0.063137194131	1	0	10	0
7	149	0.0	0.054136503441	1	1	4	2
7	154	0.0	0.054136634	1	0	7	0
7	157	0.0	0.063137123918	1	0	6	0
7	158	0.0	0.054136614706	1	1	3	0
7	271	0.0	0.063137211387	1	0	3	0
7	165	0.0	0.054136713134	1	1	7	1
7	166	0.0	0.05413632508	1	1	3	2
7	293	0.0	0.060785313796	1	0	9	0
7	171	0.0	0.06501826972	1	0	3	0
7	176	0.0	0.067221946694	1	0	9	0
7	179	0.0	0.060785128459	1	0	6	0
7	181	0.0	0.060785524191	1	0	9	0
7	274	0.0	0.054136552127	1	2	4	2
7	186	0.0	0.167228718872	1	1	1	0
7	190	0.0	0.054136795313	1	1	8	0
7	192	0.0	0.067222372462	1	0	4	0
7	276	0.0	0.063136809972	1	0	4	0
7	194	0.0	0.063137236198	1	0	3	0
7	277	0.0	0.054136582339	1	0	7	0
7	197	0.0	0.062876404449	1	0	7	0
8	126	NA 	 NA 	0	0	0	0
8	50	NA 	 NA 	0	0	0	0
8	4	NA 	 NA 	0	0	0	0
8	24	NA 	 NA 	0	0	0	0
8	15	NA 	 NA 	0	0	0	0
8	217	NA 	 NA 	0	0	0	0
8	274	NA 	 NA 	0	0	0	0
8	147	NA 	 NA 	0	0	0	0
8	86	NA 	 NA 	0	0	0	0
8	299	NA 	 NA 	0	0	0	0
8	90	NA 	 NA 	0	0	0	0
8	198	NA 	 NA 	0	0	0	0
8	129	NA 	 NA 	0	0	0	0
8	110	0.0	0.054227720863	1	1	7	2
8	213	0.0	0.069138504961	1	0	6	0
8	85	0.0	0.054227787476	1	1	9	4
8	298	0.0	0.075456225789	1	0	4	0
8	79	0.0	0.060260874972	1	0	7	0
8	40	0.0	0.062267004099	1	0	3	0
8	236	0.0	0.054227265249	1	1	6	9
8	117	0.0	0.075456300343	1	0	4	0
8	67	0.0	0.0754563007	1	0	4	0
8	10	0.0	0.075456431922	1	0	5	0
8	1	0.0	0.066285372856	1	1	4	0
8	163	0.0	0.054227292784	1	1	6	3
8	179	0.0	0.069214795885	1	0	4	0
8	134	0.0	0.062267114116	1	0	1	0
8	35	0.0	0.054227340927	1	1	6	12
8	100	0.0	0.077911167766	1	0	4	0
8	76	0.0	0.071293765635	1	1	1	0
8	81	0.0	0.06921542391	1	0	1	0
8	302	NA 	 NA 	0	0	0	0
8	165	0.0	0.05422752065	1	1	7	12
8	272	0.0	0.060260877036	1	1	3	0
8	97	0.0	0.060260836319	1	0	3	0
8	125	0.0	0.05422776702	1	1	4	8
8	252	0.0	0.062267590275	1	1	8	1
8	290	0.0	0.069215017119	1	0	2	0
8	218	0.0	0.060260969248	1	0	5	0
8	263	0.0	0.075456126052	1	0	6	0
8	9	0.0	0.069215273279	1	1	1	0
8	294	0.0	0.060260951827	1	0	6	0
8	162	0.0	0.054227749939	1	1	5	8
8	41	0.0	0.054227471352	1	2	5	9
8	188	0.0	0.060261029406	1	0	5	0
8	124	0.0	0.054227779908	1	2	6	7
8	258	0.0	0.06628568193	1	1	7	0
8	128	0.0	0.062267244997	1	0	3	0
8	56	0.0	0.054227512557	1	1	8	10
8	224	0.0	0.066285199597	1	1	1	1
8	37	0.0	0.069137857539	1	0	5	0
8	182	0.0	0.075456211041	1	0	9	0
8	71	0.0	0.060261038354	1	0	6	2
8	173	0.0	0.076865765735	1	0	5	0
8	279	0.0	0.066285644006	1	1	6	1
8	171	0.0	0.062267301504	1	0	6	0
8	44	0.0	0.069214948287	1	0	1	0
8	249	0.0	0.076865678932	1	0	6	0
8	102	0.0	0.054227361684	1	1	8	6
8	25	0.0	0.069138090266	1	0	10	0
8	265	0.0	0.054227336583	1	1	8	10
8	211	0.0	0.060260647544	1	0	8	0
8	6	0.0	0.069215394286	1	0	2	0
8	180	0.0	0.060261024712	1	0	5	0
8	196	0.0	0.062267521614	1	0	2	0
8	287	0.0	0.062267525194	1	0	3	0
8	83	0.0	0.061943669212	1	0	10	0
8	194	0.0	0.054227839352	1	1	9	1
8	176	0.0	0.054227755742	1	1	7	6
8	260	0.0	0.062267278888	1	0	2	0
8	26	0.0	0.062267238018	1	0	3	0
8	243	0.0	0.069138161617	1	1	2	0
8	8	0.0	0.054227460603	1	1	8	2
8	242	0.0	0.061943432323	1	0	5	0
8	205	0.0	0.061943718342	1	0	6	0
8	18	0.0	0.060260998143	1	0	5	0
8	167	0.0	0.060260595732	1	0	7	0
8	209	0.0	0.069138044552	1	0	5	0
8	283	0.0	0.075456149542	1	0	5	0
8	98	0.0	0.071491314455	1	0	5	0
8	61	0.0	0.054227576454	1	1	7	9
8	131	0.0	0.071491128779	1	0	2	0
8	112	0.0	0.054227288631	1	1	8	1
8	271	0.0	0.069138019658	1	0	5	0
8	278	0.0	0.071491468596	1	0	5	0
8	57	0.0	0.071293381261	1	0	3	0
8	118	0.0	0.054227473988	1	1	9	7
8	78	0.0	0.061943609119	1	0	7	0
8	68	0.0	0.061943793142	1	0	9	0
8	95	0.0	0.069138370677	1	0	7	0
8	183	0.0	0.060261076669	1	0	7	0
8	174	0.0	0.05422763187	1	1	7	7
8	49	0.0	0.054227714787	1	1	8	8
8	259	0.0	0.061943630937	1	0	10	0
8	195	0.0	0.061943275413	1	0	5	0
8	291	0.0	0.054227391023	1	2	5	7
8	137	0.0	0.054227658557	1	1	10	2
8	255	0.0	0.062267601284	1	1	6	1
8	214	0.0	0.054227345174	1	2	4	3
8	77	0.0	0.054227232489	1	1	8	11
8	256	0.0	0.075456319086	1	0	5	0
8	12	0.0	0.061943679338	1	1	6	0
8	30	0.0	0.05422746862	1	1	8	15
8	87	0.0	0.061943636643	1	0	7	0
8	303	0.0	16.2551002859	1	1	0	0
8	103	0.0	0.071491457098	1	0	5	0
8	75	0.0	0.066285381433	1	0	5	0
8	60	0.0	0.054227756228	1	1	9	0
8	141	0.0	0.071491133865	1	0	3	0
8	33	0.0	0.060260641466	1	0	9	0
8	181	0.0	0.054227244676	1	1	8	13
8	273	0.0	0.061943302169	1	0	5	0
8	208	0.0	0.069138255944	1	0	6	0
8	149	0.0	0.075456322574	1	0	8	0
8	153	0.0	0.060260875812	1	0	6	0
8	262	0.0	0.069138187726	1	0	7	0
8	282	0.0	0.054227579244	1	1	4	2
8	264	0.0	0.054227811872	1	0	9	0
8	266	0.0	0.054227329572	1	1	7	3
8	13	0.0	0.054227637209	1	1	4	0
8	119	0.0	0.071491121311	1	0	2	0
8	130	0.0	0.071491231193	1	0	5	0
8	189	0.0	0.054227625111	1	1	7	5
8	121	0.0	0.071293495388	1	0	5	0
8	285	0.0	0.075456211622	1	0	6	0
8	212	0.0	0.075456027867	1	0	6	0
8	241	0.0	0.069214980495	1	0	5	0
8	232	0.0	0.069138413944	1	1	3	0
8	166	0.0	0.069138157937	1	0	6	0
8	54	0.0	0.069215069703	1	0	3	0
8	150	0.0	0.060261026506	1	0	8	0
8	202	0.0	0.060260768027	1	0	6	0
8	22	0.0	0.054227789323	1	1	9	5
8	185	0.0	0.054227752745	1	1	9	2
8	280	0.0	0.060260664749	1	0	8	0
8	42	0.0	0.069214987086	1	0	1	0
8	94	0.0	0.066285531307	1	1	4	0
8	96	0.0	0.071491123742	1	0	4	0
8	192	0.0	0.075455977897	1	0	6	0
8	136	0.0	0.060260387024	1	0	5	0
8	120	0.0	0.054227393369	1	1	8	3
8	38	0.0	0.066285505027	1	1	3	0
8	52	0.0	0.060261029812	1	0	7	0
8	250	0.0	0.07510479819	1	0	2	0
8	203	0.0	0.061943686041	1	1	5	0
8	248	0.0	0.054227078076	1	1	8	16
8	215	0.0	0.075456376481	1	0	5	0
8	106	0.0	0.054227405397	1	1	7	7
8	101	0.0	0.069215243226	1	0	4	0
8	168	0.0	0.060260864466	1	0	5	0
8	28	0.0	0.060260709351	1	0	4	0
8	275	0.0	0.054227617317	1	1	7	11
8	267	0.0	0.054227794949	1	2	3	8
8	59	0.0	0.054227672875	1	1	8	8
8	210	0.0	0.071491066262	1	0	2	0
8	92	0.0	0.075456072919	1	0	8	0
8	193	0.0	0.060260927592	1	0	4	0
8	156	0.0	0.071491012685	1	0	2	0
8	23	0.0	0.054227701007	1	0	5	0
8	142	0.0	0.054227432138	1	1	7	4
8	31	0.0	0.060260558271	1	0	9	0
8	63	0.0	0.054227480596	1	1	8	5
8	47	0.0	0.060260647394	1	0	7	0
8	53	0.0	0.054227417287	1	1	9	7
8	237	0.0	0.054227761723	1	1	8	4
8	253	0.0	0.060260984201	1	0	9	0
8	11	0.0	0.060260975156	1	0	4	0
8	115	0.0	0.061943426054	1	0	5	0
8	72	0.0	0.054227432776	1	1	7	7
8	114	0.0	0.069138327516	1	1	3	0
8	155	0.0	0.069138099327	1	0	8	1
8	225	0.0	0.054227433101	1	1	6	7
8	3	0.0	0.060260560746	1	0	6	0
8	14	0.0	0.07149145781	1	0	5	0
8	238	0.0	0.054227741704	1	0	6	0
8	34	0.0	0.060260530986	1	0	4	0
8	268	0.0	0.05422709782	1	1	5	0
8	91	0.0	0.060260514859	1	0	7	2
8	286	0.0	0.060260908728	1	0	9	0
8	276	0.0	0.054227294272	1	1	6	11
8	223	0.0	0.069138013487	1	1	3	0
8	64	0.0	0.054227409525	1	2	6	7
8	17	0.0	0.077911163273	1	0	6	4
8	201	0.0	0.066285597448	1	0	9	1
8	207	0.0	0.061943393608	1	0	5	0
8	113	0.0	0.054227757173	1	1	9	1
8	190	0.0	0.060260548142	1	0	4	0
8	140	0.0	0.054227680894	1	0	5	0
8	21	0.0	0.069138119456	1	0	5	0
8	65	0.0	0.06194370842	1	0	7	0
8	169	0.0	0.069215280693	1	0	4	0
8	104	0.0	0.06026081347	1	0	8	0
8	292	0.0	0.062267378227	1	0	5	0
8	159	0.0	0.06026061477	1	0	5	0
8	151	0.0	0.069138273616	1	0	8	0
8	240	0.0	0.07149127351	1	0	3	0
8	227	0.0	0.060260479698	1	0	4	0
8	261	0.0	0.061943695629	1	0	6	0
8	221	0.0	0.069138086259	1	0	6	0
8	164	0.0	0.061943409431	1	0	5	0
8	16	0.0	0.054227864326	1	1	10	1
8	288	0.0	0.05422748961	1	1	7	13
8	146	0.0	0.05422734657	1	1	8	10
8	36	0.0	0.05422783244	1	1	9	11
8	99	0.0	0.060260969836	1	0	7	0
8	123	0.0	0.069214992974	1	0	1	0
8	254	0.0	0.061943676881	1	0	6	0
8	197	0.0	0.061943642426	1	1	6	0
8	251	0.0	0.069138106309	1	0	4	0
8	226	0.0	0.060260967884	1	0	9	0
8	39	0.0	0.060260657319	1	0	3	0
8	186	0.0	0.075456421179	1	0	6	0
8	296	0.0	0.060260720046	1	0	8	0
8	234	0.0	0.062267388743	1	0	4	0
8	230	0.0	0.071491471059	1	0	5	0
8	187	0.0	0.061943641389	1	0	10	0
8	297	0.0	0.069138012567	1	1	3	0
8	222	0.0	0.066285626952	1	1	7	1
8	160	0.0	0.054227634	1	1	7	5
8	204	0.0	0.0602607545	1	0	10	0
8	62	0.0	0.062267600182	1	1	5	0
8	154	0.0	0.060260567606	1	0	8	0
8	228	0.0	0.054227599296	1	1	4	3
8	0	0.0	0.061943531211	1	0	10	0
8	2	0.0	0.060260964111	1	0	7	0
8	5	0.0	0.054227804656	1	0	6	0
8	7	0.0	0.071491504722	1	0	5	0
8	19	0.0	0.054227718396	1	1	5	5
8	20	0.0	0.054227455963	1	1	8	7
8	216	0.0	0.062267300047	1	0	7	0
8	219	0.0	0.075456146712	1	0	8	0
8	301	0.0	0.071491155146	1	0	4	0
8	281	0.0	0.061943440965	1	0	9	0
8	220	0.0	0.060260976193	1	0	7	0
8	27	0.0	0.061943308323	1	0	6	0
8	29	0.0	0.054227431196	1	1	7	8
8	32	0.0	0.061943752902	1	0	10	0
8	43	0.0	0.071490996533	1	0	4	0
8	45	0.0	0.06026056384	1	0	8	0
8	46	0.0	0.062267148193	1	0	5	0
8	48	0.0	0.054227581938	1	1	5	3
8	51	0.0	0.069138101666	1	0	7	0
8	55	0.0	0.075456507106	1	0	8	0
8	58	0.0	0.054227169197	1	1	7	8
8	66	0.0	0.054227792552	1	0	8	0
8	229	0.0	0.066285581708	1	0	5	0
8	69	0.0	0.054227639337	1	1	7	9
8	284	0.0	0.075456026541	1	0	7	0
8	231	0.0	0.05422712642	1	1	8	7
8	70	0.0	0.066285496114	1	0	5	0
8	233	0.0	0.062267186599	1	0	5	0
8	73	0.0	0.06194369143	1	0	9	0
8	235	0.0	0.061943725085	1	0	5	0
8	74	0.0	0.066285238229	1	1	0	0
8	80	0.0	0.066285651987	1	1	7	0
8	82	0.0	0.060260968396	1	0	5	0
8	84	0.0	0.054227627049	1	1	5	5
8	88	0.0	0.054227588952	1	2	5	8
8	89	0.0	0.061943251314	1	0	6	0
8	239	0.0	0.075104854836	1	0	2	0
8	93	0.0	0.054227418615	1	1	7	7
8	244	0.0	0.061943694422	1	0	8	0
8	105	0.0	0.054227413311	1	1	9	7
8	107	0.0	0.054227871766	1	0	6	0
8	245	0.0	0.060260887531	1	0	7	0
8	246	0.0	0.060260875734	1	0	5	0
8	247	0.0	0.06194366641	1	0	10	0
8	108	0.0	0.060260919616	1	0	7	0
8	289	0.0	0.071491359342	1	0	3	0
8	109	0.0	0.054227098279	1	1	7	6
8	111	0.0	0.061943654404	1	1	6	0
8	116	0.0	0.060260894786	1	0	8	0
8	122	0.0	0.054227111442	1	0	7	0
8	257	0.0	0.069138069646	1	0	6	0
8	127	0.0	0.075456454358	1	0	5	0
8	300	0.0	0.075456412823	1	0	5	0
8	293	0.0	0.060260910566	1	0	6	0
8	132	0.0	0.06226721382	1	0	6	0
8	133	0.0	0.071293776968	1	0	4	0
8	135	0.0	0.05422714163	1	1	7	11
8	138	0.0	0.0619435841	1	0	6	0
8	139	0.0	0.069138471012	1	0	4	0
8	143	0.0	0.06026058886	1	0	9	0
8	144	0.0	0.054227147158	1	1	7	3
8	145	0.0	0.054227246608	1	1	7	10
8	148	0.0	0.061943682701	1	0	6	0
8	152	0.0	0.054227540415	1	1	8	7
8	269	0.0	0.066285341432	1	1	1	0
8	157	0.0	0.075456489241	1	0	5	0
8	158	0.0	0.069138112839	1	0	7	0
8	161	0.0	0.060261076785	1	0	6	0
8	270	0.0	0.054227711791	1	0	5	0
8	170	0.0	0.069137886247	1	0	5	0
8	172	0.0	0.060260948334	1	0	6	0
8	175	0.0	0.054227829146	1	1	5	8
8	177	0.0	0.075456111725	1	0	9	0
8	178	0.0	0.061943801582	1	0	11	0
8	184	0.0	0.06921542602	1	0	2	0
8	191	0.0	0.076865844939	1	0	4	0
8	295	0.0	0.05422776109	1	1	5	5
8	199	0.0	0.07149146832	1	0	5	0
8	200	0.0	0.062267628137	1	1	6	0
8	277	0.0	0.069215344992	1	0	2	0
8	206	0.0	0.075456173894	1	0	7	0
9	49	NA 	 NA 	0	0	0	0
9	160	NA 	 NA 	0	0	0	0
9	46	NA 	 NA 	0	0	0	0
9	4	NA 	 NA 	0	0	0	0
9	50	NA 	 NA 	0	0	0	0
9	64	NA 	 NA 	0	0	0	0
9	15	NA 	 NA 	0	0	0	0
9	217	NA 	 NA 	0	0	0	0
9	274	NA 	 NA 	0	0	0	0
9	147	NA 	 NA 	0	0	0	0
9	86	NA 	 NA 	0	0	0	0
9	90	NA 	 NA 	0	0	0	0
9	129	NA 	 NA 	0	0	0	0
9	198	0.0	0.060798079716	1	0	3	0
9	126	0.0	0.060798111771	1	0	3	0
9	85	0.0	0.054214781955	1	0	12	0
9	40	0.0	0.054214869912	1	0	4	0
9	272	0.0	0.058601458035	1	1	8	1
9	213	0.0	0.075166333616	1	0	1	0
9	67	0.0	0.081931651375	1	0	4	0
9	236	0.0	0.054214296805	1	0	7	0
9	163	0.0	0.054214245035	1	0	9	0
9	10	0.0	0.074191175559	1	0	5	0
9	117	0.0	0.081931615078	1	0	4	0
9	134	0.0	0.060798108221	1	0	3	0
9	179	0.0	0.06079856915	1	1	3	0
9	1	0.0	0.06569043997	1	0	7	0
9	81	0.0	0.068355132198	1	1	1	0
9	294	0.0	0.058601407745	1	0	9	0
9	97	0.0	0.058601427055	1	0	8	0
9	35	0.0	0.05421430539	1	0	4	0
9	100	0.0	0.063391204857	1	0	6	0
9	263	0.0	0.07419119452	1	0	5	0
9	125	0.0	0.054214763533	1	2	9	1
9	290	0.0	0.063749519427	1	0	4	0
9	76	0.0	0.063749254537	1	0	4	0
9	9	0.0	0.068355047701	1	1	1	0
9	258	0.0	0.068210509797	1	0	7	0
9	41	0.0	0.05421444821	1	0	4	0
9	124	0.0	0.054214783358	1	0	4	0
9	252	0.0	0.054214871097	1	0	4	0
9	79	0.0	0.058601294106	1	0	9	0
9	128	0.0	0.060798116307	1	0	5	0
9	37	0.0	0.066198629884	1	0	3	0
9	71	0.0	0.058601520626	1	0	9	0
9	110	0.0	0.054214714816	1	1	4	0
9	180	0.0	0.065690218184	1	0	8	0
9	173	0.0	0.074191086829	1	0	5	0
9	56	0.0	0.054214524943	1	0	3	0
9	224	0.0	0.063390771902	1	0	3	0
9	44	0.0	0.063749608709	1	0	4	0
9	279	0.0	0.063391181075	1	0	6	0
9	171	0.0	0.060798379728	1	1	5	0
9	162	0.0	0.054214799937	1	1	10	1
9	188	0.0	0.062676086421	1	0	7	0
9	182	0.0	0.074190913163	1	0	5	0
9	249	0.0	0.074191024125	1	0	5	0
9	211	0.0	0.058601342097	1	0	11	0
9	83	0.0	0.064685329599	1	0	6	0
9	6	0.0	0.063749290332	1	0	4	0
9	78	0.0	0.067230931586	1	0	2	0
9	265	0.0	0.054214304149	1	0	6	0
9	18	0.0	0.058601608726	1	0	11	0
9	288	0.0	0.060798444756	1	0	3	0
9	196	0.0	0.060798444316	1	0	3	0
9	98	0.0	0.062675936021	1	0	5	0
9	194	0.0	0.054214844945	1	0	4	0
9	260	0.0	0.060798319352	1	0	3	0
9	243	0.0	0.075165972865	1	0	1	0
9	26	0.0	0.060798292242	1	0	3	0
9	8	0.0	0.05421442526	1	0	3	0
9	25	0.0	0.064685293783	1	0	5	0
9	259	0.0	0.062676296175	1	0	7	0
9	102	0.0	0.054214361673	1	0	6	0
9	75	0.0	0.06569044251	1	0	6	0
9	242	0.0	0.066198245593	1	0	7	0
9	271	0.0	0.066198732373	1	1	1	0
9	137	0.0	0.054214723747	1	0	11	0
9	209	0.0	0.066198682138	1	0	4	0
9	283	0.0	0.08193157469	1	0	4	0
9	52	0.0	0.058601521232	1	0	8	0
9	218	0.0	0.062675986788	1	0	7	0
9	131	0.0	0.062676252176	1	0	2	0
9	57	0.0	0.054214828747	1	1	3	0
9	165	0.0	0.054214435196	1	0	5	0
9	183	0.0	0.058601540687	1	0	8	0
9	112	0.0	0.054214288619	1	0	6	0
9	30	0.0	0.054214464256	1	0	5	0
9	77	0.0	0.054214232655	1	0	9	0
9	118	0.0	0.05421447132	1	0	3	0
9	61	0.0	0.05421463087	1	0	4	0
9	174	0.0	0.054214634838	1	0	4	0
9	195	0.0	0.062676270182	1	0	7	0
9	12	0.0	0.062676044113	1	0	6	0
9	291	0.0	0.054214624952	1	1	3	0
9	299	0.0	0.054214640809	1	1	4	0
9	214	0.0	0.054214311349	1	0	4	0
9	255	0.0	0.060798397247	1	0	4	0
9	205	0.0	0.062676067444	1	0	7	0
9	256	0.0	0.074191276843	1	0	5	0
9	68	0.0	0.064685324869	1	0	5	0
9	286	0.0	0.074191234373	1	1	4	0
9	141	0.0	0.082173242748	1	1	0	0
9	33	0.0	0.058601308798	1	0	11	0
9	193	0.0	0.058601428795	1	0	7	0
9	176	0.0	0.054214739699	1	1	3	0
9	203	0.0	0.066198455851	1	0	3	0
9	262	0.0	0.067230921221	1	0	2	0
9	87	0.0	0.066198422613	1	0	5	0
9	303	0.0	0.054214196749	1	0	7	0
9	181	0.0	0.05421425375	1	0	7	0
9	273	0.0	0.062676360385	1	0	8	0
9	119	0.0	0.062676266216	1	0	2	0
9	278	0.0	0.062676023498	1	0	6	0
9	130	0.0	0.062675903878	1	0	7	0
9	149	0.0	0.074190914886	1	0	5	0
9	248	0.0	0.054214116802	1	0	8	0
9	189	0.0	0.054214633947	1	1	3	1
9	264	0.0	0.054214803641	1	0	3	0
9	282	0.0	0.054214587011	1	1	4	0
9	103	0.0	0.062676019644	1	0	6	0
9	65	0.0	0.066198306742	1	0	6	0
9	45	0.0	0.054214597605	1	1	10	1
9	60	0.0	0.054214756342	1	0	11	0
9	121	0.0	0.075166326909	1	1	0	0
9	150	0.0	0.058601477143	1	0	9	0
9	300	0.0	0.066198399033	1	0	2	0
9	212	0.0	0.081931552436	1	0	4	0
9	42	0.0	0.068354676603	1	0	2	0
9	202	0.0	0.058601286722	1	0	10	0
9	166	0.0	0.066198710916	1	0	2	0
9	153	0.0	0.058601572859	1	0	9	0
9	232	0.0	0.075166645435	1	0	2	0
9	185	0.0	0.054214755385	1	0	5	0
9	92	0.0	0.074191213805	1	1	4	0
9	298	0.0	0.081931637927	1	0	4	0
9	101	0.0	0.063749594965	1	0	2	0
9	95	0.0	0.063749036704	1	0	3	0
9	136	0.0	0.058600981723	1	0	10	0
9	207	0.0	0.06619819747	1	0	8	0
9	38	0.0	0.065690323988	1	0	8	0
9	208	0.0	0.066198736521	1	0	2	0
9	192	0.0	0.081931542004	1	0	4	0
9	215	0.0	0.074191286314	1	0	5	0
9	54	0.0	0.068354776986	1	0	2	0
9	241	0.0	0.063749479681	1	0	4	0
9	253	0.0	0.058601585386	1	0	6	0
9	120	0.0	0.054214374348	1	0	6	0
9	250	0.0	0.065690512574	1	0	2	0
9	210	0.0	0.062676300957	1	0	3	0
9	201	0.0	0.058601475285	1	0	8	0
9	267	0.0	0.054214803689	1	2	8	1
9	275	0.0	0.054214602927	1	0	5	0
9	28	0.0	0.058601156659	1	0	12	0
9	96	0.0	0.062675874682	1	0	7	0
9	167	0.0	0.058601224387	1	1	7	0
9	59	0.0	0.054214677833	1	0	4	0
9	168	0.0	0.058601431765	1	0	8	0
9	106	0.0	0.054214400511	1	0	10	0
9	63	0.0	0.054214484346	1	0	4	0
9	31	0.0	0.058601247709	1	0	9	0
9	11	0.0	0.062675925435	1	0	7	0
9	94	0.0	0.065690431795	1	0	6	0
9	104	0.0	0.058601456498	1	0	10	0
9	142	0.0	0.054214432326	1	0	3	0
9	72	0.0	0.054214433527	1	0	9	0
9	284	0.0	0.058601325945	1	0	11	0
9	237	0.0	0.054214749115	1	0	4	0
9	53	0.0	0.054214415401	1	0	3	0
9	47	0.0	0.058601305639	1	0	11	0
9	3	0.0	0.058600996672	1	0	11	0
9	225	0.0	0.054214454175	1	0	10	0
9	261	0.0	0.066198469285	1	0	3	3
9	238	0.0	0.054214718374	1	1	9	0
9	115	0.0	0.066198242013	1	0	7	0
9	36	0.0	0.054214831543	1	0	10	0
9	155	0.0	0.064685355207	1	0	5	0
9	297	0.0	0.06723079168	1	0	3	0
9	251	0.0	0.066198695573	1	0	2	0
9	123	0.0	0.06079850816	1	0	5	0
9	223	0.0	0.067230847264	1	0	2	0
9	17	0.0	0.081931621815	1	0	4	0
9	114	0.0	0.075166135074	1	0	1	0
9	34	0.0	0.058601110248	1	1	9	0
9	14	0.0	0.062676002274	1	0	6	0
9	156	0.0	0.06267628744	1	0	3	0
9	190	0.0	0.058601358846	1	0	11	0
9	21	0.0	0.067230879166	1	0	3	0
9	276	0.0	0.05421429517	1	0	5	0
9	151	0.0	0.064685540238	1	0	4	0
9	220	0.0	0.058601234941	1	0	9	0
9	13	0.0	0.054214733768	1	1	9	0
9	287	0.0	0.058601323654	1	0	9	0
9	204	0.0	0.058601441201	1	0	10	0
9	91	0.0	0.058601199083	1	0	8	0
9	186	0.0	0.07419122297	1	0	5	0
9	221	0.0	0.064685400273	1	0	5	0
9	164	0.0	0.066198219618	1	0	7	0
9	292	0.0	0.060798461457	1	0	8	0
9	268	0.0	0.054214096203	1	0	8	0
9	289	0.0	0.054214490857	1	0	7	0
9	113	0.0	0.054214831088	1	0	3	0
9	145	0.0	0.054214336645	1	0	7	0
9	228	0.0	0.054214605349	1	0	8	0
9	222	0.0	0.058601629429	1	0	8	0
9	296	0.0	0.058601376876	1	0	11	0
9	240	0.0	0.062676247098	1	0	1	0
9	254	0.0	0.066198442594	1	0	3	0
9	109	0.0	0.054214098383	1	0	7	0
9	159	0.0	0.058601111375	1	0	9	0
9	234	0.0	0.0607982388	1	0	5	0
9	2	0.0	0.054214868167	1	1	9	1
9	99	0.0	0.058601608036	1	0	8	0
9	169	0.0	0.06374900216	1	0	4	0
9	197	0.0	0.062676200307	1	0	8	0
9	187	0.0	0.062676341085	1	0	8	0
9	227	0.0	0.058601069786	1	0	10	0
9	62	0.0	0.060798393673	1	0	4	0
9	0	0.0	0.066198358438	1	0	5	0
9	5	0.0	0.054214811392	1	1	8	0
9	7	0.0	0.062676053977	1	0	5	0
9	16	0.0	0.054214866034	1	0	11	0
9	19	0.0	0.054214708739	1	1	7	1
9	20	0.0	0.054214451714	1	0	3	0
9	216	0.0	0.060798379537	1	0	8	0
9	22	0.0	0.054214787909	1	0	4	0
9	23	0.0	0.054214701007	1	1	10	1
9	219	0.0	0.074191215639	1	1	4	0
9	24	0.0	0.065690423708	1	0	2	0
9	281	0.0	0.066198267198	1	0	7	0
9	27	0.0	0.06267625892	1	0	7	0
9	29	0.0	0.05421450297	1	0	3	0
9	32	0.0	0.064685305549	1	0	5	0
9	39	0.0	0.058601235568	1	1	8	0
9	43	0.0	0.062675935963	1	0	6	0
9	301	0.0	0.05421478983	1	0	5	0
9	48	0.0	0.054214609675	1	0	7	0
9	51	0.0	0.064685451821	1	0	4	0
9	55	0.0	0.074190971692	1	0	5	0
9	58	0.0	0.054214170668	1	0	7	0
9	66	0.0	0.054214782781	1	0	3	0
9	226	0.0	0.058601375007	1	0	9	0
9	229	0.0	0.065690752193	1	1	0	0
9	69	0.0	0.054214639744	1	0	4	0
9	285	0.0	0.074191221703	1	0	5	0
9	230	0.0	0.062676071881	1	0	5	0
9	231	0.0	0.054214126439	1	0	7	0
9	70	0.0	0.063391059031	1	0	7	0
9	233	0.0	0.060798082104	1	0	4	0
9	73	0.0	0.062676364976	1	0	7	0
9	235	0.0	0.062675984978	1	0	6	0
9	74	0.0	0.068210372439	1	0	2	0
9	80	0.0	0.068210485617	1	0	7	0
9	82	0.0	0.058601574598	1	0	11	0
9	84	0.0	0.054214590703	1	0	8	0
9	88	0.0	0.054214479834	1	0	8	0
9	89	0.0	0.054214856273	1	0	8	0
9	239	0.0	0.062676110695	1	0	4	0
9	93	0.0	0.054214423328	1	0	10	0
9	244	0.0	0.064685282407	1	0	5	0
9	105	0.0	0.05421440615	1	0	7	0
9	107	0.0	0.058601504178	1	0	7	0
9	245	0.0	0.058601579595	1	1	9	0
9	246	0.0	0.058601327339	1	0	8	0
9	247	0.0	0.062676352718	1	0	7	0
9	108	0.0	0.065690428746	1	0	6	0
9	280	0.0	0.062676248702	1	0	1	3
9	111	0.0	0.062676179517	1	0	8	0
9	116	0.0	0.058601589526	1	1	10	0
9	122	0.0	0.054214111442	1	0	8	0
9	257	0.0	0.066198702079	1	0	4	0
9	127	0.0	0.07419134056	1	0	5	0
9	302	0.0	0.074191316847	1	0	5	0
9	293	0.0	0.058601599835	1	0	7	0
9	132	0.0	0.060798132749	1	0	4	0
9	133	0.0	0.06374928692	1	0	4	0
9	135	0.0	0.054214142277	1	0	8	0
9	138	0.0	0.062676336537	1	0	8	0
9	139	0.0	0.067230948297	1	1	1	0
9	266	0.0	0.054214274381	1	0	5	0
9	140	0.0	0.054214680888	1	1	9	0
9	143	0.0	0.058601256618	1	0	9	0
9	144	0.0	0.054214147061	1	0	8	0
9	146	0.0	0.054214346562	1	0	6	0
9	148	0.0	0.062676044888	1	0	6	0
9	152	0.0	0.05421449405	1	0	4	0
9	269	0.0	0.063390895496	1	0	6	0
9	154	0.0	0.058601247498	1	1	8	0
9	157	0.0	0.074191363015	1	0	5	0
9	158	0.0	0.064685488087	1	0	4	0
9	161	0.0	0.062676274679	1	0	7	0
9	270	0.0	0.054214715211	1	1	10	1
9	170	0.0	0.06619864603	1	0	4	0
9	172	0.0	0.058601577028	1	0	8	0
9	175	0.0	0.054214850004	1	0	6	0
9	177	0.0	0.074191212979	1	1	4	0
9	178	0.0	0.064685318045	1	0	5	0
9	184	0.0	0.063749289384	1	0	4	0
9	191	0.0	0.074191134806	1	0	5	0
9	295	0.0	0.054214791215	1	1	10	0
9	199	0.0	0.062676050586	1	0	6	0
9	200	0.0	0.074190879907	1	0	5	0
9	277	0.0	0.063749354819	1	0	3	0
9	206	0.0	0.074191221388	1	1	4	0
